MULTICUT
1 2 -5.0
3 4 -5.0
4 5 -5.0
5 6 -5.0
6 7 -5.0
7 8 -5.0
8 9 -5.0
9 10 -5.0
10 11 -5.0
11 12 -5.0
12 13 -5.0
14 15 -5.0
15 16 -5.0
16 17 -5.0
17 18 -5.0
18 19 -5.0
19 20 -5.0
20 21 -5.0
21 22 -5.0
22 23 -5.0
23 24 -5.0
24 25 -5.0
25 26 -5.0
26 27 -5.0
27 28 -5.0
28 29 -5.0
29 30 -5.0
30 31 -5.0
31 32 -5.0
32 33 -5.0
33 34 -5.0
34 35 -5.0
35 36 -5.0
36 37 -5.0
38 39 -5.0
39 40 -5.0
40 41 -5.0
41 42 -5.0
42 43 -5.0
43 44 -5.0
44 45 -5.0
45 46 -5.0
46 47 -5.0
47 48 -5.0
48 49 -5.0
49 50 -5.0
50 51 -5.0
51 52 -5.0
52 53 -5.0
53 54 -5.0
54 55 -5.0
55 56 -5.0
56 57 -5.0
57 58 -5.0
58 59 -5.0
59 60 -5.0
60 61 -5.0
61 62 -5.0
62 63 -5.0
63 64 -5.0
64 65 -5.0
65 66 -5.0
66 67 -5.0
1 68 -13.0
2 69 -13.0
3 73 -13.0
4 74 -13.0
5 75 -13.0
6 76 -13.0
7 77 -13.0
8 78 -13.0
9 79 -13.0
10 80 -13.0
11 81 -13.0
12 82 -13.0
13 83 -13.0
14 85 -13.0
16 86 -13.0
17 87 -13.0
19 89 -13.0
21 90 -13.0
22 91 -13.0
23 92 -13.0
24 93 -13.0
25 94 -13.0
27 95 -13.0
28 96 -13.0
29 97 -13.0
30 98 -13.0
31 99 -13.0
32 100 -13.0
34 102 -13.0
35 103 -13.0
36 104 -13.0
37 105 -13.0
38 106 -13.0
39 107 -13.0
40 108 -13.0
41 109 -13.0
42 110 -13.0
43 111 -13.0
44 112 -13.0
45 113 -13.0
47 115 -13.0
48 116 -13.0
49 117 -13.0
50 118 -13.0
51 119 -13.0
52 120 -13.0
53 121 -13.0
54 122 -13.0
55 123 -13.0
56 124 -13.0
57 125 -13.0
59 127 -13.0
60 128 -13.0
61 129 -13.0
62 130 -13.0
63 131 -13.0
64 132 -13.0
65 133 -13.0
66 134 -13.0
67 135 -13.0
68 69 -5.0
69 70 -5.0
70 71 -5.0
71 72 -5.0
72 73 -5.0
73 74 -5.0
74 75 -5.0
75 76 -5.0
76 77 -5.0
77 78 -5.0
78 79 -5.0
79 80 -5.0
80 81 -5.0
81 82 -5.0
82 83 -5.0
83 84 -5.0
84 85 -5.0
86 87 -5.0
87 88 -5.0
88 89 -5.0
90 91 -5.0
91 92 -5.0
92 93 -5.0
93 94 -5.0
95 96 -5.0
96 97 -5.0
97 98 -5.0
98 99 -5.0
99 100 -5.0
100 101 -5.0
101 102 -5.0
102 103 -5.0
103 104 -5.0
104 105 -5.0
106 107 -5.0
107 108 -5.0
108 109 -5.0
109 110 -5.0
110 111 -5.0
111 112 -5.0
112 113 -5.0
113 114 -5.0
114 115 -5.0
115 116 -5.0
116 117 -5.0
117 118 -5.0
118 119 -5.0
119 120 -5.0
120 121 -5.0
121 122 -5.0
122 123 -5.0
123 124 -5.0
124 125 -5.0
125 126 -5.0
126 127 -5.0
127 128 -5.0
128 129 -5.0
129 130 -5.0
130 131 -5.0
131 132 -5.0
132 133 -5.0
133 134 -5.0
134 135 -5.0
68 136 -13.0
69 137 -13.0
70 138 -13.0
71 139 -13.0
72 140 -13.0
73 141 -13.0
74 142 -13.0
76 143 -13.0
77 144 -13.0
78 145 -13.0
79 146 -13.0
81 147 -13.0
82 148 -13.0
83 149 -13.0
84 150 -13.0
85 151 -13.0
86 152 -13.0
87 153 -13.0
88 154 -13.0
89 155 -13.0
90 156 -13.0
91 157 -13.0
92 158 -13.0
93 159 -13.0
94 160 -13.0
95 161 -13.0
96 162 -13.0
97 163 -13.0
98 164 -13.0
99 165 -13.0
100 166 -13.0
101 167 -13.0
102 168 -13.0
103 169 -13.0
104 170 -13.0
105 171 -13.0
106 173 -13.0
107 174 -13.0
108 175 -13.0
110 177 -13.0
111 178 -13.0
112 179 -13.0
113 180 -13.0
114 181 -13.0
115 182 -13.0
116 183 -13.0
117 184 -13.0
118 185 -13.0
119 186 -13.0
120 187 -13.0
121 188 -13.0
122 189 -13.0
123 190 -13.0
124 191 -13.0
125 192 -13.0
126 193 -13.0
127 194 -13.0
128 195 -13.0
129 196 -13.0
130 197 -13.0
131 198 -13.0
132 199 -13.0
133 200 -13.0
134 201 -13.0
135 202 -13.0
136 137 -5.0
137 138 -5.0
138 139 -5.0
139 140 -5.0
140 141 -5.0
141 142 -5.0
143 144 -5.0
144 145 -5.0
145 146 -5.0
147 148 -5.0
148 149 -5.0
149 150 -5.0
150 151 -5.0
152 153 -5.0
153 154 -5.0
154 155 -5.0
156 157 -5.0
157 158 -5.0
158 159 -5.0
159 160 -5.0
161 162 -5.0
162 163 -5.0
163 164 -5.0
164 165 -5.0
165 166 -5.0
166 167 -5.0
167 168 -5.0
168 169 -5.0
169 170 -5.0
170 171 -5.0
171 172 -5.0
172 173 -5.0
173 174 -5.0
174 175 -5.0
175 176 -5.0
176 177 -5.0
177 178 -5.0
178 179 -5.0
179 180 -5.0
180 181 -5.0
181 182 -5.0
182 183 -5.0
183 184 -5.0
184 185 -5.0
185 186 -5.0
186 187 -5.0
187 188 -5.0
188 189 -5.0
189 190 -5.0
190 191 -5.0
191 192 -5.0
192 193 -5.0
193 194 -5.0
194 195 -5.0
195 196 -5.0
196 197 -5.0
197 198 -5.0
198 199 -5.0
199 200 -5.0
200 201 -5.0
201 202 -5.0
136 203 -13.0
138 204 -13.0
140 205 -13.0
141 206 -13.0
142 207 -13.0
143 208 -13.0
144 209 -13.0
145 210 -13.0
146 211 -13.0
147 212 -13.0
148 213 -13.0
149 214 -13.0
150 215 -13.0
151 216 -13.0
152 218 -13.0
153 219 -13.0
155 221 -13.0
156 223 -13.0
159 226 -13.0
160 227 -13.0
161 229 -13.0
162 230 -13.0
163 231 -13.0
165 233 -13.0
166 234 -13.0
167 235 -13.0
168 236 -13.0
169 237 -13.0
170 238 -13.0
171 239 -13.0
172 240 -13.0
173 241 -13.0
174 242 -13.0
175 243 -13.0
176 244 -13.0
177 245 -13.0
179 247 -13.0
180 248 -13.0
181 249 -13.0
182 250 -13.0
183 251 -13.0
184 252 -13.0
185 253 -13.0
186 254 -13.0
187 255 -13.0
188 256 -13.0
189 257 -13.0
190 258 -13.0
191 259 -13.0
192 260 -13.0
193 261 -13.0
194 262 -13.0
195 263 -13.0
196 264 -13.0
197 265 -13.0
198 266 -13.0
199 267 -13.0
200 268 -13.0
201 269 -13.0
202 270 -13.0
205 206 -5.0
206 207 -5.0
208 209 -5.0
209 210 -5.0
210 211 -5.0
212 213 -5.0
213 214 -5.0
214 215 -5.0
215 216 -5.0
216 217 -5.0
217 218 -5.0
218 219 -5.0
219 220 -5.0
220 221 -5.0
221 222 -5.0
222 223 -5.0
223 224 -5.0
224 225 -5.0
225 226 -5.0
226 227 -5.0
227 228 -5.0
228 229 -5.0
229 230 -5.0
230 231 -5.0
231 232 -5.0
232 233 -5.0
233 234 -5.0
234 235 -5.0
235 236 -5.0
236 237 -5.0
237 238 -5.0
238 239 -5.0
239 240 -5.0
240 241 -5.0
241 242 -5.0
242 243 -5.0
243 244 -5.0
244 245 -5.0
245 246 -5.0
246 247 -5.0
247 248 -5.0
248 249 -5.0
249 250 -5.0
250 251 -5.0
251 252 -5.0
252 253 -5.0
253 254 -5.0
254 255 -5.0
255 256 -5.0
256 257 -5.0
257 258 -5.0
258 259 -5.0
259 260 -5.0
260 261 -5.0
261 262 -5.0
262 263 -5.0
263 264 -5.0
264 265 -5.0
265 266 -5.0
266 267 -5.0
267 268 -5.0
268 269 -5.0
269 270 -5.0
203 271 -13.0
204 273 -13.0
205 275 -13.0
206 276 -13.0
207 277 -13.0
208 279 -13.0
209 280 -13.0
210 281 -13.0
211 282 -13.0
212 284 -13.0
214 286 -13.0
216 287 -13.0
217 288 -13.0
218 289 -13.0
219 290 -13.0
220 291 -13.0
221 292 -13.0
222 293 -13.0
223 294 -13.0
224 295 -13.0
225 296 -13.0
226 297 -13.0
227 298 -13.0
228 299 -13.0
229 300 -13.0
230 301 -13.0
231 302 -13.0
232 303 -13.0
233 304 -13.0
234 305 -13.0
235 306 -13.0
236 307 -13.0
237 308 -13.0
238 309 -13.0
239 310 -13.0
240 311 -13.0
241 312 -13.0
242 313 -13.0
243 314 -13.0
245 315 -13.0
246 316 -13.0
247 317 -13.0
248 318 -13.0
249 319 -13.0
250 320 -13.0
251 321 -13.0
252 322 -13.0
253 323 -13.0
254 324 -13.0
255 325 -13.0
256 326 -13.0
257 327 -13.0
258 328 -13.0
259 329 -13.0
260 330 -13.0
261 331 -13.0
262 332 -13.0
263 333 -13.0
264 334 -13.0
265 335 -13.0
266 336 -13.0
267 337 -13.0
268 338 -13.0
269 339 -13.0
270 340 -13.0
271 272 -5.0
272 273 -5.0
273 274 -5.0
274 275 -5.0
275 276 -5.0
276 277 -5.0
277 278 -5.0
278 279 -5.0
279 280 -5.0
280 281 -5.0
281 282 -5.0
282 283 -5.0
283 284 -5.0
284 285 -5.0
285 286 -5.0
287 288 -5.0
288 289 -5.0
289 290 -5.0
290 291 -5.0
291 292 -5.0
292 293 -5.0
293 294 -5.0
294 295 -5.0
295 296 -5.0
296 297 -5.0
297 298 -5.0
298 299 -5.0
299 300 -5.0
300 301 -5.0
301 302 -5.0
302 303 -5.0
303 304 -5.0
304 305 -5.0
305 306 -5.0
306 307 -5.0
307 308 -5.0
308 309 -5.0
309 310 -5.0
310 311 -5.0
311 312 -5.0
312 313 -5.0
313 314 -5.0
315 316 -5.0
316 317 -5.0
317 318 -5.0
318 319 -5.0
319 320 -5.0
320 321 -5.0
321 322 -5.0
322 323 -5.0
323 324 -5.0
324 325 -5.0
325 326 -5.0
326 327 -5.0
327 328 -5.0
328 329 -5.0
329 330 -5.0
330 331 -5.0
331 332 -5.0
332 333 -5.0
333 334 -5.0
334 335 -5.0
335 336 -5.0
336 337 -5.0
337 338 -5.0
338 339 -5.0
339 340 -5.0
271 341 -13.0
272 342 -13.0
273 343 -13.0
274 344 -13.0
275 345 -13.0
276 346 -13.0
277 347 -13.0
278 348 -13.0
279 349 -13.0
280 350 -13.0
282 351 -13.0
283 352 -13.0
284 353 -13.0
285 354 -13.0
286 355 -13.0
287 356 -13.0
288 357 -13.0
289 358 -13.0
290 359 -13.0
291 360 -13.0
292 361 -13.0
293 362 -13.0
294 363 -13.0
295 364 -13.0
296 365 -13.0
297 366 -13.0
298 367 -13.0
299 368 -13.0
300 369 -13.0
301 370 -13.0
302 371 -13.0
303 372 -13.0
304 373 -13.0
305 374 -13.0
306 375 -13.0
307 376 -13.0
308 377 -13.0
309 378 -13.0
310 379 -13.0
311 380 -13.0
312 381 -13.0
313 382 -13.0
314 383 -13.0
315 384 -13.0
316 385 -13.0
317 386 -13.0
318 387 -13.0
319 388 -13.0
320 389 -13.0
321 390 -13.0
322 391 -13.0
323 392 -13.0
324 393 -13.0
325 394 -13.0
326 395 -13.0
327 396 -13.0
328 397 -13.0
329 398 -13.0
330 399 -13.0
331 400 -13.0
334 403 -13.0
335 404 -13.0
336 405 -13.0
337 406 -13.0
338 407 -13.0
339 408 -13.0
340 409 -13.0
341 342 -5.0
342 343 -5.0
343 344 -5.0
344 345 -5.0
345 346 -5.0
346 347 -5.0
347 348 -5.0
348 349 -5.0
349 350 -5.0
351 352 -5.0
352 353 -5.0
353 354 -5.0
354 355 -5.0
356 357 -5.0
357 358 -5.0
358 359 -5.0
359 360 -5.0
360 361 -5.0
361 362 -5.0
362 363 -5.0
363 364 -5.0
364 365 -5.0
365 366 -5.0
366 367 -5.0
367 368 -5.0
368 369 -5.0
369 370 -5.0
370 371 -5.0
371 372 -5.0
372 373 -5.0
373 374 -5.0
374 375 -5.0
375 376 -5.0
376 377 -5.0
377 378 -5.0
378 379 -5.0
379 380 -5.0
380 381 -5.0
381 382 -5.0
382 383 -5.0
384 385 -5.0
385 386 -5.0
386 387 -5.0
387 388 -5.0
388 389 -5.0
389 390 -5.0
390 391 -5.0
391 392 -5.0
392 393 -5.0
393 394 -5.0
394 395 -5.0
395 396 -5.0
396 397 -5.0
397 398 -5.0
398 399 -5.0
399 400 -5.0
400 401 -5.0
401 402 -5.0
402 403 -5.0
403 404 -5.0
404 405 -5.0
405 406 -5.0
406 407 -5.0
407 408 -5.0
408 409 -5.0
341 410 -13.0
342 411 -13.0
343 412 -13.0
344 413 -13.0
345 414 -13.0
347 415 -13.0
348 416 -13.0
349 417 -13.0
350 418 -13.0
351 419 -13.0
352 420 -13.0
353 421 -13.0
354 422 -13.0
355 423 -13.0
356 425 -13.0
357 426 -13.0
358 427 -13.0
359 428 -13.0
360 429 -13.0
361 430 -13.0
362 431 -13.0
363 432 -13.0
364 433 -13.0
365 434 -13.0
366 435 -13.0
367 436 -13.0
368 437 -13.0
369 438 -13.0
370 439 -13.0
371 440 -13.0
372 441 -13.0
373 442 -13.0
374 443 -13.0
375 444 -13.0
376 445 -13.0
377 446 -13.0
378 447 -13.0
379 448 -13.0
380 449 -13.0
381 450 -13.0
382 451 -13.0
383 452 -13.0
384 454 -13.0
385 455 -13.0
386 456 -13.0
387 457 -13.0
388 458 -13.0
389 459 -13.0
390 460 -13.0
391 461 -13.0
392 462 -13.0
393 463 -13.0
394 464 -13.0
395 465 -13.0
396 466 -13.0
397 467 -13.0
398 468 -13.0
399 469 -13.0
400 470 -13.0
401 471 -13.0
402 472 -13.0
403 473 -13.0
404 474 -13.0
405 475 -13.0
407 477 -13.0
408 478 -13.0
409 479 -13.0
410 411 -5.0
411 412 -5.0
412 413 -5.0
413 414 -5.0
415 416 -5.0
416 417 -5.0
417 418 -5.0
419 420 -5.0
420 421 -5.0
421 422 -5.0
422 423 -5.0
423 424 -5.0
424 425 -5.0
425 426 -5.0
426 427 -5.0
427 428 -5.0
428 429 -5.0
429 430 -5.0
430 431 -5.0
431 432 -5.0
432 433 -5.0
433 434 -5.0
434 435 -5.0
435 436 -5.0
436 437 -5.0
437 438 -5.0
438 439 -5.0
439 440 -5.0
440 441 -5.0
441 442 -5.0
442 443 -5.0
443 444 -5.0
444 445 -5.0
445 446 -5.0
446 447 -5.0
447 448 -5.0
448 449 -5.0
449 450 -5.0
450 451 -5.0
451 452 -5.0
452 453 -5.0
453 454 -5.0
454 455 -5.0
455 456 -5.0
456 457 -5.0
457 458 -5.0
458 459 -5.0
459 460 -5.0
460 461 -5.0
461 462 -5.0
462 463 -5.0
463 464 -5.0
464 465 -5.0
465 466 -5.0
466 467 -5.0
467 468 -5.0
468 469 -5.0
469 470 -5.0
470 471 -5.0
471 472 -5.0
472 473 -5.0
473 474 -5.0
474 475 -5.0
475 476 -5.0
476 477 -5.0
477 478 -5.0
478 479 -5.0
410 480 -13.0
412 481 -13.0
413 482 -13.0
414 483 -13.0
415 484 -13.0
416 485 -13.0
417 486 -13.0
418 487 -13.0
419 489 -13.0
420 490 -13.0
421 491 -13.0
423 493 -13.0
424 494 -13.0
425 495 -13.0
426 496 -13.0
427 497 -13.0
428 498 -13.0
430 499 -13.0
431 500 -13.0
432 501 -13.0
433 502 -13.0
434 503 -13.0
435 504 -13.0
436 505 -13.0
437 506 -13.0
438 507 -13.0
439 508 -13.0
441 510 -13.0
443 512 -13.0
444 513 -13.0
445 514 -13.0
447 516 -13.0
448 517 -13.0
449 518 -13.0
450 519 -13.0
452 521 -13.0
453 522 -13.0
454 523 -13.0
456 525 -13.0
457 526 -13.0
458 527 -13.0
459 528 -13.0
460 529 -13.0
461 530 -13.0
462 531 -13.0
463 532 -13.0
464 533 -13.0
465 534 -13.0
466 535 -13.0
467 536 -13.0
468 537 -13.0
471 540 -13.0
472 541 -13.0
473 542 -13.0
474 543 -13.0
475 544 -13.0
476 545 -13.0
477 546 -13.0
478 547 -13.0
479 548 -13.0
481 482 -5.0
482 483 -5.0
484 485 -5.0
485 486 -5.0
486 487 -5.0
487 488 -5.0
488 489 -5.0
489 490 -5.0
490 491 -5.0
491 492 -5.0
492 493 -5.0
493 494 -5.0
494 495 -5.0
495 496 -5.0
496 497 -5.0
497 498 -5.0
499 500 -5.0
500 501 -5.0
501 502 -5.0
502 503 -5.0
503 504 -5.0
504 505 -5.0
505 506 -5.0
506 507 -5.0
507 508 -5.0
508 509 -5.0
509 510 -5.0
510 511 -5.0
511 512 -5.0
512 513 -5.0
513 514 -5.0
514 515 -5.0
515 516 -5.0
516 517 -5.0
517 518 -5.0
518 519 -5.0
519 520 -5.0
520 521 -5.0
521 522 -5.0
522 523 -5.0
523 524 -5.0
524 525 -5.0
525 526 -5.0
526 527 -5.0
527 528 -5.0
528 529 -5.0
529 530 -5.0
530 531 -5.0
531 532 -5.0
532 533 -5.0
533 534 -5.0
534 535 -5.0
535 536 -5.0
536 537 -5.0
537 538 -5.0
538 539 -5.0
539 540 -5.0
540 541 -5.0
541 542 -5.0
542 543 -5.0
543 544 -5.0
544 545 -5.0
545 546 -5.0
546 547 -5.0
547 548 -5.0
480 549 -13.0
481 550 -13.0
482 551 -13.0
483 552 -13.0
484 554 -13.0
485 555 -13.0
486 556 -13.0
487 557 -13.0
488 558 -13.0
489 559 -13.0
491 561 -13.0
492 562 -13.0
493 563 -13.0
494 564 -13.0
495 565 -13.0
497 566 -13.0
498 567 -13.0
499 568 -13.0
500 569 -13.0
501 570 -13.0
502 571 -13.0
503 572 -13.0
504 573 -13.0
505 574 -13.0
506 575 -13.0
507 576 -13.0
509 578 -13.0
510 579 -13.0
511 580 -13.0
512 581 -13.0
514 583 -13.0
515 584 -13.0
516 585 -13.0
517 586 -13.0
518 587 -13.0
519 588 -13.0
520 589 -13.0
521 590 -13.0
522 591 -13.0
523 592 -13.0
526 595 -13.0
527 596 -13.0
528 597 -13.0
529 598 -13.0
530 599 -13.0
531 600 -13.0
532 601 -13.0
533 602 -13.0
534 603 -13.0
535 604 -13.0
536 605 -13.0
537 606 -13.0
538 607 -13.0
539 608 -13.0
540 609 -13.0
541 610 -13.0
542 611 -13.0
545 614 -13.0
546 615 -13.0
547 616 -13.0
548 617 -13.0
550 551 -5.0
551 552 -5.0
552 553 -5.0
553 554 -5.0
554 555 -5.0
555 556 -5.0
556 557 -5.0
557 558 -5.0
558 559 -5.0
559 560 -5.0
560 561 -5.0
561 562 -5.0
562 563 -5.0
563 564 -5.0
564 565 -5.0
566 567 -5.0
568 569 -5.0
569 570 -5.0
570 571 -5.0
571 572 -5.0
572 573 -5.0
573 574 -5.0
574 575 -5.0
575 576 -5.0
576 577 -5.0
577 578 -5.0
578 579 -5.0
579 580 -5.0
580 581 -5.0
581 582 -5.0
582 583 -5.0
583 584 -5.0
584 585 -5.0
585 586 -5.0
586 587 -5.0
587 588 -5.0
588 589 -5.0
589 590 -5.0
590 591 -5.0
591 592 -5.0
592 593 -5.0
593 594 -5.0
594 595 -5.0
595 596 -5.0
596 597 -5.0
597 598 -5.0
598 599 -5.0
599 600 -5.0
600 601 -5.0
601 602 -5.0
602 603 -5.0
603 604 -5.0
604 605 -5.0
605 606 -5.0
606 607 -5.0
607 608 -5.0
608 609 -5.0
609 610 -5.0
610 611 -5.0
611 612 -5.0
612 613 -5.0
613 614 -5.0
614 615 -5.0
615 616 -5.0
616 617 -5.0
549 618 -13.0
550 620 -13.0
551 621 -13.0
552 622 -13.0
553 623 -13.0
554 624 -13.0
556 625 -13.0
557 626 -13.0
558 627 -13.0
559 628 -13.0
560 629 -13.0
561 630 -13.0
565 631 -13.0
566 632 -13.0
567 633 -13.0
568 635 -13.0
569 636 -13.0
570 637 -13.0
571 638 -13.0
572 639 -13.0
573 640 -13.0
574 641 -13.0
576 642 -13.0
577 643 -13.0
578 644 -13.0
579 645 -13.0
580 646 -13.0
581 647 -13.0
582 648 -13.0
583 649 -13.0
584 650 -13.0
585 651 -13.0
586 652 -13.0
587 653 -13.0
588 654 -13.0
590 656 -13.0
591 657 -13.0
593 659 -13.0
594 660 -13.0
595 661 -13.0
596 662 -13.0
597 663 -13.0
598 664 -13.0
599 665 -13.0
600 666 -13.0
601 667 -13.0
602 668 -13.0
603 669 -13.0
604 670 -13.0
605 671 -13.0
606 672 -13.0
607 673 -13.0
608 674 -13.0
609 675 -13.0
610 676 -13.0
611 677 -13.0
612 678 -13.0
613 679 -13.0
614 680 -13.0
615 681 -13.0
616 682 -13.0
617 683 -13.0
618 619 -5.0
619 620 -5.0
620 621 -5.0
621 622 -5.0
622 623 -5.0
623 624 -5.0
625 626 -5.0
626 627 -5.0
627 628 -5.0
628 629 -5.0
629 630 -5.0
632 633 -5.0
633 634 -5.0
634 635 -5.0
635 636 -5.0
636 637 -5.0
637 638 -5.0
638 639 -5.0
639 640 -5.0
640 641 -5.0
642 643 -5.0
643 644 -5.0
644 645 -5.0
645 646 -5.0
646 647 -5.0
647 648 -5.0
648 649 -5.0
649 650 -5.0
650 651 -5.0
651 652 -5.0
652 653 -5.0
653 654 -5.0
654 655 -5.0
655 656 -5.0
656 657 -5.0
657 658 -5.0
658 659 -5.0
659 660 -5.0
660 661 -5.0
661 662 -5.0
662 663 -5.0
663 664 -5.0
664 665 -5.0
665 666 -5.0
666 667 -5.0
667 668 -5.0
668 669 -5.0
669 670 -5.0
670 671 -5.0
671 672 -5.0
672 673 -5.0
673 674 -5.0
674 675 -5.0
675 676 -5.0
676 677 -5.0
677 678 -5.0
678 679 -5.0
679 680 -5.0
680 681 -5.0
681 682 -5.0
682 683 -5.0
618 684 -13.0
619 685 -13.0
620 686 -13.0
622 687 -13.0
623 688 -13.0
624 689 -13.0
625 690 -13.0
626 691 -13.0
627 692 -13.0
628 693 -13.0
629 694 -13.0
630 695 -13.0
631 699 -13.0
632 701 -13.0
633 702 -13.0
634 703 -13.0
635 704 -13.0
637 705 -13.0
641 706 -13.0
642 707 -13.0
643 708 -13.0
645 709 -13.0
646 710 -13.0
647 711 -13.0
649 712 -13.0
651 714 -13.0
653 716 -13.0
654 717 -13.0
655 718 -13.0
656 719 -13.0
657 720 -13.0
658 721 -13.0
659 722 -13.0
660 723 -13.0
661 724 -13.0
662 725 -13.0
663 726 -13.0
664 727 -13.0
665 728 -13.0
667 730 -13.0
668 731 -13.0
669 732 -13.0
670 733 -13.0
671 734 -13.0
672 735 -13.0
673 736 -13.0
674 737 -13.0
675 738 -13.0
676 739 -13.0
677 740 -13.0
678 741 -13.0
679 742 -13.0
680 743 -13.0
681 744 -13.0
682 745 -13.0
683 746 -13.0
684 685 -5.0
685 686 -5.0
687 688 -5.0
688 689 -5.0
690 691 -5.0
691 692 -5.0
692 693 -5.0
693 694 -5.0
694 695 -5.0
695 696 -5.0
696 697 -5.0
697 698 -5.0
698 699 -5.0
699 700 -5.0
700 701 -5.0
701 702 -5.0
702 703 -5.0
703 704 -5.0
707 708 -5.0
709 710 -5.0
710 711 -5.0
712 713 -5.0
713 714 -5.0
714 715 -5.0
715 716 -5.0
716 717 -5.0
717 718 -5.0
718 719 -5.0
719 720 -5.0
720 721 -5.0
721 722 -5.0
722 723 -5.0
723 724 -5.0
724 725 -5.0
725 726 -5.0
726 727 -5.0
727 728 -5.0
728 729 -5.0
729 730 -5.0
730 731 -5.0
731 732 -5.0
732 733 -5.0
733 734 -5.0
734 735 -5.0
735 736 -5.0
736 737 -5.0
737 738 -5.0
738 739 -5.0
739 740 -5.0
740 741 -5.0
741 742 -5.0
742 743 -5.0
743 744 -5.0
744 745 -5.0
745 746 -5.0
684 747 -13.0
685 748 -13.0
686 749 -13.0
687 750 -13.0
688 751 -13.0
689 752 -13.0
690 754 -13.0
691 755 -13.0
692 756 -13.0
693 757 -13.0
694 758 -13.0
695 759 -13.0
696 760 -13.0
697 761 -13.0
698 762 -13.0
699 763 -13.0
700 764 -13.0
701 765 -13.0
702 766 -13.0
703 767 -13.0
704 768 -13.0
705 769 -13.0
706 773 -13.0
707 775 -13.0
708 776 -13.0
709 777 -13.0
710 778 -13.0
711 779 -13.0
712 780 -13.0
714 781 -13.0
715 782 -13.0
716 783 -13.0
717 784 -13.0
719 785 -13.0
720 786 -13.0
721 787 -13.0
723 789 -13.0
724 790 -13.0
725 791 -13.0
727 793 -13.0
728 794 -13.0
729 795 -13.0
730 796 -13.0
732 798 -13.0
733 799 -13.0
734 800 -13.0
735 801 -13.0
736 802 -13.0
737 803 -13.0
738 804 -13.0
739 805 -13.0
740 806 -13.0
741 807 -13.0
742 808 -13.0
743 809 -13.0
744 810 -13.0
745 811 -13.0
746 812 -13.0
747 748 -5.0
748 749 -5.0
750 751 -5.0
751 752 -5.0
752 753 -5.0
753 754 -5.0
754 755 -5.0
755 756 -5.0
756 757 -5.0
757 758 -5.0
758 759 -5.0
759 760 -5.0
760 761 -5.0
761 762 -5.0
762 763 -5.0
763 764 -5.0
764 765 -5.0
765 766 -5.0
766 767 -5.0
767 768 -5.0
769 770 -5.0
770 771 -5.0
771 772 -5.0
772 773 -5.0
773 774 -5.0
774 775 -5.0
775 776 -5.0
777 778 -5.0
778 779 -5.0
781 782 -5.0
782 783 -5.0
783 784 -5.0
785 786 -5.0
786 787 -5.0
787 788 -5.0
788 789 -5.0
789 790 -5.0
790 791 -5.0
791 792 -5.0
792 793 -5.0
793 794 -5.0
794 795 -5.0
795 796 -5.0
796 797 -5.0
797 798 -5.0
798 799 -5.0
799 800 -5.0
800 801 -5.0
801 802 -5.0
802 803 -5.0
803 804 -5.0
804 805 -5.0
805 806 -5.0
806 807 -5.0
807 808 -5.0
808 809 -5.0
809 810 -5.0
810 811 -5.0
811 812 -5.0
747 813 -13.0
748 814 -13.0
749 815 -13.0
750 817 -13.0
751 818 -13.0
752 819 -13.0
753 820 -13.0
754 821 -13.0
755 822 -13.0
757 823 -13.0
758 824 -13.0
759 825 -13.0
763 826 -13.0
765 828 -13.0
766 829 -13.0
768 831 -13.0
769 833 -13.0
770 834 -13.0
771 835 -13.0
773 837 -13.0
774 838 -13.0
775 839 -13.0
776 840 -13.0
777 842 -13.0
778 843 -13.0
779 844 -13.0
780 846 -13.0
781 847 -13.0
782 848 -13.0
783 849 -13.0
784 850 -13.0
785 851 -13.0
786 852 -13.0
787 853 -13.0
788 854 -13.0
789 855 -13.0
790 856 -13.0
791 857 -13.0
792 858 -13.0
793 859 -13.0
794 860 -13.0
795 861 -13.0
796 862 -13.0
797 863 -13.0
798 864 -13.0
799 865 -13.0
801 867 -13.0
802 868 -13.0
803 869 -13.0
804 870 -13.0
805 871 -13.0
806 872 -13.0
807 873 -13.0
808 874 -13.0
809 875 -13.0
812 878 -13.0
813 814 -5.0
814 815 -5.0
815 816 -5.0
816 817 -5.0
817 818 -5.0
818 819 -5.0
819 820 -5.0
820 821 -5.0
821 822 -5.0
823 824 -5.0
824 825 -5.0
826 827 -5.0
827 828 -5.0
828 829 -5.0
829 830 -5.0
830 831 -5.0
831 832 -5.0
832 833 -5.0
833 834 -5.0
834 835 -5.0
835 836 -5.0
836 837 -5.0
837 838 -5.0
838 839 -5.0
839 840 -5.0
840 841 -5.0
841 842 -5.0
842 843 -5.0
843 844 -5.0
844 845 -5.0
845 846 -5.0
847 848 -5.0
848 849 -5.0
849 850 -5.0
851 852 -5.0
852 853 -5.0
853 854 -5.0
854 855 -5.0
855 856 -5.0
856 857 -5.0
857 858 -5.0
858 859 -5.0
859 860 -5.0
860 861 -5.0
861 862 -5.0
862 863 -5.0
863 864 -5.0
864 865 -5.0
865 866 -5.0
866 867 -5.0
867 868 -5.0
868 869 -5.0
869 870 -5.0
870 871 -5.0
871 872 -5.0
872 873 -5.0
873 874 -5.0
874 875 -5.0
875 876 -5.0
876 877 -5.0
877 878 -5.0
813 879 -13.0
814 880 -13.0
815 881 -13.0
816 882 -13.0
817 883 -13.0
818 884 -13.0
819 885 -13.0
820 886 -13.0
821 887 -13.0
822 888 -13.0
823 890 -13.0
824 891 -13.0
825 892 -13.0
826 896 -13.0
827 897 -13.0
828 898 -13.0
829 899 -13.0
830 900 -13.0
831 901 -13.0
832 902 -13.0
833 903 -13.0
835 905 -13.0
836 906 -13.0
837 907 -13.0
839 908 -13.0
840 909 -13.0
841 910 -13.0
842 911 -13.0
844 913 -13.0
845 914 -13.0
846 915 -13.0
847 917 -13.0
848 918 -13.0
849 919 -13.0
850 920 -13.0
851 922 -13.0
853 923 -13.0
854 924 -13.0
855 925 -13.0
857 926 -13.0
858 927 -13.0
859 928 -13.0
860 929 -13.0
862 930 -13.0
863 931 -13.0
864 932 -13.0
865 933 -13.0
866 934 -13.0
867 935 -13.0
868 936 -13.0
869 937 -13.0
870 938 -13.0
871 939 -13.0
872 940 -13.0
873 941 -13.0
874 942 -13.0
875 943 -13.0
876 944 -13.0
877 945 -13.0
878 946 -13.0
879 880 -5.0
880 881 -5.0
881 882 -5.0
882 883 -5.0
883 884 -5.0
884 885 -5.0
885 886 -5.0
886 887 -5.0
887 888 -5.0
888 889 -5.0
889 890 -5.0
890 891 -5.0
891 892 -5.0
892 893 -5.0
893 894 -5.0
894 895 -5.0
895 896 -5.0
896 897 -5.0
897 898 -5.0
898 899 -5.0
899 900 -5.0
900 901 -5.0
901 902 -5.0
902 903 -5.0
903 904 -5.0
904 905 -5.0
905 906 -5.0
906 907 -5.0
908 909 -5.0
909 910 -5.0
910 911 -5.0
911 912 -5.0
912 913 -5.0
913 914 -5.0
914 915 -5.0
915 916 -5.0
916 917 -5.0
917 918 -5.0
918 919 -5.0
919 920 -5.0
920 921 -5.0
921 922 -5.0
923 924 -5.0
924 925 -5.0
926 927 -5.0
927 928 -5.0
928 929 -5.0
930 931 -5.0
931 932 -5.0
932 933 -5.0
933 934 -5.0
934 935 -5.0
935 936 -5.0
936 937 -5.0
937 938 -5.0
938 939 -5.0
939 940 -5.0
940 941 -5.0
941 942 -5.0
942 943 -5.0
943 944 -5.0
944 945 -5.0
945 946 -5.0
879 947 -13.0
882 950 -13.0
883 951 -13.0
884 952 -13.0
885 953 -13.0
886 954 -13.0
887 955 -13.0
888 956 -13.0
889 957 -13.0
890 958 -13.0
891 959 -13.0
892 960 -13.0
893 961 -13.0
894 962 -13.0
895 963 -13.0
896 964 -13.0
898 966 -13.0
899 967 -13.0
900 968 -13.0
901 969 -13.0
902 970 -13.0
903 971 -13.0
905 973 -13.0
906 974 -13.0
907 975 -13.0
908 976 -13.0
909 977 -13.0
910 978 -13.0
911 979 -13.0
912 980 -13.0
913 981 -13.0
915 983 -13.0
916 984 -13.0
917 985 -13.0
919 987 -13.0
920 988 -13.0
921 989 -13.0
922 990 -13.0
923 991 -13.0
925 993 -13.0
926 994 -13.0
927 995 -13.0
928 996 -13.0
929 997 -13.0
930 998 -13.0
932 1000 -13.0
933 1001 -13.0
934 1002 -13.0
935 1003 -13.0
937 1005 -13.0
938 1006 -13.0
939 1007 -13.0
941 1009 -13.0
942 1010 -13.0
943 1011 -13.0
944 1012 -13.0
945 1013 -13.0
946 1014 -13.0
947 948 -5.0
948 949 -5.0
949 950 -5.0
950 951 -5.0
951 952 -5.0
952 953 -5.0
953 954 -5.0
954 955 -5.0
955 956 -5.0
956 957 -5.0
957 958 -5.0
958 959 -5.0
959 960 -5.0
960 961 -5.0
961 962 -5.0
962 963 -5.0
963 964 -5.0
964 965 -5.0
965 966 -5.0
966 967 -5.0
967 968 -5.0
968 969 -5.0
969 970 -5.0
970 971 -5.0
971 972 -5.0
972 973 -5.0
973 974 -5.0
974 975 -5.0
976 977 -5.0
977 978 -5.0
978 979 -5.0
979 980 -5.0
980 981 -5.0
981 982 -5.0
982 983 -5.0
983 984 -5.0
984 985 -5.0
985 986 -5.0
986 987 -5.0
987 988 -5.0
988 989 -5.0
989 990 -5.0
991 992 -5.0
992 993 -5.0
994 995 -5.0
995 996 -5.0
996 997 -5.0
998 999 -5.0
999 1000 -5.0
1000 1001 -5.0
1001 1002 -5.0
1002 1003 -5.0
1003 1004 -5.0
1004 1005 -5.0
1005 1006 -5.0
1006 1007 -5.0
1007 1008 -5.0
1008 1009 -5.0
1009 1010 -5.0
1010 1011 -5.0
1011 1012 -5.0
1012 1013 -5.0
1013 1014 -5.0
947 1015 -13.0
948 1016 -13.0
949 1017 -13.0
950 1018 -13.0
951 1019 -13.0
952 1020 -13.0
953 1021 -13.0
954 1022 -13.0
955 1023 -13.0
956 1024 -13.0
957 1025 -13.0
958 1026 -13.0
962 1027 -13.0
963 1028 -13.0
964 1029 -13.0
965 1030 -13.0
966 1031 -13.0
967 1032 -13.0
969 1034 -13.0
970 1035 -13.0
971 1036 -13.0
972 1037 -13.0
973 1038 -13.0
975 1040 -13.0
976 1042 -13.0
977 1043 -13.0
978 1044 -13.0
979 1045 -13.0
980 1046 -13.0
981 1047 -13.0
982 1048 -13.0
983 1049 -13.0
987 1050 -13.0
988 1051 -13.0
990 1053 -13.0
991 1055 -13.0
993 1056 -13.0
994 1058 -13.0
995 1059 -13.0
996 1060 -13.0
997 1061 -13.0
998 1063 -13.0
999 1064 -13.0
1000 1065 -13.0
1001 1066 -13.0
1003 1067 -13.0
1004 1068 -13.0
1005 1069 -13.0
1006 1070 -13.0
1007 1071 -13.0
1008 1072 -13.0
1009 1073 -13.0
1010 1074 -13.0
1011 1075 -13.0
1012 1076 -13.0
1013 1077 -13.0
1014 1078 -13.0
1015 1016 -5.0
1016 1017 -5.0
1017 1018 -5.0
1018 1019 -5.0
1019 1020 -5.0
1020 1021 -5.0
1021 1022 -5.0
1022 1023 -5.0
1023 1024 -5.0
1024 1025 -5.0
1025 1026 -5.0
1027 1028 -5.0
1028 1029 -5.0
1029 1030 -5.0
1030 1031 -5.0
1031 1032 -5.0
1032 1033 -5.0
1033 1034 -5.0
1034 1035 -5.0
1035 1036 -5.0
1036 1037 -5.0
1037 1038 -5.0
1038 1039 -5.0
1039 1040 -5.0
1040 1041 -5.0
1041 1042 -5.0
1042 1043 -5.0
1043 1044 -5.0
1044 1045 -5.0
1045 1046 -5.0
1046 1047 -5.0
1047 1048 -5.0
1048 1049 -5.0
1050 1051 -5.0
1051 1052 -5.0
1052 1053 -5.0
1053 1054 -5.0
1054 1055 -5.0
1056 1057 -5.0
1057 1058 -5.0
1058 1059 -5.0
1059 1060 -5.0
1060 1061 -5.0
1061 1062 -5.0
1062 1063 -5.0
1063 1064 -5.0
1064 1065 -5.0
1065 1066 -5.0
1067 1068 -5.0
1068 1069 -5.0
1069 1070 -5.0
1070 1071 -5.0
1071 1072 -5.0
1072 1073 -5.0
1073 1074 -5.0
1074 1075 -5.0
1075 1076 -5.0
1076 1077 -5.0
1077 1078 -5.0
1015 1079 -13.0
1016 1080 -13.0
1017 1081 -13.0
1018 1082 -13.0
1019 1083 -13.0
1020 1084 -13.0
1021 1085 -13.0
1022 1086 -13.0
1023 1087 -13.0
1024 1088 -13.0
1025 1089 -13.0
1026 1090 -13.0
1027 1094 -13.0
1028 1095 -13.0
1029 1096 -13.0
1030 1097 -13.0
1031 1098 -13.0
1032 1099 -13.0
1033 1100 -13.0
1034 1101 -13.0
1036 1102 -13.0
1037 1103 -13.0
1038 1104 -13.0
1042 1105 -13.0
1043 1106 -13.0
1044 1107 -13.0
1045 1108 -13.0
1049 1109 -13.0
1050 1113 -13.0
1051 1114 -13.0
1052 1115 -13.0
1053 1116 -13.0
1054 1117 -13.0
1055 1118 -13.0
1056 1119 -13.0
1057 1120 -13.0
1058 1121 -13.0
1059 1122 -13.0
1060 1123 -13.0
1061 1124 -13.0
1062 1125 -13.0
1063 1126 -13.0
1065 1128 -13.0
1066 1129 -13.0
1067 1130 -13.0
1068 1131 -13.0
1069 1132 -13.0
1070 1133 -13.0
1072 1135 -13.0
1073 1136 -13.0
1076 1139 -13.0
1077 1140 -13.0
1078 1141 -13.0
1079 1080 -5.0
1080 1081 -5.0
1081 1082 -5.0
1082 1083 -5.0
1083 1084 -5.0
1084 1085 -5.0
1085 1086 -5.0
1086 1087 -5.0
1087 1088 -5.0
1088 1089 -5.0
1089 1090 -5.0
1090 1091 -5.0
1091 1092 -5.0
1092 1093 -5.0
1093 1094 -5.0
1094 1095 -5.0
1095 1096 -5.0
1096 1097 -5.0
1097 1098 -5.0
1098 1099 -5.0
1099 1100 -5.0
1100 1101 -5.0
1102 1103 -5.0
1103 1104 -5.0
1105 1106 -5.0
1106 1107 -5.0
1107 1108 -5.0
1109 1110 -5.0
1110 1111 -5.0
1111 1112 -5.0
1112 1113 -5.0
1113 1114 -5.0
1114 1115 -5.0
1115 1116 -5.0
1116 1117 -5.0
1117 1118 -5.0
1119 1120 -5.0
1120 1121 -5.0
1121 1122 -5.0
1122 1123 -5.0
1123 1124 -5.0
1124 1125 -5.0
1125 1126 -5.0
1126 1127 -5.0
1127 1128 -5.0
1128 1129 -5.0
1130 1131 -5.0
1131 1132 -5.0
1132 1133 -5.0
1133 1134 -5.0
1134 1135 -5.0
1135 1136 -5.0
1136 1137 -5.0
1137 1138 -5.0
1138 1139 -5.0
1139 1140 -5.0
1140 1141 -5.0
1079 1142 -13.0
1080 1143 -13.0
1081 1144 -13.0
1082 1145 -13.0
1083 1146 -13.0
1085 1147 -13.0
1086 1148 -13.0
1087 1149 -13.0
1088 1150 -13.0
1089 1151 -13.0
1090 1152 -13.0
1091 1153 -13.0
1092 1154 -13.0
1093 1155 -13.0
1094 1156 -13.0
1095 1157 -13.0
1096 1158 -13.0
1097 1159 -13.0
1098 1160 -13.0
1099 1161 -13.0
1100 1162 -13.0
1101 1163 -13.0
1102 1164 -13.0
1103 1165 -13.0
1104 1166 -13.0
1105 1170 -13.0
1106 1171 -13.0
1108 1173 -13.0
1109 1177 -13.0
1110 1178 -13.0
1111 1179 -13.0
1113 1181 -13.0
1114 1182 -13.0
1116 1183 -13.0
1118 1185 -13.0
1119 1187 -13.0
1123 1188 -13.0
1124 1189 -13.0
1126 1190 -13.0
1127 1191 -13.0
1128 1192 -13.0
1129 1193 -13.0
1130 1195 -13.0
1131 1196 -13.0
1132 1197 -13.0
1133 1198 -13.0
1134 1199 -13.0
1136 1201 -13.0
1137 1202 -13.0
1138 1203 -13.0
1139 1204 -13.0
1140 1205 -13.0
1141 1206 -13.0
1142 1143 -5.0
1143 1144 -5.0
1144 1145 -5.0
1145 1146 -5.0
1147 1148 -5.0
1148 1149 -5.0
1149 1150 -5.0
1150 1151 -5.0
1151 1152 -5.0
1152 1153 -5.0
1153 1154 -5.0
1154 1155 -5.0
1155 1156 -5.0
1156 1157 -5.0
1157 1158 -5.0
1158 1159 -5.0
1159 1160 -5.0
1160 1161 -5.0
1161 1162 -5.0
1162 1163 -5.0
1164 1165 -5.0
1165 1166 -5.0
1166 1167 -5.0
1167 1168 -5.0
1168 1169 -5.0
1169 1170 -5.0
1170 1171 -5.0
1171 1172 -5.0
1172 1173 -5.0
1173 1174 -5.0
1174 1175 -5.0
1175 1176 -5.0
1176 1177 -5.0
1177 1178 -5.0
1178 1179 -5.0
1179 1180 -5.0
1180 1181 -5.0
1181 1182 -5.0
1183 1184 -5.0
1184 1185 -5.0
1185 1186 -5.0
1186 1187 -5.0
1188 1189 -5.0
1190 1191 -5.0
1191 1192 -5.0
1192 1193 -5.0
1193 1194 -5.0
1194 1195 -5.0
1195 1196 -5.0
1196 1197 -5.0
1197 1198 -5.0
1198 1199 -5.0
1199 1200 -5.0
1200 1201 -5.0
1201 1202 -5.0
1202 1203 -5.0
1203 1204 -5.0
1204 1205 -5.0
1205 1206 -5.0
1142 1207 -13.0
1143 1208 -13.0
1144 1209 -13.0
1145 1210 -13.0
1146 1211 -13.0
1147 1212 -13.0
1149 1213 -13.0
1150 1214 -13.0
1151 1215 -13.0
1152 1216 -13.0
1153 1217 -13.0
1154 1218 -13.0
1155 1219 -13.0
1156 1220 -13.0
1157 1221 -13.0
1158 1222 -13.0
1159 1223 -13.0
1160 1224 -13.0
1161 1225 -13.0
1162 1226 -13.0
1163 1227 -13.0
1164 1229 -13.0
1165 1230 -13.0
1166 1231 -13.0
1167 1232 -13.0
1168 1233 -13.0
1169 1234 -13.0
1170 1235 -13.0
1171 1236 -13.0
1172 1237 -13.0
1173 1238 -13.0
1174 1239 -13.0
1175 1240 -13.0
1176 1241 -13.0
1177 1242 -13.0
1178 1243 -13.0
1179 1244 -13.0
1180 1245 -13.0
1181 1246 -13.0
1182 1247 -13.0
1183 1248 -13.0
1184 1249 -13.0
1185 1250 -13.0
1186 1251 -13.0
1187 1252 -13.0
1188 1256 -13.0
1189 1257 -13.0
1190 1258 -13.0
1191 1259 -13.0
1192 1260 -13.0
1193 1261 -13.0
1194 1262 -13.0
1195 1263 -13.0
1196 1264 -13.0
1197 1265 -13.0
1198 1266 -13.0
1199 1267 -13.0
1200 1268 -13.0
1201 1269 -13.0
1202 1270 -13.0
1203 1271 -13.0
1204 1272 -13.0
1207 1208 -5.0
1208 1209 -5.0
1209 1210 -5.0
1210 1211 -5.0
1213 1214 -5.0
1214 1215 -5.0
1215 1216 -5.0
1216 1217 -5.0
1217 1218 -5.0
1218 1219 -5.0
1219 1220 -5.0
1220 1221 -5.0
1221 1222 -5.0
1222 1223 -5.0
1223 1224 -5.0
1224 1225 -5.0
1225 1226 -5.0
1226 1227 -5.0
1227 1228 -5.0
1228 1229 -5.0
1229 1230 -5.0
1230 1231 -5.0
1231 1232 -5.0
1232 1233 -5.0
1233 1234 -5.0
1234 1235 -5.0
1235 1236 -5.0
1236 1237 -5.0
1237 1238 -5.0
1238 1239 -5.0
1239 1240 -5.0
1240 1241 -5.0
1241 1242 -5.0
1242 1243 -5.0
1243 1244 -5.0
1244 1245 -5.0
1245 1246 -5.0
1246 1247 -5.0
1248 1249 -5.0
1249 1250 -5.0
1250 1251 -5.0
1251 1252 -5.0
1252 1253 -5.0
1253 1254 -5.0
1254 1255 -5.0
1255 1256 -5.0
1256 1257 -5.0
1258 1259 -5.0
1259 1260 -5.0
1260 1261 -5.0
1261 1262 -5.0
1262 1263 -5.0
1263 1264 -5.0
1264 1265 -5.0
1265 1266 -5.0
1266 1267 -5.0
1267 1268 -5.0
1268 1269 -5.0
1269 1270 -5.0
1270 1271 -5.0
1271 1272 -5.0
1272 1273 -5.0
1273 1274 -5.0
1207 1275 -13.0
1208 1276 -13.0
1209 1277 -13.0
1210 1278 -13.0
1211 1279 -13.0
1212 1281 -13.0
1213 1282 -13.0
1214 1283 -13.0
1215 1284 -13.0
1216 1285 -13.0
1218 1286 -13.0
1219 1287 -13.0
1220 1288 -13.0
1221 1289 -13.0
1222 1290 -13.0
1223 1291 -13.0
1224 1292 -13.0
1225 1293 -13.0
1226 1294 -13.0
1227 1295 -13.0
1228 1296 -13.0
1229 1297 -13.0
1230 1298 -13.0
1231 1299 -13.0
1233 1301 -13.0
1234 1302 -13.0
1235 1303 -13.0
1236 1304 -13.0
1238 1306 -13.0
1239 1307 -13.0
1240 1308 -13.0
1241 1309 -13.0
1242 1310 -13.0
1244 1311 -13.0
1246 1312 -13.0
1247 1313 -13.0
1248 1315 -13.0
1250 1317 -13.0
1252 1319 -13.0
1253 1320 -13.0
1254 1321 -13.0
1255 1322 -13.0
1256 1323 -13.0
1257 1324 -13.0
1258 1326 -13.0
1259 1327 -13.0
1260 1328 -13.0
1261 1329 -13.0
1262 1330 -13.0
1263 1331 -13.0
1264 1332 -13.0
1265 1333 -13.0
1266 1334 -13.0
1267 1335 -13.0
1269 1337 -13.0
1272 1340 -13.0
1273 1341 -13.0
1275 1276 -5.0
1276 1277 -5.0
1277 1278 -5.0
1278 1279 -5.0
1279 1280 -5.0
1280 1281 -5.0
1282 1283 -5.0
1283 1284 -5.0
1284 1285 -5.0
1286 1287 -5.0
1287 1288 -5.0
1288 1289 -5.0
1289 1290 -5.0
1290 1291 -5.0
1291 1292 -5.0
1292 1293 -5.0
1293 1294 -5.0
1294 1295 -5.0
1295 1296 -5.0
1296 1297 -5.0
1297 1298 -5.0
1298 1299 -5.0
1299 1300 -5.0
1300 1301 -5.0
1301 1302 -5.0
1302 1303 -5.0
1303 1304 -5.0
1304 1305 -5.0
1305 1306 -5.0
1306 1307 -5.0
1307 1308 -5.0
1308 1309 -5.0
1309 1310 -5.0
1312 1313 -5.0
1313 1314 -5.0
1314 1315 -5.0
1315 1316 -5.0
1316 1317 -5.0
1317 1318 -5.0
1318 1319 -5.0
1319 1320 -5.0
1320 1321 -5.0
1321 1322 -5.0
1322 1323 -5.0
1323 1324 -5.0
1324 1325 -5.0
1325 1326 -5.0
1326 1327 -5.0
1327 1328 -5.0
1328 1329 -5.0
1329 1330 -5.0
1330 1331 -5.0
1331 1332 -5.0
1332 1333 -5.0
1333 1334 -5.0
1334 1335 -5.0
1335 1336 -5.0
1336 1337 -5.0
1337 1338 -5.0
1338 1339 -5.0
1339 1340 -5.0
1340 1341 -5.0
1275 1342 -13.0
1276 1343 -13.0
1277 1344 -13.0
1278 1345 -13.0
1279 1346 -13.0
1280 1347 -13.0
1281 1348 -13.0
1282 1350 -13.0
1283 1351 -13.0
1284 1352 -13.0
1285 1353 -13.0
1286 1354 -13.0
1287 1355 -13.0
1288 1356 -13.0
1289 1357 -13.0
1290 1358 -13.0
1291 1359 -13.0
1292 1360 -13.0
1293 1361 -13.0
1294 1362 -13.0
1295 1363 -13.0
1296 1364 -13.0
1297 1365 -13.0
1298 1366 -13.0
1299 1367 -13.0
1300 1368 -13.0
1301 1369 -13.0
1303 1371 -13.0
1304 1372 -13.0
1305 1373 -13.0
1306 1374 -13.0
1307 1375 -13.0
1308 1376 -13.0
1309 1377 -13.0
1310 1378 -13.0
1311 1379 -13.0
1312 1380 -13.0
1313 1381 -13.0
1314 1382 -13.0
1315 1383 -13.0
1317 1384 -13.0
1318 1385 -13.0
1319 1386 -13.0
1320 1387 -13.0
1321 1388 -13.0
1323 1389 -13.0
1324 1390 -13.0
1325 1391 -13.0
1326 1392 -13.0
1327 1393 -13.0
1328 1394 -13.0
1329 1395 -13.0
1330 1396 -13.0
1331 1397 -13.0
1332 1398 -13.0
1334 1400 -13.0
1335 1401 -13.0
1336 1402 -13.0
1337 1403 -13.0
1338 1404 -13.0
1339 1405 -13.0
1340 1406 -13.0
1341 1407 -13.0
1342 1343 -5.0
1343 1344 -5.0
1344 1345 -5.0
1345 1346 -5.0
1346 1347 -5.0
1347 1348 -5.0
1348 1349 -5.0
1349 1350 -5.0
1350 1351 -5.0
1351 1352 -5.0
1352 1353 -5.0
1354 1355 -5.0
1355 1356 -5.0
1356 1357 -5.0
1357 1358 -5.0
1358 1359 -5.0
1359 1360 -5.0
1360 1361 -5.0
1361 1362 -5.0
1362 1363 -5.0
1363 1364 -5.0
1364 1365 -5.0
1365 1366 -5.0
1366 1367 -5.0
1367 1368 -5.0
1368 1369 -5.0
1369 1370 -5.0
1370 1371 -5.0
1371 1372 -5.0
1372 1373 -5.0
1373 1374 -5.0
1374 1375 -5.0
1375 1376 -5.0
1376 1377 -5.0
1377 1378 -5.0
1380 1381 -5.0
1381 1382 -5.0
1382 1383 -5.0
1384 1385 -5.0
1385 1386 -5.0
1386 1387 -5.0
1387 1388 -5.0
1389 1390 -5.0
1390 1391 -5.0
1391 1392 -5.0
1392 1393 -5.0
1393 1394 -5.0
1394 1395 -5.0
1395 1396 -5.0
1396 1397 -5.0
1397 1398 -5.0
1398 1399 -5.0
1399 1400 -5.0
1400 1401 -5.0
1401 1402 -5.0
1402 1403 -5.0
1403 1404 -5.0
1404 1405 -5.0
1405 1406 -5.0
1406 1407 -5.0
1342 1408 -13.0
1343 1409 -13.0
1344 1410 -13.0
1346 1412 -13.0
1348 1414 -13.0
1349 1415 -13.0
1350 1416 -13.0
1351 1417 -13.0
1353 1419 -13.0
1354 1421 -13.0
1355 1422 -13.0
1356 1423 -13.0
1359 1426 -13.0
1360 1427 -13.0
1361 1428 -13.0
1363 1429 -13.0
1364 1430 -13.0
1365 1431 -13.0
1366 1432 -13.0
1367 1433 -13.0
1369 1435 -13.0
1370 1436 -13.0
1371 1437 -13.0
1373 1439 -13.0
1376 1442 -13.0
1377 1443 -13.0
1378 1444 -13.0
1379 1446 -13.0
1380 1448 -13.0
1381 1449 -13.0
1383 1451 -13.0
1384 1452 -13.0
1386 1454 -13.0
1387 1455 -13.0
1388 1456 -13.0
1389 1457 -13.0
1390 1458 -13.0
1392 1459 -13.0
1393 1460 -13.0
1394 1461 -13.0
1396 1463 -13.0
1398 1465 -13.0
1399 1466 -13.0
1400 1467 -13.0
1401 1468 -13.0
1403 1470 -13.0
1404 1471 -13.0
1405 1472 -13.0
1406 1473 -13.0
1407 1474 -13.0
1408 1409 -5.0
1409 1410 -5.0
1410 1411 -5.0
1411 1412 -5.0
1412 1413 -5.0
1413 1414 -5.0
1414 1415 -5.0
1415 1416 -5.0
1416 1417 -5.0
1417 1418 -5.0
1418 1419 -5.0
1419 1420 -5.0
1420 1421 -5.0
1421 1422 -5.0
1422 1423 -5.0
1423 1424 -5.0
1424 1425 -5.0
1425 1426 -5.0
1426 1427 -5.0
1427 1428 -5.0
1429 1430 -5.0
1430 1431 -5.0
1431 1432 -5.0
1432 1433 -5.0
1433 1434 -5.0
1434 1435 -5.0
1435 1436 -5.0
1436 1437 -5.0
1437 1438 -5.0
1438 1439 -5.0
1439 1440 -5.0
1440 1441 -5.0
1441 1442 -5.0
1442 1443 -5.0
1443 1444 -5.0
1444 1445 -5.0
1445 1446 -5.0
1446 1447 -5.0
1447 1448 -5.0
1448 1449 -5.0
1449 1450 -5.0
1450 1451 -5.0
1452 1453 -5.0
1453 1454 -5.0
1454 1455 -5.0
1455 1456 -5.0
1457 1458 -5.0
1459 1460 -5.0
1460 1461 -5.0
1461 1462 -5.0
1462 1463 -5.0
1463 1464 -5.0
1464 1465 -5.0
1465 1466 -5.0
1466 1467 -5.0
1467 1468 -5.0
1468 1469 -5.0
1469 1470 -5.0
1470 1471 -5.0
1471 1472 -5.0
1472 1473 -5.0
1473 1474 -5.0
1474 1475 -5.0
1408 1476 -13.0
1409 1477 -13.0
1410 1478 -13.0
1411 1479 -13.0
1412 1480 -13.0
1414 1482 -13.0
1416 1483 -13.0
1417 1484 -13.0
1419 1485 -13.0
1420 1486 -13.0
1421 1487 -13.0
1423 1488 -13.0
1424 1489 -13.0
1425 1490 -13.0
1426 1491 -13.0
1427 1492 -13.0
1428 1493 -13.0
1429 1494 -13.0
1431 1496 -13.0
1432 1497 -13.0
1433 1498 -13.0
1434 1499 -13.0
1435 1500 -13.0
1436 1501 -13.0
1437 1502 -13.0
1438 1503 -13.0
1439 1504 -13.0
1440 1505 -13.0
1441 1506 -13.0
1442 1507 -13.0
1444 1508 -13.0
1445 1509 -13.0
1446 1510 -13.0
1447 1511 -13.0
1448 1512 -13.0
1449 1513 -13.0
1450 1514 -13.0
1451 1515 -13.0
1452 1517 -13.0
1453 1518 -13.0
1454 1519 -13.0
1456 1521 -13.0
1457 1523 -13.0
1458 1524 -13.0
1459 1525 -13.0
1460 1526 -13.0
1461 1527 -13.0
1462 1528 -13.0
1463 1529 -13.0
1464 1530 -13.0
1465 1531 -13.0
1466 1532 -13.0
1467 1533 -13.0
1468 1534 -13.0
1469 1535 -13.0
1470 1536 -13.0
1471 1537 -13.0
1472 1538 -13.0
1473 1539 -13.0
1474 1540 -13.0
1475 1541 -13.0
1476 1477 -5.0
1477 1478 -5.0
1478 1479 -5.0
1479 1480 -5.0
1480 1481 -5.0
1481 1482 -5.0
1483 1484 -5.0
1485 1486 -5.0
1486 1487 -5.0
1488 1489 -5.0
1489 1490 -5.0
1490 1491 -5.0
1491 1492 -5.0
1492 1493 -5.0
1494 1495 -5.0
1495 1496 -5.0
1496 1497 -5.0
1497 1498 -5.0
1498 1499 -5.0
1499 1500 -5.0
1500 1501 -5.0
1501 1502 -5.0
1502 1503 -5.0
1503 1504 -5.0
1504 1505 -5.0
1505 1506 -5.0
1506 1507 -5.0
1508 1509 -5.0
1509 1510 -5.0
1510 1511 -5.0
1511 1512 -5.0
1512 1513 -5.0
1513 1514 -5.0
1514 1515 -5.0
1515 1516 -5.0
1516 1517 -5.0
1517 1518 -5.0
1518 1519 -5.0
1519 1520 -5.0
1520 1521 -5.0
1521 1522 -5.0
1522 1523 -5.0
1523 1524 -5.0
1525 1526 -5.0
1526 1527 -5.0
1527 1528 -5.0
1528 1529 -5.0
1529 1530 -5.0
1530 1531 -5.0
1531 1532 -5.0
1532 1533 -5.0
1533 1534 -5.0
1534 1535 -5.0
1535 1536 -5.0
1536 1537 -5.0
1537 1538 -5.0
1538 1539 -5.0
1539 1540 -5.0
1540 1541 -5.0
1478 1544 -13.0
1480 1546 -13.0
1481 1547 -13.0
1482 1548 -13.0
1483 1549 -13.0
1484 1550 -13.0
1485 1551 -13.0
1487 1553 -13.0
1488 1554 -13.0
1492 1555 -13.0
1493 1556 -13.0
1494 1558 -13.0
1496 1559 -13.0
1497 1560 -13.0
1498 1561 -13.0
1499 1562 -13.0
1500 1563 -13.0
1501 1564 -13.0
1502 1565 -13.0
1503 1566 -13.0
1504 1567 -13.0
1505 1568 -13.0
1506 1569 -13.0
1507 1570 -13.0
1508 1571 -13.0
1510 1573 -13.0
1512 1575 -13.0
1513 1576 -13.0
1515 1578 -13.0
1516 1579 -13.0
1517 1580 -13.0
1519 1581 -13.0
1520 1582 -13.0
1521 1583 -13.0
1522 1584 -13.0
1523 1585 -13.0
1524 1586 -13.0
1525 1588 -13.0
1527 1589 -13.0
1528 1590 -13.0
1529 1591 -13.0
1531 1592 -13.0
1532 1593 -13.0
1533 1594 -13.0
1534 1595 -13.0
1535 1596 -13.0
1536 1597 -13.0
1537 1598 -13.0
1538 1599 -13.0
1540 1601 -13.0
1541 1602 -13.0
1542 1543 -5.0
1543 1544 -5.0
1544 1545 -5.0
1545 1546 -5.0
1546 1547 -5.0
1547 1548 -5.0
1549 1550 -5.0
1551 1552 -5.0
1552 1553 -5.0
1555 1556 -5.0
1556 1557 -5.0
1557 1558 -5.0
1559 1560 -5.0
1560 1561 -5.0
1561 1562 -5.0
1562 1563 -5.0
1563 1564 -5.0
1564 1565 -5.0
1565 1566 -5.0
1566 1567 -5.0
1567 1568 -5.0
1568 1569 -5.0
1569 1570 -5.0
1571 1572 -5.0
1572 1573 -5.0
1573 1574 -5.0
1574 1575 -5.0
1575 1576 -5.0
1576 1577 -5.0
1577 1578 -5.0
1578 1579 -5.0
1579 1580 -5.0
1581 1582 -5.0
1582 1583 -5.0
1583 1584 -5.0
1584 1585 -5.0
1585 1586 -5.0
1586 1587 -5.0
1587 1588 -5.0
1589 1590 -5.0
1590 1591 -5.0
1592 1593 -5.0
1593 1594 -5.0
1594 1595 -5.0
1595 1596 -5.0
1596 1597 -5.0
1597 1598 -5.0
1598 1599 -5.0
1599 1600 -5.0
1600 1601 -5.0
1601 1602 -5.0
1542 1603 -13.0
1543 1604 -13.0
1544 1605 -13.0
1545 1606 -13.0
1546 1607 -13.0
1548 1608 -13.0
1549 1610 -13.0
1550 1611 -13.0
1551 1613 -13.0
1552 1614 -13.0
1553 1615 -13.0
1554 1617 -13.0
1555 1621 -13.0
1556 1622 -13.0
1557 1623 -13.0
1558 1624 -13.0
1559 1625 -13.0
1560 1626 -13.0
1564 1627 -13.0
1565 1628 -13.0
1566 1629 -13.0
1567 1630 -13.0
1568 1631 -13.0
1570 1633 -13.0
1571 1635 -13.0
1572 1636 -13.0
1573 1637 -13.0
1574 1638 -13.0
1575 1639 -13.0
1576 1640 -13.0
1577 1641 -13.0
1578 1642 -13.0
1579 1643 -13.0
1580 1644 -13.0
1581 1645 -13.0
1583 1647 -13.0
1584 1648 -13.0
1585 1649 -13.0
1586 1650 -13.0
1587 1651 -13.0
1588 1652 -13.0
1589 1653 -13.0
1591 1655 -13.0
1592 1656 -13.0
1594 1657 -13.0
1595 1658 -13.0
1597 1660 -13.0
1599 1662 -13.0
1600 1663 -13.0
1601 1664 -13.0
1602 1665 -13.0
1603 1604 -5.0
1604 1605 -5.0
1605 1606 -5.0
1606 1607 -5.0
1608 1609 -5.0
1609 1610 -5.0
1610 1611 -5.0
1611 1612 -5.0
1612 1613 -5.0
1613 1614 -5.0
1614 1615 -5.0
1615 1616 -5.0
1616 1617 -5.0
1617 1618 -5.0
1618 1619 -5.0
1619 1620 -5.0
1620 1621 -5.0
1621 1622 -5.0
1622 1623 -5.0
1623 1624 -5.0
1625 1626 -5.0
1627 1628 -5.0
1628 1629 -5.0
1629 1630 -5.0
1630 1631 -5.0
1631 1632 -5.0
1632 1633 -5.0
1633 1634 -5.0
1634 1635 -5.0
1635 1636 -5.0
1636 1637 -5.0
1637 1638 -5.0
1638 1639 -5.0
1639 1640 -5.0
1640 1641 -5.0
1641 1642 -5.0
1642 1643 -5.0
1643 1644 -5.0
1645 1646 -5.0
1646 1647 -5.0
1647 1648 -5.0
1648 1649 -5.0
1649 1650 -5.0
1650 1651 -5.0
1651 1652 -5.0
1653 1654 -5.0
1654 1655 -5.0
1657 1658 -5.0
1658 1659 -5.0
1659 1660 -5.0
1660 1661 -5.0
1661 1662 -5.0
1662 1663 -5.0
1663 1664 -5.0
1664 1665 -5.0
1603 1666 -13.0
1604 1667 -13.0
1605 1668 -13.0
1606 1669 -13.0
1607 1670 -13.0
1608 1671 -13.0
1609 1672 -13.0
1610 1673 -13.0
1611 1674 -13.0
1612 1675 -13.0
1613 1676 -13.0
1614 1677 -13.0
1615 1678 -13.0
1616 1679 -13.0
1617 1680 -13.0
1618 1681 -13.0
1619 1682 -13.0
1620 1683 -13.0
1621 1684 -13.0
1622 1685 -13.0
1624 1687 -13.0
1625 1689 -13.0
1626 1690 -13.0
1627 1694 -13.0
1628 1695 -13.0
1629 1696 -13.0
1630 1697 -13.0
1631 1698 -13.0
1632 1699 -13.0
1633 1700 -13.0
1634 1701 -13.0
1635 1702 -13.0
1636 1703 -13.0
1637 1704 -13.0
1638 1705 -13.0
1639 1706 -13.0
1640 1707 -13.0
1642 1709 -13.0
1644 1710 -13.0
1645 1712 -13.0
1646 1713 -13.0
1647 1714 -13.0
1649 1716 -13.0
1650 1717 -13.0
1651 1718 -13.0
1652 1719 -13.0
1653 1721 -13.0
1654 1722 -13.0
1655 1723 -13.0
1656 1725 -13.0
1657 1726 -13.0
1658 1727 -13.0
1659 1728 -13.0
1660 1729 -13.0
1661 1730 -13.0
1662 1731 -13.0
1663 1732 -13.0
1664 1733 -13.0
1665 1734 -13.0
1666 1667 -5.0
1667 1668 -5.0
1668 1669 -5.0
1669 1670 -5.0
1671 1672 -5.0
1672 1673 -5.0
1673 1674 -5.0
1674 1675 -5.0
1675 1676 -5.0
1676 1677 -5.0
1677 1678 -5.0
1678 1679 -5.0
1679 1680 -5.0
1680 1681 -5.0
1681 1682 -5.0
1682 1683 -5.0
1683 1684 -5.0
1684 1685 -5.0
1685 1686 -5.0
1686 1687 -5.0
1687 1688 -5.0
1688 1689 -5.0
1689 1690 -5.0
1690 1691 -5.0
1691 1692 -5.0
1692 1693 -5.0
1693 1694 -5.0
1694 1695 -5.0
1695 1696 -5.0
1696 1697 -5.0
1697 1698 -5.0
1698 1699 -5.0
1699 1700 -5.0
1700 1701 -5.0
1701 1702 -5.0
1702 1703 -5.0
1703 1704 -5.0
1704 1705 -5.0
1705 1706 -5.0
1706 1707 -5.0
1707 1708 -5.0
1708 1709 -5.0
1710 1711 -5.0
1711 1712 -5.0
1712 1713 -5.0
1713 1714 -5.0
1714 1715 -5.0
1715 1716 -5.0
1716 1717 -5.0
1717 1718 -5.0
1718 1719 -5.0
1719 1720 -5.0
1720 1721 -5.0
1721 1722 -5.0
1722 1723 -5.0
1723 1724 -5.0
1724 1725 -5.0
1726 1727 -5.0
1727 1728 -5.0
1728 1729 -5.0
1729 1730 -5.0
1730 1731 -5.0
1731 1732 -5.0
1732 1733 -5.0
1733 1734 -5.0
1666 1735 -13.0
1667 1736 -13.0
1668 1737 -13.0
1669 1738 -13.0
1670 1739 -13.0
1671 1741 -13.0
1673 1743 -13.0
1674 1744 -13.0
1675 1745 -13.0
1676 1746 -13.0
1677 1747 -13.0
1678 1748 -13.0
1679 1749 -13.0
1680 1750 -13.0
1681 1751 -13.0
1682 1752 -13.0
1684 1754 -13.0
1685 1755 -13.0
1687 1756 -13.0
1688 1757 -13.0
1689 1758 -13.0
1690 1759 -13.0
1691 1760 -13.0
1692 1761 -13.0
1693 1762 -13.0
1694 1763 -13.0
1695 1764 -13.0
1696 1765 -13.0
1697 1766 -13.0
1698 1767 -13.0
1699 1768 -13.0
1702 1771 -13.0
1705 1774 -13.0
1706 1775 -13.0
1707 1776 -13.0
1708 1777 -13.0
1709 1778 -13.0
1710 1779 -13.0
1711 1780 -13.0
1712 1781 -13.0
1714 1783 -13.0
1715 1784 -13.0
1716 1785 -13.0
1718 1787 -13.0
1719 1788 -13.0
1720 1789 -13.0
1721 1790 -13.0
1722 1791 -13.0
1723 1792 -13.0
1724 1793 -13.0
1725 1794 -13.0
1726 1796 -13.0
1727 1797 -13.0
1729 1798 -13.0
1730 1799 -13.0
1731 1800 -13.0
1732 1801 -13.0
1733 1802 -13.0
1734 1803 -13.0
1735 1736 -5.0
1736 1737 -5.0
1737 1738 -5.0
1738 1739 -5.0
1739 1740 -5.0
1740 1741 -5.0
1741 1742 -5.0
1742 1743 -5.0
1743 1744 -5.0
1744 1745 -5.0
1745 1746 -5.0
1746 1747 -5.0
1747 1748 -5.0
1748 1749 -5.0
1749 1750 -5.0
1750 1751 -5.0
1751 1752 -5.0
1752 1753 -5.0
1753 1754 -5.0
1754 1755 -5.0
1756 1757 -5.0
1757 1758 -5.0
1758 1759 -5.0
1759 1760 -5.0
1760 1761 -5.0
1761 1762 -5.0
1762 1763 -5.0
1763 1764 -5.0
1764 1765 -5.0
1765 1766 -5.0
1766 1767 -5.0
1767 1768 -5.0
1768 1769 -5.0
1769 1770 -5.0
1770 1771 -5.0
1771 1772 -5.0
1772 1773 -5.0
1773 1774 -5.0
1774 1775 -5.0
1775 1776 -5.0
1776 1777 -5.0
1777 1778 -5.0
1779 1780 -5.0
1780 1781 -5.0
1781 1782 -5.0
1782 1783 -5.0
1783 1784 -5.0
1784 1785 -5.0
1785 1786 -5.0
1786 1787 -5.0
1787 1788 -5.0
1788 1789 -5.0
1789 1790 -5.0
1790 1791 -5.0
1791 1792 -5.0
1792 1793 -5.0
1793 1794 -5.0
1794 1795 -5.0
1795 1796 -5.0
1796 1797 -5.0
1798 1799 -5.0
1799 1800 -5.0
1800 1801 -5.0
1801 1802 -5.0
1802 1803 -5.0
1735 1804 -13.0
1736 1805 -13.0
1737 1806 -13.0
1738 1807 -13.0
1739 1808 -13.0
1740 1809 -13.0
1741 1810 -13.0
1742 1811 -13.0
1743 1812 -13.0
1744 1813 -13.0
1745 1814 -13.0
1746 1815 -13.0
1747 1816 -13.0
1748 1817 -13.0
1751 1820 -13.0
1752 1821 -13.0
1755 1824 -13.0
1756 1825 -13.0
1757 1826 -13.0
1758 1827 -13.0
1759 1828 -13.0
1760 1829 -13.0
1762 1830 -13.0
1763 1831 -13.0
1764 1832 -13.0
1766 1833 -13.0
1767 1834 -13.0
1768 1835 -13.0
1769 1836 -13.0
1770 1837 -13.0
1771 1838 -13.0
1772 1839 -13.0
1773 1840 -13.0
1776 1843 -13.0
1777 1844 -13.0
1778 1845 -13.0
1779 1847 -13.0
1781 1849 -13.0
1782 1850 -13.0
1783 1851 -13.0
1784 1852 -13.0
1786 1853 -13.0
1788 1855 -13.0
1789 1856 -13.0
1790 1857 -13.0
1791 1858 -13.0
1792 1859 -13.0
1794 1861 -13.0
1795 1862 -13.0
1796 1863 -13.0
1797 1864 -13.0
1798 1865 -13.0
1799 1866 -13.0
1801 1868 -13.0
1802 1869 -13.0
1803 1870 -13.0
1804 1805 -5.0
1805 1806 -5.0
1806 1807 -5.0
1807 1808 -5.0
1808 1809 -5.0
1809 1810 -5.0
1810 1811 -5.0
1811 1812 -5.0
1812 1813 -5.0
1813 1814 -5.0
1814 1815 -5.0
1815 1816 -5.0
1816 1817 -5.0
1817 1818 -5.0
1818 1819 -5.0
1819 1820 -5.0
1820 1821 -5.0
1821 1822 -5.0
1822 1823 -5.0
1823 1824 -5.0
1825 1826 -5.0
1826 1827 -5.0
1827 1828 -5.0
1828 1829 -5.0
1830 1831 -5.0
1831 1832 -5.0
1833 1834 -5.0
1834 1835 -5.0
1835 1836 -5.0
1836 1837 -5.0
1837 1838 -5.0
1838 1839 -5.0
1839 1840 -5.0
1840 1841 -5.0
1841 1842 -5.0
1842 1843 -5.0
1843 1844 -5.0
1844 1845 -5.0
1845 1846 -5.0
1846 1847 -5.0
1847 1848 -5.0
1848 1849 -5.0
1849 1850 -5.0
1850 1851 -5.0
1851 1852 -5.0
1853 1854 -5.0
1854 1855 -5.0
1855 1856 -5.0
1856 1857 -5.0
1857 1858 -5.0
1858 1859 -5.0
1859 1860 -5.0
1860 1861 -5.0
1861 1862 -5.0
1862 1863 -5.0
1863 1864 -5.0
1865 1866 -5.0
1866 1867 -5.0
1867 1868 -5.0
1868 1869 -5.0
1869 1870 -5.0
1804 1871 -13.0
1805 1872 -13.0
1806 1873 -13.0
1807 1874 -13.0
1808 1875 -13.0
1809 1876 -13.0
1810 1877 -13.0
1812 1879 -13.0
1813 1880 -13.0
1814 1881 -13.0
1815 1882 -13.0
1816 1883 -13.0
1817 1884 -13.0
1819 1885 -13.0
1821 1886 -13.0
1823 1888 -13.0
1824 1889 -13.0
1825 1891 -13.0
1826 1892 -13.0
1827 1893 -13.0
1829 1895 -13.0
1830 1896 -13.0
1831 1897 -13.0
1832 1898 -13.0
1833 1899 -13.0
1834 1900 -13.0
1835 1901 -13.0
1836 1902 -13.0
1837 1903 -13.0
1838 1904 -13.0
1839 1905 -13.0
1840 1906 -13.0
1842 1907 -13.0
1843 1908 -13.0
1844 1909 -13.0
1845 1910 -13.0
1846 1911 -13.0
1847 1912 -13.0
1848 1913 -13.0
1849 1914 -13.0
1850 1915 -13.0
1851 1916 -13.0
1852 1917 -13.0
1853 1918 -13.0
1854 1919 -13.0
1856 1920 -13.0
1857 1921 -13.0
1858 1922 -13.0
1859 1923 -13.0
1860 1924 -13.0
1861 1925 -13.0
1862 1926 -13.0
1863 1927 -13.0
1864 1928 -13.0
1865 1930 -13.0
1867 1931 -13.0
1868 1932 -13.0
1869 1933 -13.0
1871 1872 -5.0
1872 1873 -5.0
1873 1874 -5.0
1874 1875 -5.0
1875 1876 -5.0
1876 1877 -5.0
1877 1878 -5.0
1878 1879 -5.0
1879 1880 -5.0
1880 1881 -5.0
1881 1882 -5.0
1882 1883 -5.0
1883 1884 -5.0
1886 1887 -5.0
1887 1888 -5.0
1888 1889 -5.0
1889 1890 -5.0
1890 1891 -5.0
1891 1892 -5.0
1892 1893 -5.0
1893 1894 -5.0
1894 1895 -5.0
1896 1897 -5.0
1897 1898 -5.0
1899 1900 -5.0
1900 1901 -5.0
1901 1902 -5.0
1902 1903 -5.0
1903 1904 -5.0
1904 1905 -5.0
1905 1906 -5.0
1907 1908 -5.0
1908 1909 -5.0
1909 1910 -5.0
1910 1911 -5.0
1911 1912 -5.0
1912 1913 -5.0
1913 1914 -5.0
1914 1915 -5.0
1915 1916 -5.0
1916 1917 -5.0
1918 1919 -5.0
1920 1921 -5.0
1921 1922 -5.0
1922 1923 -5.0
1923 1924 -5.0
1924 1925 -5.0
1925 1926 -5.0
1926 1927 -5.0
1927 1928 -5.0
1928 1929 -5.0
1929 1930 -5.0
1931 1932 -5.0
1932 1933 -5.0
1933 1934 -5.0
1871 1935 -13.0
1872 1936 -13.0
1873 1937 -13.0
1874 1938 -13.0
1875 1939 -13.0
1876 1940 -13.0
1877 1941 -13.0
1878 1942 -13.0
1879 1943 -13.0
1880 1944 -13.0
1882 1946 -13.0
1883 1947 -13.0
1884 1948 -13.0
1885 1950 -13.0
1886 1951 -13.0
1888 1952 -13.0
1889 1953 -13.0
1890 1954 -13.0
1891 1955 -13.0
1894 1958 -13.0
1895 1959 -13.0
1896 1961 -13.0
1897 1962 -13.0
1898 1963 -13.0
1899 1965 -13.0
1900 1966 -13.0
1902 1968 -13.0
1903 1969 -13.0
1904 1970 -13.0
1905 1971 -13.0
1906 1972 -13.0
1907 1973 -13.0
1908 1974 -13.0
1909 1975 -13.0
1910 1976 -13.0
1911 1977 -13.0
1912 1978 -13.0
1913 1979 -13.0
1914 1980 -13.0
1916 1981 -13.0
1917 1982 -13.0
1918 1984 -13.0
1919 1985 -13.0
1920 1986 -13.0
1921 1987 -13.0
1923 1989 -13.0
1924 1990 -13.0
1925 1991 -13.0
1926 1992 -13.0
1927 1993 -13.0
1928 1994 -13.0
1929 1995 -13.0
1930 1996 -13.0
1931 1997 -13.0
1932 1998 -13.0
1933 1999 -13.0
1934 2000 -13.0
1935 1936 -5.0
1936 1937 -5.0
1937 1938 -5.0
1938 1939 -5.0
1939 1940 -5.0
1940 1941 -5.0
1941 1942 -5.0
1942 1943 -5.0
1943 1944 -5.0
1944 1945 -5.0
1945 1946 -5.0
1946 1947 -5.0
1947 1948 -5.0
1948 1949 -5.0
1949 1950 -5.0
1952 1953 -5.0
1953 1954 -5.0
1954 1955 -5.0
1955 1956 -5.0
1956 1957 -5.0
1957 1958 -5.0
1958 1959 -5.0
1959 1960 -5.0
1960 1961 -5.0
1961 1962 -5.0
1962 1963 -5.0
1963 1964 -5.0
1964 1965 -5.0
1965 1966 -5.0
1966 1967 -5.0
1967 1968 -5.0
1968 1969 -5.0
1969 1970 -5.0
1970 1971 -5.0
1971 1972 -5.0
1973 1974 -5.0
1974 1975 -5.0
1975 1976 -5.0
1976 1977 -5.0
1977 1978 -5.0
1978 1979 -5.0
1979 1980 -5.0
1981 1982 -5.0
1982 1983 -5.0
1983 1984 -5.0
1984 1985 -5.0
1986 1987 -5.0
1987 1988 -5.0
1988 1989 -5.0
1989 1990 -5.0
1990 1991 -5.0
1991 1992 -5.0
1992 1993 -5.0
1993 1994 -5.0
1994 1995 -5.0
1995 1996 -5.0
1997 1998 -5.0
1998 1999 -5.0
1999 2000 -5.0
1935 2001 -13.0
1936 2002 -13.0
1937 2003 -13.0
1938 2004 -13.0
1939 2005 -13.0
1940 2006 -13.0
1941 2007 -13.0
1943 2009 -13.0
1944 2010 -13.0
1945 2011 -13.0
1946 2012 -13.0
1947 2013 -13.0
1948 2014 -13.0
1949 2015 -13.0
1950 2016 -13.0
1951 2018 -13.0
1952 2019 -13.0
1953 2020 -13.0
1955 2022 -13.0
1956 2023 -13.0
1957 2024 -13.0
1958 2025 -13.0
1959 2026 -13.0
1960 2027 -13.0
1961 2028 -13.0
1963 2030 -13.0
1964 2031 -13.0
1965 2032 -13.0
1967 2034 -13.0
1968 2035 -13.0
1969 2036 -13.0
1970 2037 -13.0
1972 2039 -13.0
1973 2041 -13.0
1974 2042 -13.0
1975 2043 -13.0
1976 2044 -13.0
1977 2045 -13.0
1978 2046 -13.0
1979 2047 -13.0
1980 2048 -13.0
1981 2049 -13.0
1982 2050 -13.0
1983 2051 -13.0
1984 2052 -13.0
1985 2053 -13.0
1986 2055 -13.0
1987 2056 -13.0
1988 2057 -13.0
1989 2058 -13.0
1990 2059 -13.0
1991 2060 -13.0
1992 2061 -13.0
1993 2062 -13.0
1994 2063 -13.0
1995 2064 -13.0
1996 2065 -13.0
1997 2067 -13.0
1998 2068 -13.0
1999 2069 -13.0
2000 2070 -13.0
2001 2002 -5.0
2002 2003 -5.0
2003 2004 -5.0
2004 2005 -5.0
2005 2006 -5.0
2006 2007 -5.0
2007 2008 -5.0
2008 2009 -5.0
2009 2010 -5.0
2010 2011 -5.0
2011 2012 -5.0
2012 2013 -5.0
2013 2014 -5.0
2014 2015 -5.0
2015 2016 -5.0
2016 2017 -5.0
2017 2018 -5.0
2019 2020 -5.0
2020 2021 -5.0
2021 2022 -5.0
2022 2023 -5.0
2023 2024 -5.0
2024 2025 -5.0
2025 2026 -5.0
2026 2027 -5.0
2027 2028 -5.0
2028 2029 -5.0
2029 2030 -5.0
2030 2031 -5.0
2031 2032 -5.0
2032 2033 -5.0
2033 2034 -5.0
2034 2035 -5.0
2035 2036 -5.0
2036 2037 -5.0
2037 2038 -5.0
2038 2039 -5.0
2039 2040 -5.0
2040 2041 -5.0
2041 2042 -5.0
2042 2043 -5.0
2043 2044 -5.0
2044 2045 -5.0
2045 2046 -5.0
2046 2047 -5.0
2047 2048 -5.0
2049 2050 -5.0
2050 2051 -5.0
2051 2052 -5.0
2052 2053 -5.0
2053 2054 -5.0
2054 2055 -5.0
2055 2056 -5.0
2056 2057 -5.0
2057 2058 -5.0
2058 2059 -5.0
2059 2060 -5.0
2060 2061 -5.0
2061 2062 -5.0
2062 2063 -5.0
2063 2064 -5.0
2064 2065 -5.0
2065 2066 -5.0
2066 2067 -5.0
2067 2068 -5.0
2068 2069 -5.0
2069 2070 -5.0
2001 2071 -13.0
2002 2072 -13.0
2003 2073 -13.0
2004 2074 -13.0
2005 2075 -13.0
2007 2077 -13.0
2008 2078 -13.0
2009 2079 -13.0
2010 2080 -13.0
2012 2082 -13.0
2013 2083 -13.0
2014 2084 -13.0
2015 2085 -13.0
2016 2086 -13.0
2017 2087 -13.0
2018 2088 -13.0
2019 2090 -13.0
2020 2091 -13.0
2021 2092 -13.0
2022 2093 -13.0
2024 2095 -13.0
2025 2096 -13.0
2026 2097 -13.0
2027 2098 -13.0
2028 2099 -13.0
2029 2100 -13.0
2030 2101 -13.0
2031 2102 -13.0
2033 2103 -13.0
2035 2104 -13.0
2036 2105 -13.0
2037 2106 -13.0
2039 2107 -13.0
2040 2108 -13.0
2041 2109 -13.0
2042 2110 -13.0
2044 2112 -13.0
2045 2113 -13.0
2046 2114 -13.0
2047 2115 -13.0
2048 2116 -13.0
2049 2118 -13.0
2050 2119 -13.0
2051 2120 -13.0
2053 2121 -13.0
2054 2122 -13.0
2055 2123 -13.0
2056 2124 -13.0
2057 2125 -13.0
2058 2126 -13.0
2059 2127 -13.0
2060 2128 -13.0
2061 2129 -13.0
2062 2130 -13.0
2063 2131 -13.0
2064 2132 -13.0
2065 2133 -13.0
2066 2134 -13.0
2067 2135 -13.0
2068 2136 -13.0
2069 2137 -13.0
2070 2138 -13.0
2071 2072 -5.0
2072 2073 -5.0
2073 2074 -5.0
2074 2075 -5.0
2075 2076 -5.0
2076 2077 -5.0
2077 2078 -5.0
2078 2079 -5.0
2079 2080 -5.0
2080 2081 -5.0
2081 2082 -5.0
2082 2083 -5.0
2083 2084 -5.0
2084 2085 -5.0
2085 2086 -5.0
2086 2087 -5.0
2087 2088 -5.0
2088 2089 -5.0
2089 2090 -5.0
2090 2091 -5.0
2091 2092 -5.0
2092 2093 -5.0
2093 2094 -5.0
2094 2095 -5.0
2095 2096 -5.0
2096 2097 -5.0
2097 2098 -5.0
2098 2099 -5.0
2099 2100 -5.0
2100 2101 -5.0
2101 2102 -5.0
2104 2105 -5.0
2105 2106 -5.0
2107 2108 -5.0
2108 2109 -5.0
2109 2110 -5.0
2110 2111 -5.0
2111 2112 -5.0
2112 2113 -5.0
2113 2114 -5.0
2114 2115 -5.0
2115 2116 -5.0
2116 2117 -5.0
2117 2118 -5.0
2118 2119 -5.0
2119 2120 -5.0
2121 2122 -5.0
2122 2123 -5.0
2123 2124 -5.0
2124 2125 -5.0
2125 2126 -5.0
2126 2127 -5.0
2127 2128 -5.0
2128 2129 -5.0
2129 2130 -5.0
2130 2131 -5.0
2131 2132 -5.0
2132 2133 -5.0
2133 2134 -5.0
2134 2135 -5.0
2135 2136 -5.0
2136 2137 -5.0
2137 2138 -5.0
2071 2139 -13.0
2072 2140 -13.0
2073 2141 -13.0
2074 2142 -13.0
2075 2143 -13.0
2076 2144 -13.0
2077 2145 -13.0
2078 2146 -13.0
2079 2147 -13.0
2080 2148 -13.0
2081 2149 -13.0
2082 2150 -13.0
2084 2152 -13.0
2085 2153 -13.0
2086 2154 -13.0
2088 2156 -13.0
2089 2157 -13.0
2090 2158 -13.0
2091 2159 -13.0
2093 2160 -13.0
2094 2161 -13.0
2095 2162 -13.0
2096 2163 -13.0
2097 2164 -13.0
2099 2166 -13.0
2101 2167 -13.0
2102 2168 -13.0
2103 2170 -13.0
2104 2171 -13.0
2105 2172 -13.0
2106 2173 -13.0
2107 2174 -13.0
2109 2175 -13.0
2110 2176 -13.0
2112 2178 -13.0
2114 2180 -13.0
2116 2181 -13.0
2117 2182 -13.0
2118 2183 -13.0
2119 2184 -13.0
2120 2185 -13.0
2121 2186 -13.0
2122 2187 -13.0
2123 2188 -13.0
2124 2189 -13.0
2125 2190 -13.0
2126 2191 -13.0
2127 2192 -13.0
2128 2193 -13.0
2129 2194 -13.0
2130 2195 -13.0
2131 2196 -13.0
2132 2197 -13.0
2133 2198 -13.0
2134 2199 -13.0
2135 2200 -13.0
2138 2203 -13.0
2139 2140 -5.0
2140 2141 -5.0
2141 2142 -5.0
2142 2143 -5.0
2143 2144 -5.0
2144 2145 -5.0
2145 2146 -5.0
2146 2147 -5.0
2147 2148 -5.0
2148 2149 -5.0
2149 2150 -5.0
2150 2151 -5.0
2151 2152 -5.0
2152 2153 -5.0
2153 2154 -5.0
2154 2155 -5.0
2155 2156 -5.0
2156 2157 -5.0
2157 2158 -5.0
2158 2159 -5.0
2160 2161 -5.0
2161 2162 -5.0
2162 2163 -5.0
2163 2164 -5.0
2164 2165 -5.0
2165 2166 -5.0
2167 2168 -5.0
2168 2169 -5.0
2169 2170 -5.0
2171 2172 -5.0
2172 2173 -5.0
2175 2176 -5.0
2176 2177 -5.0
2177 2178 -5.0
2178 2179 -5.0
2179 2180 -5.0
2181 2182 -5.0
2182 2183 -5.0
2183 2184 -5.0
2184 2185 -5.0
2186 2187 -5.0
2187 2188 -5.0
2188 2189 -5.0
2189 2190 -5.0
2190 2191 -5.0
2191 2192 -5.0
2192 2193 -5.0
2193 2194 -5.0
2194 2195 -5.0
2195 2196 -5.0
2196 2197 -5.0
2197 2198 -5.0
2198 2199 -5.0
2199 2200 -5.0
2200 2201 -5.0
2201 2202 -5.0
2202 2203 -5.0
2139 2204 -13.0
2140 2205 -13.0
2142 2206 -13.0
2143 2207 -13.0
2145 2209 -13.0
2147 2211 -13.0
2148 2212 -13.0
2150 2213 -13.0
2151 2214 -13.0
2152 2215 -13.0
2154 2216 -13.0
2155 2217 -13.0
2156 2218 -13.0
2158 2220 -13.0
2159 2221 -13.0
2160 2222 -13.0
2161 2223 -13.0
2162 2224 -13.0
2164 2225 -13.0
2166 2226 -13.0
2167 2227 -13.0
2168 2228 -13.0
2170 2230 -13.0
2171 2232 -13.0
2172 2233 -13.0
2173 2234 -13.0
2174 2236 -13.0
2175 2237 -13.0
2176 2238 -13.0
2178 2239 -13.0
2180 2241 -13.0
2181 2242 -13.0
2182 2243 -13.0
2183 2244 -13.0
2184 2245 -13.0
2185 2246 -13.0
2186 2248 -13.0
2187 2249 -13.0
2189 2250 -13.0
2190 2251 -13.0
2191 2252 -13.0
2192 2253 -13.0
2193 2254 -13.0
2195 2256 -13.0
2196 2257 -13.0
2198 2259 -13.0
2199 2260 -13.0
2200 2261 -13.0
2201 2262 -13.0
2202 2263 -13.0
2203 2264 -13.0
2204 2205 -5.0
2206 2207 -5.0
2207 2208 -5.0
2208 2209 -5.0
2209 2210 -5.0
2210 2211 -5.0
2211 2212 -5.0
2213 2214 -5.0
2214 2215 -5.0
2216 2217 -5.0
2217 2218 -5.0
2218 2219 -5.0
2219 2220 -5.0
2220 2221 -5.0
2222 2223 -5.0
2223 2224 -5.0
2227 2228 -5.0
2228 2229 -5.0
2229 2230 -5.0
2230 2231 -5.0
2231 2232 -5.0
2232 2233 -5.0
2233 2234 -5.0
2234 2235 -5.0
2235 2236 -5.0
2237 2238 -5.0
2239 2240 -5.0
2240 2241 -5.0
2242 2243 -5.0
2243 2244 -5.0
2244 2245 -5.0
2245 2246 -5.0
2246 2247 -5.0
2247 2248 -5.0
2248 2249 -5.0
2250 2251 -5.0
2251 2252 -5.0
2252 2253 -5.0
2253 2254 -5.0
2254 2255 -5.0
2255 2256 -5.0
2256 2257 -5.0
2257 2258 -5.0
2258 2259 -5.0
2259 2260 -5.0
2260 2261 -5.0
2261 2262 -5.0
2262 2263 -5.0
2263 2264 -5.0
2204 2265 -13.0
2205 2266 -13.0
2206 2267 -13.0
2207 2268 -13.0
2208 2269 -13.0
2209 2270 -13.0
2210 2271 -13.0
2211 2272 -13.0
2212 2273 -13.0
2213 2274 -13.0
2214 2275 -13.0
2215 2276 -13.0
2216 2277 -13.0
2217 2278 -13.0
2218 2279 -13.0
2219 2280 -13.0
2220 2281 -13.0
2221 2282 -13.0
2222 2284 -13.0
2223 2285 -13.0
2224 2286 -13.0
2225 2287 -13.0
2226 2288 -13.0
2227 2290 -13.0
2228 2291 -13.0
2229 2292 -13.0
2230 2293 -13.0
2231 2294 -13.0
2232 2295 -13.0
2233 2296 -13.0
2234 2297 -13.0
2235 2298 -13.0
2236 2299 -13.0
2237 2301 -13.0
2238 2302 -13.0
2239 2303 -13.0
2241 2304 -13.0
2242 2306 -13.0
2243 2307 -13.0
2244 2308 -13.0
2245 2309 -13.0
2246 2310 -13.0
2247 2311 -13.0
2248 2312 -13.0
2249 2313 -13.0
2250 2314 -13.0
2251 2315 -13.0
2252 2316 -13.0
2253 2317 -13.0
2254 2318 -13.0
2255 2319 -13.0
2256 2320 -13.0
2257 2321 -13.0
2258 2322 -13.0
2259 2323 -13.0
2260 2324 -13.0
2261 2325 -13.0
2262 2326 -13.0
2263 2327 -13.0
2264 2328 -13.0
2265 2266 -5.0
2267 2268 -5.0
2268 2269 -5.0
2269 2270 -5.0
2270 2271 -5.0
2271 2272 -5.0
2272 2273 -5.0
2274 2275 -5.0
2275 2276 -5.0
2277 2278 -5.0
2278 2279 -5.0
2279 2280 -5.0
2280 2281 -5.0
2281 2282 -5.0
2282 2283 -5.0
2283 2284 -5.0
2284 2285 -5.0
2285 2286 -5.0
2288 2289 -5.0
2289 2290 -5.0
2290 2291 -5.0
2291 2292 -5.0
2292 2293 -5.0
2293 2294 -5.0
2294 2295 -5.0
2295 2296 -5.0
2296 2297 -5.0
2297 2298 -5.0
2298 2299 -5.0
2299 2300 -5.0
2300 2301 -5.0
2301 2302 -5.0
2304 2305 -5.0
2305 2306 -5.0
2306 2307 -5.0
2307 2308 -5.0
2308 2309 -5.0
2309 2310 -5.0
2310 2311 -5.0
2311 2312 -5.0
2312 2313 -5.0
2314 2315 -5.0
2315 2316 -5.0
2316 2317 -5.0
2317 2318 -5.0
2318 2319 -5.0
2319 2320 -5.0
2320 2321 -5.0
2321 2322 -5.0
2322 2323 -5.0
2323 2324 -5.0
2324 2325 -5.0
2325 2326 -5.0
2326 2327 -5.0
2327 2328 -5.0
2265 2329 -13.0
2266 2330 -13.0
2267 2332 -13.0
2268 2333 -13.0
2269 2334 -13.0
2270 2335 -13.0
2271 2336 -13.0
2272 2337 -13.0
2273 2338 -13.0
2274 2340 -13.0
2275 2341 -13.0
2276 2342 -13.0
2277 2344 -13.0
2278 2345 -13.0
2279 2346 -13.0
2280 2347 -13.0
2281 2348 -13.0
2282 2349 -13.0
2283 2350 -13.0
2284 2351 -13.0
2286 2353 -13.0
2287 2355 -13.0
2288 2357 -13.0
2289 2358 -13.0
2290 2359 -13.0
2291 2360 -13.0
2293 2362 -13.0
2295 2364 -13.0
2296 2365 -13.0
2297 2366 -13.0
2298 2367 -13.0
2299 2368 -13.0
2300 2369 -13.0
2301 2370 -13.0
2302 2371 -13.0
2303 2373 -13.0
2304 2374 -13.0
2305 2375 -13.0
2306 2376 -13.0
2308 2378 -13.0
2309 2379 -13.0
2310 2380 -13.0
2311 2381 -13.0
2313 2382 -13.0
2314 2384 -13.0
2316 2385 -13.0
2317 2386 -13.0
2318 2387 -13.0
2319 2388 -13.0
2320 2389 -13.0
2321 2390 -13.0
2323 2392 -13.0
2326 2395 -13.0
2327 2396 -13.0
2328 2397 -13.0
2329 2330 -5.0
2330 2331 -5.0
2331 2332 -5.0
2332 2333 -5.0
2333 2334 -5.0
2334 2335 -5.0
2335 2336 -5.0
2336 2337 -5.0
2337 2338 -5.0
2338 2339 -5.0
2339 2340 -5.0
2340 2341 -5.0
2341 2342 -5.0
2342 2343 -5.0
2343 2344 -5.0
2344 2345 -5.0
2345 2346 -5.0
2346 2347 -5.0
2347 2348 -5.0
2348 2349 -5.0
2349 2350 -5.0
2350 2351 -5.0
2351 2352 -5.0
2352 2353 -5.0
2353 2354 -5.0
2354 2355 -5.0
2355 2356 -5.0
2356 2357 -5.0
2357 2358 -5.0
2358 2359 -5.0
2359 2360 -5.0
2360 2361 -5.0
2361 2362 -5.0
2362 2363 -5.0
2363 2364 -5.0
2364 2365 -5.0
2365 2366 -5.0
2366 2367 -5.0
2367 2368 -5.0
2368 2369 -5.0
2369 2370 -5.0
2370 2371 -5.0
2371 2372 -5.0
2372 2373 -5.0
2374 2375 -5.0
2375 2376 -5.0
2376 2377 -5.0
2377 2378 -5.0
2378 2379 -5.0
2379 2380 -5.0
2380 2381 -5.0
2382 2383 -5.0
2383 2384 -5.0
2385 2386 -5.0
2386 2387 -5.0
2387 2388 -5.0
2388 2389 -5.0
2389 2390 -5.0
2390 2391 -5.0
2391 2392 -5.0
2392 2393 -5.0
2393 2394 -5.0
2394 2395 -5.0
2395 2396 -5.0
2396 2397 -5.0
2329 2398 -13.0
2330 2399 -13.0
2331 2400 -13.0
2332 2401 -13.0
2333 2402 -13.0
2334 2403 -13.0
2335 2404 -13.0
2337 2406 -13.0
2338 2407 -13.0
2339 2408 -13.0
2340 2409 -13.0
2342 2411 -13.0
2343 2412 -13.0
2344 2413 -13.0
2345 2414 -13.0
2346 2415 -13.0
2348 2416 -13.0
2349 2417 -13.0
2353 2418 -13.0
2354 2419 -13.0
2355 2420 -13.0
2356 2421 -13.0
2357 2422 -13.0
2358 2423 -13.0
2359 2424 -13.0
2360 2425 -13.0
2361 2426 -13.0
2362 2427 -13.0
2363 2428 -13.0
2364 2429 -13.0
2368 2430 -13.0
2369 2431 -13.0
2370 2432 -13.0
2371 2433 -13.0
2372 2434 -13.0
2373 2435 -13.0
2374 2437 -13.0
2376 2439 -13.0
2378 2440 -13.0
2379 2441 -13.0
2380 2442 -13.0
2381 2443 -13.0
2382 2444 -13.0
2383 2445 -13.0
2384 2446 -13.0
2385 2447 -13.0
2387 2448 -13.0
2388 2449 -13.0
2389 2450 -13.0
2390 2451 -13.0
2391 2452 -13.0
2392 2453 -13.0
2395 2456 -13.0
2396 2457 -13.0
2397 2458 -13.0
2398 2399 -5.0
2399 2400 -5.0
2400 2401 -5.0
2401 2402 -5.0
2402 2403 -5.0
2403 2404 -5.0
2404 2405 -5.0
2405 2406 -5.0
2406 2407 -5.0
2407 2408 -5.0
2408 2409 -5.0
2409 2410 -5.0
2410 2411 -5.0
2411 2412 -5.0
2412 2413 -5.0
2413 2414 -5.0
2414 2415 -5.0
2416 2417 -5.0
2418 2419 -5.0
2419 2420 -5.0
2420 2421 -5.0
2421 2422 -5.0
2422 2423 -5.0
2423 2424 -5.0
2424 2425 -5.0
2425 2426 -5.0
2426 2427 -5.0
2427 2428 -5.0
2428 2429 -5.0
2430 2431 -5.0
2431 2432 -5.0
2432 2433 -5.0
2433 2434 -5.0
2434 2435 -5.0
2435 2436 -5.0
2436 2437 -5.0
2437 2438 -5.0
2438 2439 -5.0
2440 2441 -5.0
2441 2442 -5.0
2442 2443 -5.0
2444 2445 -5.0
2445 2446 -5.0
2448 2449 -5.0
2449 2450 -5.0
2450 2451 -5.0
2451 2452 -5.0
2452 2453 -5.0
2453 2454 -5.0
2454 2455 -5.0
2455 2456 -5.0
2456 2457 -5.0
2457 2458 -5.0
2398 2459 -13.0
2399 2460 -13.0
2400 2461 -13.0
2402 2463 -13.0
2403 2464 -13.0
2404 2465 -13.0
2405 2466 -13.0
2406 2467 -13.0
2407 2468 -13.0
2409 2470 -13.0
2410 2471 -13.0
2411 2472 -13.0
2412 2473 -13.0
2413 2474 -13.0
2415 2476 -13.0
2416 2477 -13.0
2417 2478 -13.0
2418 2482 -13.0
2422 2483 -13.0
2423 2484 -13.0
2424 2485 -13.0
2425 2486 -13.0
2427 2488 -13.0
2428 2489 -13.0
2429 2490 -13.0
2430 2494 -13.0
2432 2496 -13.0
2433 2497 -13.0
2435 2499 -13.0
2436 2500 -13.0
2437 2501 -13.0
2438 2502 -13.0
2439 2503 -13.0
2440 2504 -13.0
2441 2505 -13.0
2442 2506 -13.0
2443 2507 -13.0
2444 2509 -13.0
2446 2511 -13.0
2447 2513 -13.0
2448 2514 -13.0
2449 2515 -13.0
2450 2516 -13.0
2451 2517 -13.0
2452 2518 -13.0
2453 2519 -13.0
2454 2520 -13.0
2455 2521 -13.0
2456 2522 -13.0
2457 2523 -13.0
2458 2524 -13.0
2459 2460 -5.0
2460 2461 -5.0
2461 2462 -5.0
2462 2463 -5.0
2463 2464 -5.0
2464 2465 -5.0
2465 2466 -5.0
2466 2467 -5.0
2467 2468 -5.0
2468 2469 -5.0
2469 2470 -5.0
2470 2471 -5.0
2471 2472 -5.0
2472 2473 -5.0
2473 2474 -5.0
2474 2475 -5.0
2475 2476 -5.0
2477 2478 -5.0
2478 2479 -5.0
2479 2480 -5.0
2480 2481 -5.0
2481 2482 -5.0
2483 2484 -5.0
2484 2485 -5.0
2485 2486 -5.0
2486 2487 -5.0
2487 2488 -5.0
2488 2489 -5.0
2489 2490 -5.0
2490 2491 -5.0
2491 2492 -5.0
2492 2493 -5.0
2493 2494 -5.0
2494 2495 -5.0
2495 2496 -5.0
2496 2497 -5.0
2497 2498 -5.0
2498 2499 -5.0
2499 2500 -5.0
2500 2501 -5.0
2501 2502 -5.0
2502 2503 -5.0
2504 2505 -5.0
2505 2506 -5.0
2506 2507 -5.0
2507 2508 -5.0
2508 2509 -5.0
2509 2510 -5.0
2510 2511 -5.0
2511 2512 -5.0
2512 2513 -5.0
2514 2515 -5.0
2515 2516 -5.0
2516 2517 -5.0
2517 2518 -5.0
2518 2519 -5.0
2519 2520 -5.0
2520 2521 -5.0
2521 2522 -5.0
2522 2523 -5.0
2523 2524 -5.0
2459 2525 -13.0
2460 2526 -13.0
2461 2527 -13.0
2462 2528 -13.0
2463 2529 -13.0
2465 2531 -13.0
2467 2533 -13.0
2468 2534 -13.0
2470 2536 -13.0
2471 2537 -13.0
2472 2538 -13.0
2474 2540 -13.0
2475 2541 -13.0
2476 2542 -13.0
2477 2544 -13.0
2478 2545 -13.0
2479 2546 -13.0
2480 2547 -13.0
2481 2548 -13.0
2482 2549 -13.0
2483 2553 -13.0
2485 2555 -13.0
2486 2556 -13.0
2487 2557 -13.0
2488 2558 -13.0
2490 2560 -13.0
2491 2561 -13.0
2492 2562 -13.0
2493 2563 -13.0
2494 2564 -13.0
2495 2565 -13.0
2496 2566 -13.0
2498 2567 -13.0
2499 2568 -13.0
2500 2569 -13.0
2501 2570 -13.0
2503 2572 -13.0
2504 2574 -13.0
2505 2575 -13.0
2506 2576 -13.0
2507 2577 -13.0
2508 2578 -13.0
2509 2579 -13.0
2510 2580 -13.0
2511 2581 -13.0
2512 2582 -13.0
2513 2583 -13.0
2514 2585 -13.0
2515 2586 -13.0
2516 2587 -13.0
2518 2589 -13.0
2519 2590 -13.0
2521 2592 -13.0
2522 2593 -13.0
2523 2594 -13.0
2524 2595 -13.0
2525 2526 -5.0
2526 2527 -5.0
2527 2528 -5.0
2528 2529 -5.0
2529 2530 -5.0
2530 2531 -5.0
2531 2532 -5.0
2532 2533 -5.0
2533 2534 -5.0
2534 2535 -5.0
2535 2536 -5.0
2536 2537 -5.0
2537 2538 -5.0
2538 2539 -5.0
2539 2540 -5.0
2540 2541 -5.0
2541 2542 -5.0
2542 2543 -5.0
2543 2544 -5.0
2544 2545 -5.0
2545 2546 -5.0
2546 2547 -5.0
2547 2548 -5.0
2548 2549 -5.0
2549 2550 -5.0
2550 2551 -5.0
2551 2552 -5.0
2552 2553 -5.0
2553 2554 -5.0
2554 2555 -5.0
2555 2556 -5.0
2556 2557 -5.0
2557 2558 -5.0
2558 2559 -5.0
2559 2560 -5.0
2560 2561 -5.0
2561 2562 -5.0
2562 2563 -5.0
2563 2564 -5.0
2564 2565 -5.0
2565 2566 -5.0
2567 2568 -5.0
2568 2569 -5.0
2569 2570 -5.0
2570 2571 -5.0
2571 2572 -5.0
2572 2573 -5.0
2573 2574 -5.0
2574 2575 -5.0
2575 2576 -5.0
2576 2577 -5.0
2577 2578 -5.0
2578 2579 -5.0
2579 2580 -5.0
2580 2581 -5.0
2581 2582 -5.0
2582 2583 -5.0
2583 2584 -5.0
2584 2585 -5.0
2585 2586 -5.0
2586 2587 -5.0
2587 2588 -5.0
2588 2589 -5.0
2589 2590 -5.0
2590 2591 -5.0
2591 2592 -5.0
2592 2593 -5.0
2593 2594 -5.0
2594 2595 -5.0
2525 2596 -13.0
2526 2597 -13.0
2527 2598 -13.0
2528 2599 -13.0
2529 2600 -13.0
2530 2601 -13.0
2531 2602 -13.0
2532 2603 -13.0
2533 2604 -13.0
2534 2605 -13.0
2535 2606 -13.0
2536 2607 -13.0
2537 2608 -13.0
2538 2609 -13.0
2539 2610 -13.0
2540 2611 -13.0
2542 2613 -13.0
2543 2614 -13.0
2544 2615 -13.0
2545 2616 -13.0
2549 2617 -13.0
2550 2618 -13.0
2551 2619 -13.0
2552 2620 -13.0
2553 2621 -13.0
2555 2623 -13.0
2556 2624 -13.0
2560 2625 -13.0
2561 2626 -13.0
2562 2627 -13.0
2563 2628 -13.0
2564 2629 -13.0
2565 2630 -13.0
2566 2631 -13.0
2567 2632 -13.0
2568 2633 -13.0
2570 2634 -13.0
2571 2635 -13.0
2572 2636 -13.0
2573 2637 -13.0
2574 2638 -13.0
2575 2639 -13.0
2576 2640 -13.0
2577 2641 -13.0
2579 2643 -13.0
2580 2644 -13.0
2581 2645 -13.0
2582 2646 -13.0
2583 2647 -13.0
2584 2648 -13.0
2585 2649 -13.0
2586 2650 -13.0
2587 2651 -13.0
2588 2652 -13.0
2590 2653 -13.0
2591 2654 -13.0
2592 2655 -13.0
2594 2657 -13.0
2595 2658 -13.0
2596 2597 -5.0
2597 2598 -5.0
2598 2599 -5.0
2599 2600 -5.0
2600 2601 -5.0
2601 2602 -5.0
2602 2603 -5.0
2603 2604 -5.0
2604 2605 -5.0
2605 2606 -5.0
2606 2607 -5.0
2607 2608 -5.0
2608 2609 -5.0
2609 2610 -5.0
2610 2611 -5.0
2611 2612 -5.0
2612 2613 -5.0
2613 2614 -5.0
2614 2615 -5.0
2615 2616 -5.0
2617 2618 -5.0
2618 2619 -5.0
2619 2620 -5.0
2620 2621 -5.0
2621 2622 -5.0
2622 2623 -5.0
2623 2624 -5.0
2625 2626 -5.0
2626 2627 -5.0
2627 2628 -5.0
2628 2629 -5.0
2629 2630 -5.0
2630 2631 -5.0
2632 2633 -5.0
2634 2635 -5.0
2635 2636 -5.0
2636 2637 -5.0
2637 2638 -5.0
2638 2639 -5.0
2639 2640 -5.0
2640 2641 -5.0
2641 2642 -5.0
2642 2643 -5.0
2643 2644 -5.0
2644 2645 -5.0
2645 2646 -5.0
2646 2647 -5.0
2647 2648 -5.0
2648 2649 -5.0
2649 2650 -5.0
2650 2651 -5.0
2651 2652 -5.0
2653 2654 -5.0
2654 2655 -5.0
2655 2656 -5.0
2656 2657 -5.0
2657 2658 -5.0
2596 2659 -13.0
2597 2660 -13.0
2598 2661 -13.0
2599 2662 -13.0
2600 2663 -13.0
2601 2664 -13.0
2602 2665 -13.0
2604 2667 -13.0
2605 2668 -13.0
2609 2669 -13.0
2610 2670 -13.0
2611 2671 -13.0
2613 2673 -13.0
2614 2674 -13.0
2615 2675 -13.0
2616 2676 -13.0
2617 2680 -13.0
2619 2682 -13.0
2621 2683 -13.0
2622 2684 -13.0
2623 2685 -13.0
2624 2686 -13.0
2625 2690 -13.0
2629 2691 -13.0
2630 2692 -13.0
2631 2693 -13.0
2632 2695 -13.0
2633 2696 -13.0
2634 2697 -13.0
2637 2700 -13.0
2638 2701 -13.0
2639 2702 -13.0
2640 2703 -13.0
2641 2704 -13.0
2642 2705 -13.0
2643 2706 -13.0
2645 2708 -13.0
2646 2709 -13.0
2647 2710 -13.0
2648 2711 -13.0
2649 2712 -13.0
2650 2713 -13.0
2651 2714 -13.0
2652 2715 -13.0
2653 2716 -13.0
2655 2718 -13.0
2656 2719 -13.0
2657 2720 -13.0
2658 2721 -13.0
2659 2660 -5.0
2660 2661 -5.0
2661 2662 -5.0
2662 2663 -5.0
2663 2664 -5.0
2664 2665 -5.0
2665 2666 -5.0
2666 2667 -5.0
2667 2668 -5.0
2669 2670 -5.0
2670 2671 -5.0
2671 2672 -5.0
2672 2673 -5.0
2673 2674 -5.0
2674 2675 -5.0
2675 2676 -5.0
2676 2677 -5.0
2677 2678 -5.0
2678 2679 -5.0
2679 2680 -5.0
2680 2681 -5.0
2681 2682 -5.0
2683 2684 -5.0
2684 2685 -5.0
2685 2686 -5.0
2686 2687 -5.0
2687 2688 -5.0
2688 2689 -5.0
2689 2690 -5.0
2691 2692 -5.0
2692 2693 -5.0
2693 2694 -5.0
2694 2695 -5.0
2695 2696 -5.0
2697 2698 -5.0
2698 2699 -5.0
2699 2700 -5.0
2700 2701 -5.0
2701 2702 -5.0
2702 2703 -5.0
2703 2704 -5.0
2704 2705 -5.0
2705 2706 -5.0
2706 2707 -5.0
2707 2708 -5.0
2708 2709 -5.0
2709 2710 -5.0
2710 2711 -5.0
2711 2712 -5.0
2712 2713 -5.0
2713 2714 -5.0
2714 2715 -5.0
2716 2717 -5.0
2717 2718 -5.0
2718 2719 -5.0
2719 2720 -5.0
2720 2721 -5.0
2659 2722 -13.0
2660 2723 -13.0
2661 2724 -13.0
2662 2725 -13.0
2663 2726 -13.0
2664 2727 -13.0
2665 2728 -13.0
2666 2729 -13.0
2667 2730 -13.0
2668 2731 -13.0
2669 2735 -13.0
2670 2736 -13.0
2671 2737 -13.0
2672 2738 -13.0
2673 2739 -13.0
2675 2741 -13.0
2676 2742 -13.0
2677 2743 -13.0
2678 2744 -13.0
2679 2745 -13.0
2680 2746 -13.0
2681 2747 -13.0
2682 2748 -13.0
2683 2749 -13.0
2684 2750 -13.0
2685 2751 -13.0
2686 2752 -13.0
2687 2753 -13.0
2688 2754 -13.0
2689 2755 -13.0
2690 2756 -13.0
2691 2760 -13.0
2692 2761 -13.0
2693 2762 -13.0
2694 2763 -13.0
2695 2764 -13.0
2696 2765 -13.0
2697 2767 -13.0
2698 2768 -13.0
2699 2769 -13.0
2700 2770 -13.0
2701 2771 -13.0
2702 2772 -13.0
2703 2773 -13.0
2704 2774 -13.0
2706 2775 -13.0
2707 2776 -13.0
2708 2777 -13.0
2709 2778 -13.0
2710 2779 -13.0
2711 2780 -13.0
2712 2781 -13.0
2713 2782 -13.0
2714 2783 -13.0
2715 2784 -13.0
2716 2786 -13.0
2717 2787 -13.0
2720 2790 -13.0
2721 2791 -13.0
2722 2723 -5.0
2723 2724 -5.0
2724 2725 -5.0
2725 2726 -5.0
2726 2727 -5.0
2727 2728 -5.0
2728 2729 -5.0
2729 2730 -5.0
2730 2731 -5.0
2731 2732 -5.0
2732 2733 -5.0
2733 2734 -5.0
2734 2735 -5.0
2735 2736 -5.0
2736 2737 -5.0
2737 2738 -5.0
2738 2739 -5.0
2739 2740 -5.0
2740 2741 -5.0
2741 2742 -5.0
2742 2743 -5.0
2743 2744 -5.0
2744 2745 -5.0
2745 2746 -5.0
2746 2747 -5.0
2747 2748 -5.0
2749 2750 -5.0
2750 2751 -5.0
2751 2752 -5.0
2752 2753 -5.0
2753 2754 -5.0
2754 2755 -5.0
2755 2756 -5.0
2756 2757 -5.0
2757 2758 -5.0
2758 2759 -5.0
2759 2760 -5.0
2760 2761 -5.0
2761 2762 -5.0
2762 2763 -5.0
2763 2764 -5.0
2764 2765 -5.0
2765 2766 -5.0
2766 2767 -5.0
2767 2768 -5.0
2768 2769 -5.0
2769 2770 -5.0
2770 2771 -5.0
2771 2772 -5.0
2772 2773 -5.0
2773 2774 -5.0
2775 2776 -5.0
2776 2777 -5.0
2777 2778 -5.0
2778 2779 -5.0
2779 2780 -5.0
2780 2781 -5.0
2781 2782 -5.0
2782 2783 -5.0
2783 2784 -5.0
2784 2785 -5.0
2785 2786 -5.0
2786 2787 -5.0
2787 2788 -5.0
2788 2789 -5.0
2789 2790 -5.0
2790 2791 -5.0
2722 2792 -13.0
2723 2793 -13.0
2724 2794 -13.0
2725 2795 -13.0
2726 2796 -13.0
2727 2797 -13.0
2730 2800 -13.0
2731 2801 -13.0
2732 2802 -13.0
2733 2803 -13.0
2734 2804 -13.0
2735 2805 -13.0
2739 2806 -13.0
2741 2808 -13.0
2742 2809 -13.0
2743 2810 -13.0
2745 2812 -13.0
2746 2813 -13.0
2748 2815 -13.0
2749 2817 -13.0
2750 2818 -13.0
2751 2819 -13.0
2752 2820 -13.0
2754 2822 -13.0
2756 2823 -13.0
2757 2824 -13.0
2758 2825 -13.0
2759 2826 -13.0
2760 2827 -13.0
2761 2828 -13.0
2762 2829 -13.0
2763 2830 -13.0
2764 2831 -13.0
2765 2832 -13.0
2766 2833 -13.0
2767 2834 -13.0
2769 2836 -13.0
2770 2837 -13.0
2771 2838 -13.0
2772 2839 -13.0
2773 2840 -13.0
2774 2841 -13.0
2775 2842 -13.0
2776 2843 -13.0
2778 2845 -13.0
2779 2846 -13.0
2780 2847 -13.0
2781 2848 -13.0
2782 2849 -13.0
2783 2850 -13.0
2784 2851 -13.0
2785 2852 -13.0
2786 2853 -13.0
2787 2854 -13.0
2788 2855 -13.0
2789 2856 -13.0
2790 2857 -13.0
2791 2858 -13.0
2792 2793 -5.0
2793 2794 -5.0
2794 2795 -5.0
2795 2796 -5.0
2796 2797 -5.0
2797 2798 -5.0
2798 2799 -5.0
2799 2800 -5.0
2800 2801 -5.0
2801 2802 -5.0
2802 2803 -5.0
2803 2804 -5.0
2804 2805 -5.0
2806 2807 -5.0
2807 2808 -5.0
2808 2809 -5.0
2809 2810 -5.0
2810 2811 -5.0
2811 2812 -5.0
2812 2813 -5.0
2813 2814 -5.0
2814 2815 -5.0
2815 2816 -5.0
2816 2817 -5.0
2817 2818 -5.0
2818 2819 -5.0
2819 2820 -5.0
2820 2821 -5.0
2821 2822 -5.0
2823 2824 -5.0
2824 2825 -5.0
2825 2826 -5.0
2826 2827 -5.0
2827 2828 -5.0
2828 2829 -5.0
2829 2830 -5.0
2830 2831 -5.0
2831 2832 -5.0
2832 2833 -5.0
2833 2834 -5.0
2834 2835 -5.0
2835 2836 -5.0
2836 2837 -5.0
2837 2838 -5.0
2838 2839 -5.0
2839 2840 -5.0
2840 2841 -5.0
2842 2843 -5.0
2843 2844 -5.0
2844 2845 -5.0
2845 2846 -5.0
2846 2847 -5.0
2847 2848 -5.0
2848 2849 -5.0
2849 2850 -5.0
2850 2851 -5.0
2851 2852 -5.0
2852 2853 -5.0
2853 2854 -5.0
2854 2855 -5.0
2855 2856 -5.0
2856 2857 -5.0
2857 2858 -5.0
2792 2859 -13.0
2793 2860 -13.0
2794 2861 -13.0
2796 2862 -13.0
2797 2863 -13.0
2798 2864 -13.0
2799 2865 -13.0
2800 2866 -13.0
2801 2867 -13.0
2803 2869 -13.0
2804 2870 -13.0
2805 2871 -13.0
2806 2875 -13.0
2807 2876 -13.0
2808 2877 -13.0
2809 2878 -13.0
2810 2879 -13.0
2811 2880 -13.0
2812 2881 -13.0
2813 2882 -13.0
2814 2883 -13.0
2815 2884 -13.0
2816 2885 -13.0
2817 2886 -13.0
2818 2887 -13.0
2819 2888 -13.0
2820 2889 -13.0
2821 2890 -13.0
2822 2891 -13.0
2823 2892 -13.0
2825 2894 -13.0
2826 2895 -13.0
2827 2896 -13.0
2828 2897 -13.0
2829 2898 -13.0
2830 2899 -13.0
2831 2900 -13.0
2832 2901 -13.0
2834 2903 -13.0
2835 2904 -13.0
2836 2905 -13.0
2838 2906 -13.0
2840 2908 -13.0
2841 2909 -13.0
2842 2911 -13.0
2844 2913 -13.0
2845 2914 -13.0
2846 2915 -13.0
2847 2916 -13.0
2848 2917 -13.0
2850 2919 -13.0
2851 2920 -13.0
2852 2921 -13.0
2854 2923 -13.0
2855 2924 -13.0
2856 2925 -13.0
2857 2926 -13.0
2858 2927 -13.0
2859 2860 -5.0
2860 2861 -5.0
2862 2863 -5.0
2863 2864 -5.0
2864 2865 -5.0
2865 2866 -5.0
2866 2867 -5.0
2867 2868 -5.0
2868 2869 -5.0
2869 2870 -5.0
2870 2871 -5.0
2871 2872 -5.0
2872 2873 -5.0
2873 2874 -5.0
2874 2875 -5.0
2875 2876 -5.0
2876 2877 -5.0
2877 2878 -5.0
2878 2879 -5.0
2879 2880 -5.0
2880 2881 -5.0
2881 2882 -5.0
2882 2883 -5.0
2883 2884 -5.0
2884 2885 -5.0
2885 2886 -5.0
2886 2887 -5.0
2887 2888 -5.0
2888 2889 -5.0
2889 2890 -5.0
2890 2891 -5.0
2892 2893 -5.0
2893 2894 -5.0
2894 2895 -5.0
2895 2896 -5.0
2896 2897 -5.0
2897 2898 -5.0
2898 2899 -5.0
2899 2900 -5.0
2900 2901 -5.0
2901 2902 -5.0
2902 2903 -5.0
2903 2904 -5.0
2904 2905 -5.0
2906 2907 -5.0
2907 2908 -5.0
2908 2909 -5.0
2909 2910 -5.0
2910 2911 -5.0
2911 2912 -5.0
2912 2913 -5.0
2913 2914 -5.0
2914 2915 -5.0
2915 2916 -5.0
2916 2917 -5.0
2917 2918 -5.0
2918 2919 -5.0
2919 2920 -5.0
2920 2921 -5.0
2921 2922 -5.0
2922 2923 -5.0
2923 2924 -5.0
2924 2925 -5.0
2925 2926 -5.0
2926 2927 -5.0
2859 2928 -13.0
2860 2929 -13.0
2861 2930 -13.0
2862 2931 -13.0
2863 2932 -13.0
2864 2933 -13.0
2865 2934 -13.0
2866 2935 -13.0
2867 2936 -13.0
2868 2937 -13.0
2869 2938 -13.0
2870 2939 -13.0
2871 2940 -13.0
2872 2941 -13.0
2873 2942 -13.0
2874 2943 -13.0
2875 2944 -13.0
2876 2945 -13.0
2877 2946 -13.0
2878 2947 -13.0
2880 2948 -13.0
2881 2949 -13.0
2882 2950 -13.0
2884 2951 -13.0
2886 2952 -13.0
2888 2954 -13.0
2889 2955 -13.0
2891 2956 -13.0
2892 2958 -13.0
2893 2959 -13.0
2894 2960 -13.0
2895 2961 -13.0
2896 2962 -13.0
2897 2963 -13.0
2898 2964 -13.0
2899 2965 -13.0
2900 2966 -13.0
2901 2967 -13.0
2902 2968 -13.0
2903 2969 -13.0
2905 2971 -13.0
2906 2972 -13.0
2907 2973 -13.0
2908 2974 -13.0
2909 2975 -13.0
2911 2976 -13.0
2912 2977 -13.0
2913 2978 -13.0
2914 2979 -13.0
2915 2980 -13.0
2917 2982 -13.0
2918 2983 -13.0
2919 2984 -13.0
2920 2985 -13.0
2921 2986 -13.0
2922 2987 -13.0
2923 2988 -13.0
2924 2989 -13.0
2925 2990 -13.0
2926 2991 -13.0
2927 2992 -13.0
2928 2929 -5.0
2929 2930 -5.0
2931 2932 -5.0
2932 2933 -5.0
2933 2934 -5.0
2934 2935 -5.0
2935 2936 -5.0
2936 2937 -5.0
2937 2938 -5.0
2938 2939 -5.0
2939 2940 -5.0
2940 2941 -5.0
2941 2942 -5.0
2942 2943 -5.0
2943 2944 -5.0
2944 2945 -5.0
2945 2946 -5.0
2946 2947 -5.0
2948 2949 -5.0
2949 2950 -5.0
2952 2953 -5.0
2953 2954 -5.0
2954 2955 -5.0
2956 2957 -5.0
2957 2958 -5.0
2958 2959 -5.0
2959 2960 -5.0
2960 2961 -5.0
2961 2962 -5.0
2962 2963 -5.0
2963 2964 -5.0
2964 2965 -5.0
2965 2966 -5.0
2966 2967 -5.0
2967 2968 -5.0
2968 2969 -5.0
2969 2970 -5.0
2970 2971 -5.0
2972 2973 -5.0
2973 2974 -5.0
2974 2975 -5.0
2976 2977 -5.0
2977 2978 -5.0
2978 2979 -5.0
2979 2980 -5.0
2980 2981 -5.0
2981 2982 -5.0
2982 2983 -5.0
2983 2984 -5.0
2984 2985 -5.0
2985 2986 -5.0
2986 2987 -5.0
2987 2988 -5.0
2988 2989 -5.0
2989 2990 -5.0
2990 2991 -5.0
2991 2992 -5.0
2928 2993 -13.0
2929 2994 -13.0
2930 2995 -13.0
2931 2997 -13.0
2932 2998 -13.0
2933 2999 -13.0
2934 3000 -13.0
2935 3001 -13.0
2936 3002 -13.0
2938 3004 -13.0
2940 3006 -13.0
2942 3008 -13.0
2943 3009 -13.0
2944 3010 -13.0
2946 3012 -13.0
2947 3013 -13.0
2948 3014 -13.0
2949 3015 -13.0
2950 3016 -13.0
2951 3017 -13.0
2952 3018 -13.0
2953 3019 -13.0
2954 3020 -13.0
2955 3021 -13.0
2956 3022 -13.0
2957 3023 -13.0
2958 3024 -13.0
2959 3025 -13.0
2960 3026 -13.0
2961 3027 -13.0
2962 3028 -13.0
2963 3029 -13.0
2964 3030 -13.0
2965 3031 -13.0
2966 3032 -13.0
2967 3033 -13.0
2968 3034 -13.0
2969 3035 -13.0
2970 3036 -13.0
2971 3037 -13.0
2972 3039 -13.0
2973 3040 -13.0
2974 3041 -13.0
2975 3042 -13.0
2976 3043 -13.0
2979 3046 -13.0
2980 3047 -13.0
2981 3048 -13.0
2982 3049 -13.0
2983 3050 -13.0
2984 3051 -13.0
2985 3052 -13.0
2986 3053 -13.0
2987 3054 -13.0
2988 3055 -13.0
2989 3056 -13.0
2990 3057 -13.0
2991 3058 -13.0
2992 3059 -13.0
2993 2994 -5.0
2994 2995 -5.0
2995 2996 -5.0
2996 2997 -5.0
2997 2998 -5.0
2998 2999 -5.0
2999 3000 -5.0
3000 3001 -5.0
3001 3002 -5.0
3002 3003 -5.0
3003 3004 -5.0
3004 3005 -5.0
3005 3006 -5.0
3006 3007 -5.0
3007 3008 -5.0
3008 3009 -5.0
3009 3010 -5.0
3010 3011 -5.0
3011 3012 -5.0
3012 3013 -5.0
3014 3015 -5.0
3015 3016 -5.0
3018 3019 -5.0
3019 3020 -5.0
3020 3021 -5.0
3022 3023 -5.0
3023 3024 -5.0
3024 3025 -5.0
3025 3026 -5.0
3026 3027 -5.0
3027 3028 -5.0
3028 3029 -5.0
3029 3030 -5.0
3030 3031 -5.0
3031 3032 -5.0
3032 3033 -5.0
3033 3034 -5.0
3034 3035 -5.0
3035 3036 -5.0
3036 3037 -5.0
3037 3038 -5.0
3038 3039 -5.0
3039 3040 -5.0
3040 3041 -5.0
3041 3042 -5.0
3043 3044 -5.0
3044 3045 -5.0
3045 3046 -5.0
3046 3047 -5.0
3047 3048 -5.0
3048 3049 -5.0
3049 3050 -5.0
3050 3051 -5.0
3051 3052 -5.0
3052 3053 -5.0
3053 3054 -5.0
3054 3055 -5.0
3055 3056 -5.0
3056 3057 -5.0
3057 3058 -5.0
3058 3059 -5.0
2993 3060 -13.0
2994 3061 -13.0
2995 3062 -13.0
2996 3063 -13.0
2997 3064 -13.0
2999 3065 -13.0
3000 3066 -13.0
3001 3067 -13.0
3002 3068 -13.0
3003 3069 -13.0
3004 3070 -13.0
3005 3071 -13.0
3006 3072 -13.0
3007 3073 -13.0
3008 3074 -13.0
3009 3075 -13.0
3010 3076 -13.0
3011 3077 -13.0
3012 3078 -13.0
3013 3079 -13.0
3014 3081 -13.0
3016 3083 -13.0
3017 3085 -13.0
3018 3087 -13.0
3019 3088 -13.0
3020 3089 -13.0
3021 3090 -13.0
3022 3092 -13.0
3024 3093 -13.0
3026 3095 -13.0
3027 3096 -13.0
3028 3097 -13.0
3029 3098 -13.0
3030 3099 -13.0
3031 3100 -13.0
3033 3101 -13.0
3034 3102 -13.0
3035 3103 -13.0
3037 3105 -13.0
3038 3106 -13.0
3039 3107 -13.0
3040 3108 -13.0
3041 3109 -13.0
3042 3110 -13.0
3043 3112 -13.0
3044 3113 -13.0
3046 3115 -13.0
3047 3116 -13.0
3048 3117 -13.0
3049 3118 -13.0
3050 3119 -13.0
3051 3120 -13.0
3052 3121 -13.0
3053 3122 -13.0
3054 3123 -13.0
3055 3124 -13.0
3056 3125 -13.0
3057 3126 -13.0
3058 3127 -13.0
3059 3128 -13.0
3060 3061 -5.0
3061 3062 -5.0
3062 3063 -5.0
3063 3064 -5.0
3065 3066 -5.0
3066 3067 -5.0
3067 3068 -5.0
3068 3069 -5.0
3069 3070 -5.0
3070 3071 -5.0
3071 3072 -5.0
3072 3073 -5.0
3073 3074 -5.0
3074 3075 -5.0
3075 3076 -5.0
3076 3077 -5.0
3077 3078 -5.0
3078 3079 -5.0
3079 3080 -5.0
3080 3081 -5.0
3081 3082 -5.0
3082 3083 -5.0
3083 3084 -5.0
3084 3085 -5.0
3085 3086 -5.0
3086 3087 -5.0
3087 3088 -5.0
3088 3089 -5.0
3089 3090 -5.0
3090 3091 -5.0
3091 3092 -5.0
3093 3094 -5.0
3094 3095 -5.0
3095 3096 -5.0
3096 3097 -5.0
3097 3098 -5.0
3098 3099 -5.0
3099 3100 -5.0
3101 3102 -5.0
3102 3103 -5.0
3103 3104 -5.0
3104 3105 -5.0
3105 3106 -5.0
3106 3107 -5.0
3107 3108 -5.0
3108 3109 -5.0
3109 3110 -5.0
3110 3111 -5.0
3111 3112 -5.0
3112 3113 -5.0
3113 3114 -5.0
3114 3115 -5.0
3115 3116 -5.0
3116 3117 -5.0
3117 3118 -5.0
3118 3119 -5.0
3119 3120 -5.0
3120 3121 -5.0
3121 3122 -5.0
3122 3123 -5.0
3123 3124 -5.0
3124 3125 -5.0
3125 3126 -5.0
3126 3127 -5.0
3127 3128 -5.0
3060 3129 -13.0
3061 3130 -13.0
3062 3131 -13.0
3064 3132 -13.0
3065 3133 -13.0
3066 3134 -13.0
3067 3135 -13.0
3068 3136 -13.0
3070 3137 -13.0
3071 3138 -13.0
3072 3139 -13.0
3073 3140 -13.0
3074 3141 -13.0
3075 3142 -13.0
3076 3143 -13.0
3077 3144 -13.0
3078 3145 -13.0
3079 3146 -13.0
3080 3147 -13.0
3081 3148 -13.0
3082 3149 -13.0
3083 3150 -13.0
3084 3151 -13.0
3085 3152 -13.0
3086 3153 -13.0
3087 3154 -13.0
3088 3155 -13.0
3089 3156 -13.0
3090 3157 -13.0
3091 3158 -13.0
3092 3159 -13.0
3093 3160 -13.0
3094 3161 -13.0
3095 3162 -13.0
3096 3163 -13.0
3097 3164 -13.0
3098 3165 -13.0
3099 3166 -13.0
3100 3167 -13.0
3101 3168 -13.0
3102 3169 -13.0
3103 3170 -13.0
3104 3171 -13.0
3105 3172 -13.0
3106 3173 -13.0
3107 3174 -13.0
3108 3175 -13.0
3109 3176 -13.0
3110 3177 -13.0
3111 3178 -13.0
3112 3179 -13.0
3113 3180 -13.0
3114 3181 -13.0
3115 3182 -13.0
3116 3183 -13.0
3119 3186 -13.0
3120 3187 -13.0
3121 3188 -13.0
3122 3189 -13.0
3123 3190 -13.0
3124 3191 -13.0
3125 3192 -13.0
3126 3193 -13.0
3127 3194 -13.0
3129 3130 -5.0
3130 3131 -5.0
3133 3134 -5.0
3134 3135 -5.0
3135 3136 -5.0
3137 3138 -5.0
3138 3139 -5.0
3139 3140 -5.0
3140 3141 -5.0
3141 3142 -5.0
3142 3143 -5.0
3143 3144 -5.0
3144 3145 -5.0
3145 3146 -5.0
3146 3147 -5.0
3147 3148 -5.0
3148 3149 -5.0
3149 3150 -5.0
3150 3151 -5.0
3151 3152 -5.0
3152 3153 -5.0
3153 3154 -5.0
3154 3155 -5.0
3155 3156 -5.0
3156 3157 -5.0
3157 3158 -5.0
3158 3159 -5.0
3160 3161 -5.0
3161 3162 -5.0
3162 3163 -5.0
3163 3164 -5.0
3164 3165 -5.0
3165 3166 -5.0
3166 3167 -5.0
3168 3169 -5.0
3169 3170 -5.0
3170 3171 -5.0
3171 3172 -5.0
3172 3173 -5.0
3173 3174 -5.0
3174 3175 -5.0
3175 3176 -5.0
3176 3177 -5.0
3177 3178 -5.0
3178 3179 -5.0
3179 3180 -5.0
3180 3181 -5.0
3181 3182 -5.0
3182 3183 -5.0
3183 3184 -5.0
3184 3185 -5.0
3185 3186 -5.0
3186 3187 -5.0
3187 3188 -5.0
3188 3189 -5.0
3189 3190 -5.0
3190 3191 -5.0
3191 3192 -5.0
3192 3193 -5.0
3193 3194 -5.0
3194 3195 -5.0
3129 3196 -13.0
3130 3197 -13.0
3131 3198 -13.0
3132 3199 -13.0
3133 3201 -13.0
3134 3202 -13.0
3135 3203 -13.0
3136 3204 -13.0
3137 3205 -13.0
3139 3206 -13.0
3140 3207 -13.0
3141 3208 -13.0
3142 3209 -13.0
3143 3210 -13.0
3144 3211 -13.0
3145 3212 -13.0
3146 3213 -13.0
3148 3214 -13.0
3149 3215 -13.0
3150 3216 -13.0
3151 3217 -13.0
3153 3219 -13.0
3154 3220 -13.0
3156 3222 -13.0
3157 3223 -13.0
3159 3225 -13.0
3160 3227 -13.0
3161 3228 -13.0
3163 3230 -13.0
3164 3231 -13.0
3165 3232 -13.0
3166 3233 -13.0
3167 3234 -13.0
3168 3236 -13.0
3169 3237 -13.0
3170 3238 -13.0
3172 3240 -13.0
3173 3241 -13.0
3174 3242 -13.0
3175 3243 -13.0
3176 3244 -13.0
3177 3245 -13.0
3179 3247 -13.0
3180 3248 -13.0
3181 3249 -13.0
3184 3252 -13.0
3185 3253 -13.0
3186 3254 -13.0
3187 3255 -13.0
3188 3256 -13.0
3189 3257 -13.0
3190 3258 -13.0
3191 3259 -13.0
3192 3260 -13.0
3193 3261 -13.0
3194 3262 -13.0
3195 3263 -13.0
3196 3197 -5.0
3197 3198 -5.0
3199 3200 -5.0
3200 3201 -5.0
3201 3202 -5.0
3202 3203 -5.0
3203 3204 -5.0
3206 3207 -5.0
3207 3208 -5.0
3208 3209 -5.0
3209 3210 -5.0
3210 3211 -5.0
3211 3212 -5.0
3212 3213 -5.0
3214 3215 -5.0
3215 3216 -5.0
3216 3217 -5.0
3217 3218 -5.0
3218 3219 -5.0
3219 3220 -5.0
3220 3221 -5.0
3221 3222 -5.0
3222 3223 -5.0
3223 3224 -5.0
3224 3225 -5.0
3225 3226 -5.0
3226 3227 -5.0
3227 3228 -5.0
3228 3229 -5.0
3229 3230 -5.0
3230 3231 -5.0
3231 3232 -5.0
3232 3233 -5.0
3233 3234 -5.0
3234 3235 -5.0
3235 3236 -5.0
3236 3237 -5.0
3237 3238 -5.0
3238 3239 -5.0
3239 3240 -5.0
3240 3241 -5.0
3241 3242 -5.0
3242 3243 -5.0
3243 3244 -5.0
3244 3245 -5.0
3245 3246 -5.0
3246 3247 -5.0
3247 3248 -5.0
3248 3249 -5.0
3249 3250 -5.0
3250 3251 -5.0
3251 3252 -5.0
3252 3253 -5.0
3253 3254 -5.0
3254 3255 -5.0
3255 3256 -5.0
3256 3257 -5.0
3257 3258 -5.0
3258 3259 -5.0
3259 3260 -5.0
3260 3261 -5.0
3261 3262 -5.0
3262 3263 -5.0
