MULTICUT
1 353 -2.0
1 355 -2.0
1 709 -2.0
1 519 -1.0
1 265 -4.0
1 525 -4.0
1 237 -2.0
1 398 -1.0
1 497 -2.0
1 214 -1.0
1 568 -1.0
1 249 -4.0
1 540 -4.0
1 416 -1.0
2 800 -4.0
2 258 -2.0
2 676 -2.0
2 310 -1.0
2 8 -4.0
2 651 -2.0
2 304 -4.0
2 465 -4.0
2 755 -1.0
2 52 -4.0
2 22 -4.0
2 631 -4.0
2 410 -2.0
2 508 -1.0
2 32 -1.0
3 417 -1.0
3 348 -4.0
3 101 -1.0
3 700 -2.0
3 168 -4.0
3 778 -1.0
3 75 -2.0
3 749 -2.0
3 210 -1.0
3 83 -2.0
3 726 -4.0
3 793 -1.0
3 156 -1.0
3 734 -2.0
3 704 -1.0
4 545 -2.0
4 5 -4.0
4 199 -2.0
4 394 -2.0
4 46 -4.0
4 598 -1.0
4 595 -2.0
4 470 -2.0
4 762 -2.0
4 709 -1.0
4 539 -4.0
4 382 -1.0
4 288 -1.0
5 737 -4.0
5 517 -4.0
5 447 -2.0
5 328 -2.0
5 362 -1.0
5 798 -1.0
5 207 -2.0
5 208 -1.0
5 403 -1.0
5 85 -2.0
5 118 -1.0
5 789 -2.0
5 376 -4.0
5 501 -4.0
5 709 -2.0
5 734 -2.0
5 383 -2.0
6 436 -1.0
6 390 -4.0
6 301 -2.0
6 334 -1.0
6 15 -1.0
6 786 -2.0
6 180 -2.0
6 247 -2.0
6 249 -4.0
6 412 -4.0
6 574 -1.0
6 63 -2.0
7 609 -4.0
7 322 -2.0
7 515 -2.0
7 68 -1.0
7 359 -2.0
7 370 -2.0
7 137 -2.0
7 654 -2.0
7 793 -2.0
7 432 -2.0
7 146 -2.0
7 627 -1.0
7 228 -2.0
7 676 -4.0
7 538 -2.0
7 537 -1.0
7 442 -1.0
8 225 -2.0
8 581 -1.0
8 751 -1.0
8 456 -1.0
8 365 -2.0
8 691 -4.0
8 207 -2.0
8 496 -2.0
8 721 -2.0
8 339 -2.0
8 628 -2.0
8 565 -4.0
8 54 -4.0
8 55 -4.0
8 794 -2.0
8 445 -2.0
8 671 -4.0
8 694 -1.0
9 157 -1.0
9 427 -2.0
9 558 -4.0
9 431 -2.0
9 217 -2.0
9 19 -4.0
9 85 -2.0
9 54 -4.0
9 746 -4.0
9 57 -2.0
9 277 -4.0
9 155 -4.0
9 700 -4.0
9 93 -1.0
9 222 -4.0
10 673 -4.0
10 514 -4.0
10 771 -4.0
10 294 -1.0
10 583 -4.0
10 360 -1.0
10 553 -2.0
10 42 -4.0
10 77 -1.0
10 617 -2.0
10 219 -1.0
10 770 -1.0
11 773 -1.0
11 423 -1.0
11 264 -4.0
11 425 -4.0
11 125 -2.0
11 305 -4.0
11 530 -4.0
11 531 -2.0
11 20 -2.0
11 565 -4.0
11 216 -2.0
11 253 -1.0
11 64 -2.0
12 674 -2.0
12 419 -2.0
12 519 -1.0
12 104 -2.0
12 338 -4.0
12 380 -4.0
13 292 -2.0
13 453 -1.0
13 710 -2.0
13 77 -1.0
13 241 -1.0
13 36 -1.0
13 447 -2.0
13 183 -4.0
13 504 -2.0
13 444 -1.0
13 733 -4.0
13 382 -2.0
13 415 -2.0
13 703 -1.0
14 548 -2.0
14 351 -2.0
14 136 -4.0
14 648 -2.0
14 589 -2.0
14 114 -2.0
14 499 -2.0
14 21 -4.0
14 223 -4.0
14 183 -4.0
14 120 -2.0
14 661 -4.0
14 155 -4.0
14 127 -4.0
15 258 -4.0
15 357 -1.0
15 779 -4.0
15 396 -4.0
15 787 -1.0
15 240 -1.0
15 561 -1.0
15 627 -4.0
15 405 -2.0
15 185 -1.0
15 581 -1.0
15 112 -1.0
15 678 -1.0
16 483 -4.0
16 41 -4.0
16 427 -1.0
16 681 -4.0
16 238 -4.0
16 239 -1.0
16 494 -2.0
16 18 -2.0
16 579 -4.0
16 783 -4.0
16 571 -1.0
16 496 -1.0
16 480 -4.0
17 523 -2.0
17 325 -2.0
17 198 -4.0
17 722 -4.0
17 509 -4.0
17 107 -1.0
17 44 -1.0
17 718 -4.0
17 594 -1.0
17 659 -2.0
17 730 -4.0
17 410 -2.0
17 122 -2.0
17 440 -1.0
17 413 -1.0
17 331 -2.0
17 255 -4.0
18 241 -4.0
18 229 -1.0
18 264 -4.0
18 265 -2.0
18 429 -2.0
18 648 -2.0
18 109 -2.0
18 782 -2.0
18 177 -1.0
18 25 -4.0
18 304 -4.0
18 318 -2.0
18 159 -4.0
18 96 -4.0
19 139 -1.0
19 654 -4.0
19 274 -4.0
19 535 -2.0
19 413 -2.0
19 430 -2.0
19 305 -1.0
19 702 -2.0
19 711 -1.0
19 592 -4.0
19 212 -1.0
19 725 -2.0
19 86 -2.0
19 344 -4.0
19 603 -4.0
19 733 -2.0
19 94 -2.0
19 358 -1.0
19 765 -1.0
19 749 -1.0
19 751 -4.0
19 509 -1.0
20 225 -1.0
20 675 -2.0
20 708 -2.0
20 517 -1.0
20 618 -4.0
20 649 -1.0
20 330 -2.0
20 46 -2.0
20 334 -2.0
20 405 -1.0
20 312 -1.0
20 281 -2.0
20 544 -4.0
20 252 -2.0
20 619 -4.0
20 32 -4.0
21 546 -1.0
21 99 -4.0
21 645 -2.0
21 791 -2.0
21 602 -2.0
21 770 -4.0
21 291 -2.0
21 207 -1.0
21 590 -4.0
21 281 -1.0
21 182 -1.0
21 567 -4.0
21 408 -1.0
21 249 -1.0
21 346 -2.0
21 156 -4.0
21 701 -2.0
21 64 -4.0
22 35 -2.0
22 738 -2.0
22 234 -2.0
22 619 -1.0
22 776 -1.0
22 717 -4.0
22 467 -4.0
22 306 -1.0
22 307 -2.0
22 469 -2.0
22 54 -2.0
22 458 -2.0
22 447 -1.0
22 406 -2.0
23 321 -4.0
23 546 -1.0
23 622 -4.0
23 695 -2.0
23 710 -1.0
23 701 -4.0
23 204 -1.0
23 269 -4.0
23 302 -2.0
23 590 -4.0
23 275 -4.0
23 599 -2.0
23 314 -2.0
23 795 -4.0
23 124 -1.0
23 413 -1.0
23 126 -1.0
23 288 -4.0
24 674 -1.0
24 230 -1.0
24 775 -2.0
24 360 -2.0
24 265 -2.0
24 140 -2.0
24 269 -1.0
24 495 -1.0
24 401 -1.0
24 274 -1.0
24 437 -4.0
24 118 -4.0
24 156 -1.0
24 413 -2.0
24 703 -1.0
24 416 -2.0
25 259 -4.0
25 132 -2.0
25 453 -4.0
25 775 -2.0
25 329 -1.0
25 266 -2.0
25 492 -2.0
25 621 -2.0
25 367 -1.0
25 337 -2.0
25 532 -2.0
25 661 -4.0
25 246 -2.0
25 216 -1.0
25 384 -1.0
25 310 -1.0
26 779 -2.0
26 788 -1.0
26 281 -1.0
26 211 -2.0
26 175 -1.0
26 562 -1.0
26 695 -1.0
26 702 -4.0
26 76 -4.0
26 467 -4.0
26 212 -2.0
26 214 -2.0
26 378 -4.0
26 730 -2.0
26 741 -2.0
26 745 -4.0
26 110 -2.0
26 626 -2.0
26 244 -2.0
26 758 -2.0
26 120 -1.0
26 506 -1.0
27 388 -4.0
27 741 -2.0
27 326 -4.0
27 231 -2.0
27 780 -4.0
27 557 -1.0
27 318 -1.0
27 435 -4.0
27 342 -1.0
27 286 -2.0
27 735 -1.0
27 448 -2.0
28 612 -2.0
28 548 -4.0
28 518 -4.0
28 306 -4.0
28 458 -2.0
28 300 -4.0
28 493 -1.0
28 721 -2.0
28 50 -2.0
28 435 -2.0
28 212 -1.0
28 373 -1.0
28 566 -2.0
28 535 -2.0
28 56 -2.0
28 91 -4.0
28 607 -2.0
28 31 -1.0
29 65 -2.0
29 97 -1.0
29 39 -4.0
29 296 -1.0
29 73 -2.0
29 236 -4.0
29 533 -4.0
29 289 -2.0
29 649 -2.0
29 340 -4.0
29 245 -4.0
29 473 -4.0
29 346 -4.0
29 706 -1.0
29 125 -4.0
30 578 -4.0
30 675 -2.0
30 68 -2.0
30 518 -4.0
30 686 -4.0
30 169 -4.0
30 523 -1.0
30 236 -1.0
30 526 -2.0
30 622 -2.0
30 626 -1.0
30 213 -4.0
30 630 -4.0
30 600 -2.0
31 196 -4.0
31 407 -1.0
31 667 -4.0
31 672 -1.0
31 284 -1.0
31 426 -2.0
31 300 -4.0
31 562 -2.0
31 695 -4.0
31 700 -4.0
31 702 -2.0
31 324 -4.0
31 567 -4.0
31 199 -2.0
31 796 -4.0
31 728 -4.0
31 742 -2.0
31 614 -1.0
31 359 -2.0
31 493 -2.0
31 371 -4.0
31 120 -1.0
31 633 -1.0
31 506 -1.0
31 509 -1.0
32 766 -2.0
32 613 -1.0
32 358 -2.0
32 767 -2.0
32 40 -1.0
32 553 -2.0
32 431 -2.0
32 62 -1.0
32 627 -4.0
32 351 -2.0
32 379 -4.0
32 768 -4.0
32 350 -1.0
32 191 -4.0
32 703 -2.0
33 738 -4.0
33 420 -1.0
33 230 -4.0
33 711 -2.0
33 509 -1.0
33 656 -2.0
33 113 -4.0
33 404 -1.0
33 470 -2.0
33 600 -1.0
33 57 -1.0
33 762 -4.0
33 189 -2.0
33 320 -2.0
34 387 -4.0
34 484 -1.0
34 663 -4.0
34 614 -4.0
34 264 -4.0
34 554 -4.0
34 717 -2.0
34 367 -1.0
34 368 -4.0
34 274 -2.0
34 183 -4.0
34 312 -4.0
34 123 -1.0
34 188 -2.0
34 219 -2.0
34 351 -1.0
34 544 -2.0
35 392 -2.0
35 525 -1.0
35 782 -4.0
35 656 -4.0
35 657 -2.0
35 661 -1.0
35 282 -2.0
35 671 -2.0
35 289 -4.0
35 41 -1.0
35 430 -1.0
35 306 -2.0
35 691 -1.0
35 311 -4.0
35 194 -1.0
35 81 -2.0
35 212 -4.0
35 213 -1.0
35 721 -1.0
35 232 -4.0
35 626 -1.0
36 561 -4.0
36 102 -1.0
36 601 -2.0
36 459 -1.0
36 44 -1.0
36 109 -1.0
36 728 -4.0
36 401 -2.0
36 306 -2.0
36 762 -2.0
36 86 -4.0
36 439 -1.0
36 440 -1.0
36 569 -1.0
36 346 -2.0
36 283 -4.0
36 348 -1.0
36 411 -2.0
36 639 -4.0
37 348 -2.0
37 389 -4.0
37 233 -2.0
37 617 -2.0
37 746 -4.0
37 302 -4.0
37 796 -2.0
37 320 -1.0
37 115 -1.0
37 308 -2.0
37 691 -4.0
37 502 -2.0
37 618 -4.0
37 91 -2.0
37 64 -1.0
37 383 -2.0
37 288 -2.0
38 271 -1.0
38 275 -1.0
38 665 -4.0
38 412 -2.0
38 158 -4.0
38 161 -1.0
38 40 -4.0
38 685 -1.0
38 670 -2.0
38 562 -2.0
38 179 -2.0
38 53 -4.0
38 702 -1.0
38 453 -4.0
38 328 -4.0
38 74 -2.0
38 587 -4.0
38 593 -2.0
38 467 -4.0
38 597 -2.0
38 350 -4.0
38 608 -4.0
38 354 -2.0
38 168 -4.0
38 109 -4.0
38 252 -1.0
39 257 -2.0
39 209 -1.0
39 423 -2.0
39 231 -4.0
39 777 -1.0
39 426 -2.0
39 81 -1.0
39 723 -2.0
39 117 -1.0
39 376 -4.0
39 593 -4.0
39 478 -2.0
39 63 -4.0
39 96 -4.0
40 193 -4.0
40 387 -4.0
40 230 -2.0
40 421 -4.0
40 647 -4.0
40 792 -2.0
40 45 -4.0
40 46 -1.0
40 451 -4.0
40 500 -2.0
40 600 -2.0
40 60 -2.0
41 759 -4.0
41 488 -4.0
41 493 -4.0
41 204 -4.0
41 109 -4.0
41 243 -1.0
41 628 -4.0
41 503 -4.0
41 536 -2.0
41 730 -4.0
41 315 -1.0
41 348 -4.0
42 419 -1.0
42 388 -2.0
42 717 -2.0
42 328 -2.0
42 267 -2.0
42 696 -1.0
42 397 -1.0
42 559 -4.0
42 434 -1.0
42 644 -1.0
42 759 -4.0
42 632 -4.0
43 577 -2.0
43 194 -4.0
43 535 -2.0
43 458 -4.0
43 600 -2.0
43 56 -4.0
43 173 -4.0
43 582 -4.0
43 146 -4.0
43 566 -4.0
43 87 -2.0
43 248 -1.0
43 567 -2.0
43 668 -2.0
43 286 -1.0
43 479 -2.0
43 416 -2.0
44 551 -2.0
44 585 -1.0
44 587 -1.0
44 78 -2.0
44 527 -1.0
44 691 -1.0
44 537 -4.0
44 91 -1.0
44 795 -4.0
44 320 -4.0
45 73 -4.0
45 617 -2.0
45 622 -1.0
45 593 -2.0
45 393 -4.0
45 498 -2.0
45 373 -2.0
45 279 -4.0
45 760 -2.0
45 537 -2.0
45 53 -2.0
45 543 -2.0
46 578 -2.0
46 293 -1.0
46 679 -1.0
46 232 -4.0
46 201 -1.0
46 797 -2.0
46 324 -4.0
46 388 -1.0
46 686 -1.0
46 433 -2.0
46 580 -2.0
46 117 -2.0
46 374 -1.0
46 691 -1.0
46 642 -2.0
46 764 -1.0
46 445 -1.0
47 97 -4.0
47 529 -4.0
47 548 -2.0
47 169 -4.0
47 778 -1.0
47 332 -4.0
47 590 -4.0
47 158 -4.0
47 433 -1.0
47 754 -4.0
47 757 -1.0
47 343 -2.0
47 410 -2.0
47 123 -1.0
47 764 -1.0
47 721 -4.0
47 315 -4.0
48 738 -1.0
48 765 -4.0
48 332 -1.0
48 207 -2.0
48 722 -4.0
48 115 -4.0
48 212 -2.0
48 341 -4.0
48 495 -1.0
48 58 -4.0
48 573 -4.0
48 671 -2.0
48 352 -1.0
49 730 -4.0
49 356 -1.0
49 165 -2.0
49 358 -2.0
49 331 -2.0
49 557 -2.0
49 485 -1.0
49 549 -2.0
49 113 -2.0
49 772 -4.0
49 372 -2.0
49 565 -4.0
49 374 -2.0
49 87 -4.0
49 280 -2.0
49 537 -2.0
49 133 -1.0
49 635 -4.0
49 575 -4.0
49 406 -2.0
50 685 -1.0
50 391 -1.0
50 170 -2.0
50 107 -1.0
50 525 -4.0
50 302 -2.0
50 747 -1.0
50 499 -4.0
50 468 -1.0
50 439 -4.0
50 125 -1.0
50 509 -2.0
51 773 -2.0
51 70 -2.0
51 199 -1.0
51 536 -4.0
51 492 -2.0
51 751 -4.0
51 112 -1.0
51 659 -1.0
51 692 -4.0
51 437 -1.0
51 312 -1.0
51 156 -4.0
51 125 -2.0
51 799 -1.0
51 518 -2.0
52 513 -2.0
52 690 -4.0
52 686 -2.0
52 338 -1.0
52 86 -2.0
52 602 -4.0
52 795 -4.0
52 765 -1.0
53 741 -2.0
53 327 -1.0
53 555 -4.0
53 428 -1.0
53 77 -2.0
53 655 -4.0
53 222 -2.0
53 81 -4.0
53 210 -2.0
53 179 -2.0
53 149 -4.0
53 406 -1.0
53 185 -4.0
53 59 -4.0
53 528 -1.0
53 123 -4.0
53 703 -1.0
53 512 -1.0
54 770 -2.0
54 772 -4.0
54 774 -2.0
54 263 -2.0
54 267 -1.0
54 401 -2.0
54 786 -2.0
54 536 -4.0
54 546 -4.0
54 163 -1.0
54 679 -1.0
54 311 -1.0
54 118 -1.0
54 324 -4.0
54 78 -2.0
54 596 -4.0
54 214 -4.0
54 612 -2.0
54 237 -1.0
54 624 -1.0
54 627 -2.0
54 246 -2.0
54 636 -1.0
54 254 -4.0
54 790 -1.0
55 273 -1.0
55 664 -2.0
55 153 -2.0
55 540 -4.0
55 674 -2.0
55 174 -4.0
55 178 -2.0
55 310 -1.0
55 447 -4.0
55 455 -2.0
55 716 -4.0
55 334 -1.0
55 592 -4.0
55 722 -2.0
55 740 -1.0
55 612 -1.0
55 743 -2.0
55 749 -2.0
55 370 -1.0
55 371 -4.0
55 507 -2.0
56 229 -4.0
56 78 -2.0
56 338 -4.0
56 276 -1.0
56 501 -1.0
56 215 -1.0
56 571 -2.0
56 331 -1.0
56 703 -4.0
56 352 -1.0
57 492 -4.0
57 197 -1.0
57 262 -4.0
57 503 -2.0
57 299 -2.0
57 108 -2.0
57 534 -2.0
57 238 -1.0
57 527 -1.0
57 113 -2.0
57 210 -2.0
57 457 -1.0
57 407 -1.0
57 760 -1.0
57 537 -4.0
57 316 -4.0
57 221 -4.0
57 670 -4.0
57 256 -1.0
58 227 -1.0
58 484 -4.0
58 231 -2.0
58 207 -1.0
58 432 -1.0
58 626 -4.0
58 665 -1.0
58 538 -2.0
58 64 -1.0
59 546 -2.0
59 428 -4.0
59 652 -4.0
59 503 -4.0
59 666 -1.0
59 733 -4.0
59 364 -4.0
59 783 -1.0
59 81 -2.0
59 277 -4.0
59 598 -1.0
59 183 -1.0
59 152 -2.0
59 252 -2.0
59 541 -2.0
59 606 -4.0
59 678 -2.0
60 737 -2.0
60 642 -2.0
60 227 -4.0
60 485 -2.0
60 742 -4.0
60 615 -4.0
60 745 -4.0
60 75 -4.0
60 483 -4.0
60 79 -1.0
60 562 -4.0
60 774 -2.0
60 735 -2.0
60 471 -2.0
60 665 -2.0
60 218 -4.0
60 251 -2.0
60 507 -4.0
60 223 -2.0
60 128 -1.0
61 705 -2.0
61 484 -4.0
61 489 -1.0
61 583 -2.0
61 498 -2.0
61 105 -1.0
61 203 -1.0
61 137 -2.0
61 339 -4.0
61 340 -1.0
61 735 -4.0
61 280 -2.0
61 410 -1.0
61 156 -1.0
61 157 -4.0
61 587 -4.0
61 127 -4.0
62 196 -1.0
62 233 -2.0
62 170 -1.0
62 730 -1.0
62 332 -1.0
62 787 -4.0
62 726 -4.0
62 405 -1.0
62 214 -4.0
62 664 -2.0
62 474 -4.0
62 123 -1.0
62 764 -4.0
62 379 -2.0
63 640 -1.0
63 426 -4.0
63 364 -4.0
63 624 -2.0
63 177 -1.0
63 711 -1.0
63 211 -2.0
63 405 -1.0
63 150 -1.0
63 407 -2.0
63 586 -1.0
63 346 -2.0
63 379 -1.0
63 64 -1.0
63 541 -2.0
63 128 -2.0
64 493 -2.0
64 397 -1.0
64 276 -4.0
64 281 -4.0
64 296 -2.0
64 175 -4.0
64 560 -4.0
64 698 -1.0
64 470 -4.0
64 216 -2.0
64 293 -2.0
64 101 -2.0
64 105 -4.0
64 109 -2.0
64 111 -4.0
64 233 -1.0
64 246 -1.0
64 123 -2.0
65 193 -4.0
65 225 -1.0
65 483 -4.0
65 741 -1.0
65 521 -1.0
65 267 -4.0
65 716 -1.0
65 781 -2.0
65 643 -2.0
65 272 -4.0
65 692 -4.0
65 277 -1.0
65 122 -1.0
65 90 -1.0
65 572 -4.0
66 67 -4.0
66 516 -2.0
66 357 -1.0
66 486 -2.0
66 71 -2.0
66 329 -1.0
66 536 -2.0
66 77 -4.0
66 208 -4.0
66 402 -4.0
66 435 -1.0
66 533 -2.0
66 599 -4.0
66 344 -1.0
66 741 -1.0
66 710 -1.0
67 97 -2.0
67 740 -2.0
67 326 -4.0
67 457 -4.0
67 170 -2.0
67 396 -4.0
67 495 -1.0
67 433 -1.0
67 353 -2.0
67 527 -2.0
67 727 -2.0
67 473 -4.0
67 154 -1.0
67 539 -4.0
67 640 -4.0
67 593 -1.0
67 102 -2.0
68 546 -1.0
68 739 -4.0
68 108 -2.0
68 517 -1.0
68 358 -4.0
68 764 -2.0
68 640 -1.0
68 650 -2.0
68 236 -1.0
68 206 -1.0
68 382 -2.0
68 696 -2.0
68 537 -1.0
68 384 -4.0
68 221 -4.0
68 352 -2.0
69 387 -2.0
69 572 -2.0
69 503 -4.0
69 169 -4.0
69 363 -4.0
69 500 -2.0
69 241 -2.0
69 436 -1.0
69 215 -4.0
69 697 -2.0
69 510 -4.0
69 349 -2.0
69 459 -2.0
69 607 -1.0
70 449 -2.0
70 515 -4.0
70 701 -1.0
70 667 -1.0
70 392 -2.0
70 745 -1.0
70 573 -4.0
70 652 -1.0
70 755 -4.0
70 368 -4.0
70 597 -1.0
70 309 -2.0
70 472 -2.0
70 746 -4.0
70 122 -4.0
70 507 -2.0
70 253 -4.0
70 571 -4.0
71 327 -1.0
71 322 -1.0
71 714 -2.0
71 491 -4.0
71 552 -4.0
71 749 -4.0
71 655 -1.0
71 467 -1.0
71 607 -1.0
71 760 -2.0
71 601 -4.0
71 666 -1.0
71 284 -2.0
71 446 -2.0
71 479 -2.0
72 322 -1.0
72 230 -2.0
72 167 -1.0
72 724 -1.0
72 336 -2.0
72 114 -1.0
72 595 -2.0
72 340 -2.0
72 678 -2.0
72 474 -1.0
72 90 -4.0
72 92 -2.0
72 733 -4.0
72 448 -1.0
73 258 -2.0
73 326 -1.0
73 578 -4.0
73 268 -1.0
73 462 -4.0
73 239 -4.0
73 686 -2.0
73 561 -1.0
73 370 -4.0
73 307 -4.0
73 692 -4.0
73 117 -4.0
73 374 -4.0
73 629 -2.0
73 602 -2.0
73 753 -4.0
73 222 -1.0
74 418 -1.0
74 675 -1.0
74 488 -1.0
74 394 -4.0
74 783 -1.0
74 638 -1.0
74 145 -1.0
74 564 -2.0
74 442 -4.0
74 221 -2.0
74 414 -4.0
74 742 -4.0
75 135 -4.0
75 525 -2.0
75 657 -2.0
75 276 -2.0
75 280 -4.0
75 283 -4.0
75 284 -1.0
75 285 -2.0
75 549 -4.0
75 166 -2.0
75 167 -4.0
75 557 -4.0
75 436 -4.0
75 696 -4.0
75 340 -2.0
75 346 -2.0
75 733 -4.0
75 351 -2.0
75 678 -2.0
75 785 -1.0
75 105 -2.0
75 234 -2.0
75 758 -1.0
75 509 -2.0
76 798 -1.0
76 162 -4.0
76 772 -1.0
76 357 -4.0
76 386 -1.0
76 645 -4.0
76 171 -4.0
76 652 -2.0
76 430 -1.0
76 751 -1.0
76 670 -2.0
76 307 -2.0
76 563 -1.0
76 246 -4.0
76 410 -2.0
76 251 -1.0
76 412 -2.0
76 190 -1.0
76 639 -4.0
77 193 -2.0
77 420 -1.0
77 614 -2.0
77 555 -2.0
77 588 -1.0
77 207 -2.0
77 691 -1.0
77 415 -1.0
77 309 -1.0
77 317 -4.0
77 702 -1.0
77 159 -2.0
77 694 -4.0
78 771 -4.0
78 376 -2.0
78 485 -4.0
78 454 -2.0
78 359 -2.0
78 456 -1.0
78 304 -4.0
78 693 -4.0
78 119 -1.0
78 153 -2.0
78 538 -1.0
78 671 -4.0
78 614 -1.0
79 137 -1.0
79 781 -2.0
79 144 -1.0
79 275 -2.0
79 533 -1.0
79 534 -4.0
79 409 -1.0
79 284 -1.0
79 797 -2.0
79 544 -4.0
79 412 -4.0
79 684 -4.0
79 184 -1.0
79 710 -2.0
79 120 -2.0
79 81 -1.0
79 603 -2.0
79 226 -4.0
79 369 -1.0
79 371 -2.0
79 117 -1.0
79 632 -1.0
79 126 -4.0
79 383 -4.0
80 290 -1.0
80 99 -1.0
80 465 -2.0
80 456 -2.0
80 408 -2.0
80 630 -2.0
80 432 -2.0
80 433 -1.0
80 755 -4.0
80 468 -4.0
80 213 -4.0
80 342 -4.0
80 248 -4.0
80 505 -4.0
80 122 -2.0
80 379 -1.0
80 156 -1.0
80 656 -2.0
80 576 -2.0
80 448 -4.0
81 772 -1.0
81 229 -2.0
81 786 -1.0
81 749 -1.0
81 402 -2.0
81 627 -4.0
81 436 -4.0
81 335 -4.0
81 661 -2.0
81 92 -2.0
81 95 -4.0
81 736 -4.0
82 483 -1.0
82 166 -4.0
82 749 -4.0
82 718 -4.0
82 559 -2.0
82 337 -2.0
82 117 -1.0
82 502 -1.0
82 89 -1.0
82 634 -1.0
82 511 -1.0
82 320 -4.0
83 299 -2.0
83 579 -1.0
83 368 -4.0
83 760 -1.0
83 314 -2.0
83 765 -2.0
83 286 -1.0
83 799 -4.0
84 578 -2.0
84 611 -2.0
84 484 -4.0
84 713 -2.0
84 490 -4.0
84 269 -4.0
84 398 -2.0
84 692 -1.0
84 725 -4.0
84 703 -2.0
84 379 -2.0
84 220 -2.0
84 574 -1.0
84 127 -2.0
84 726 -1.0
85 483 -2.0
85 620 -1.0
85 651 -1.0
85 588 -4.0
85 432 -1.0
85 457 -1.0
85 219 -1.0
85 144 -4.0
86 641 -4.0
86 258 -4.0
86 389 -2.0
86 198 -2.0
86 268 -2.0
86 496 -4.0
86 409 -4.0
86 364 -4.0
86 350 -1.0
86 95 -2.0
86 358 -4.0
87 99 -1.0
87 471 -2.0
87 525 -1.0
87 483 -4.0
87 242 -2.0
87 339 -1.0
87 725 -4.0
87 279 -4.0
87 531 -2.0
87 256 -4.0
88 514 -2.0
88 227 -2.0
88 228 -2.0
88 133 -4.0
88 168 -4.0
88 393 -2.0
88 300 -2.0
88 560 -2.0
88 516 -4.0
88 665 -4.0
88 116 -2.0
88 373 -2.0
88 182 -4.0
88 695 -2.0
88 217 -1.0
88 773 -1.0
88 478 -4.0
89 193 -4.0
89 257 -1.0
89 739 -4.0
89 316 -1.0
89 363 -1.0
89 749 -2.0
89 307 -4.0
89 436 -2.0
89 153 -2.0
89 154 -2.0
89 92 -1.0
89 797 -2.0
89 608 -1.0
90 129 -1.0
90 399 -1.0
90 402 -4.0
90 279 -1.0
90 794 -4.0
90 541 -2.0
90 671 -2.0
90 673 -4.0
90 169 -1.0
90 304 -2.0
90 437 -2.0
90 184 -4.0
90 332 -4.0
90 333 -2.0
90 358 -1.0
90 109 -1.0
90 239 -2.0
90 497 -4.0
90 505 -1.0
90 124 -4.0
90 765 -2.0
91 97 -1.0
91 782 -1.0
91 643 -2.0
91 124 -1.0
91 648 -4.0
91 107 -1.0
91 622 -4.0
91 304 -2.0
91 145 -4.0
91 274 -2.0
91 212 -2.0
91 309 -4.0
91 197 -2.0
91 122 -2.0
91 395 -2.0
91 608 -4.0
92 737 -1.0
92 196 -1.0
92 535 -4.0
92 391 -2.0
92 653 -2.0
92 534 -2.0
92 143 -4.0
92 368 -1.0
92 530 -1.0
92 115 -4.0
92 404 -1.0
92 501 -4.0
92 191 -1.0
92 183 -1.0
92 559 -1.0
92 798 -4.0
92 95 -2.0
92 246 -4.0
93 196 -4.0
93 242 -4.0
93 107 -2.0
93 388 -2.0
93 144 -2.0
93 233 -2.0
93 466 -1.0
93 244 -1.0
93 472 -2.0
93 441 -1.0
93 346 -2.0
93 448 -1.0
94 577 -4.0
94 231 -1.0
94 328 -4.0
94 782 -4.0
94 783 -4.0
94 561 -4.0
94 210 -2.0
94 309 -1.0
94 281 -1.0
94 634 -2.0
94 661 -4.0
94 606 -2.0
95 214 -2.0
95 645 -4.0
95 146 -4.0
95 749 -2.0
95 273 -4.0
95 402 -2.0
95 282 -4.0
95 542 -1.0
95 159 -4.0
95 673 -1.0
95 170 -4.0
95 684 -4.0
95 431 -4.0
95 304 -4.0
95 183 -1.0
95 577 -1.0
95 580 -2.0
95 461 -1.0
95 338 -4.0
95 488 -1.0
95 493 -2.0
95 636 -1.0
95 512 -2.0
96 482 -4.0
96 355 -1.0
96 260 -2.0
96 421 -1.0
96 519 -2.0
96 298 -2.0
96 204 -1.0
96 429 -4.0
96 145 -1.0
96 452 -1.0
96 439 -4.0
96 697 -1.0
96 657 -2.0
96 795 -4.0
97 481 -1.0
97 162 -4.0
97 641 -1.0
97 167 -2.0
97 770 -2.0
97 457 -4.0
97 349 -4.0
97 171 -2.0
97 440 -1.0
97 111 -4.0
97 146 -4.0
97 308 -4.0
97 757 -4.0
97 184 -4.0
97 153 -1.0
97 316 -4.0
97 608 -2.0
98 674 -2.0
98 355 -2.0
98 677 -4.0
98 774 -4.0
98 104 -1.0
98 682 -4.0
98 109 -2.0
98 241 -1.0
98 562 -2.0
98 630 -2.0
98 664 -2.0
98 569 -2.0
98 667 -4.0
98 412 -1.0
98 763 -2.0
98 160 -2.0
99 101 -1.0
99 582 -2.0
99 648 -2.0
99 733 -4.0
99 364 -2.0
99 397 -1.0
99 367 -1.0
99 272 -4.0
99 629 -4.0
99 719 -1.0
99 565 -2.0
99 669 -4.0
99 480 -2.0
100 385 -4.0
100 293 -4.0
100 678 -2.0
100 104 -4.0
100 741 -1.0
100 428 -1.0
100 430 -1.0
100 399 -1.0
100 590 -2.0
100 498 -4.0
100 787 -4.0
100 246 -2.0
100 535 -4.0
100 613 -4.0
100 379 -2.0
100 160 -1.0
100 118 -2.0
100 182 -4.0
101 321 -1.0
101 780 -1.0
101 488 -1.0
101 266 -2.0
101 203 -1.0
101 472 -1.0
101 463 -1.0
101 760 -4.0
101 274 -1.0
101 437 -2.0
101 598 -1.0
101 282 -1.0
101 218 -1.0
101 574 -2.0
102 162 -4.0
102 798 -1.0
102 104 -2.0
102 489 -2.0
102 653 -2.0
102 560 -2.0
102 273 -4.0
102 306 -1.0
102 435 -2.0
102 433 -2.0
102 386 -4.0
102 506 -1.0
102 708 -1.0
102 416 -4.0
103 593 -2.0
103 771 -2.0
103 680 -2.0
103 330 -4.0
103 459 -2.0
103 172 -4.0
103 786 -2.0
103 239 -4.0
103 432 -1.0
103 209 -2.0
103 146 -2.0
103 724 -2.0
103 591 -1.0
103 215 -4.0
103 248 -1.0
103 541 -1.0
103 715 -4.0
104 769 -2.0
104 386 -4.0
104 133 -2.0
104 649 -4.0
104 527 -1.0
104 658 -4.0
104 788 -4.0
104 150 -2.0
104 550 -1.0
104 328 -4.0
104 203 -1.0
104 463 -2.0
104 603 -2.0
104 478 -4.0
104 480 -2.0
104 357 -4.0
104 487 -2.0
104 617 -1.0
104 373 -2.0
104 765 -2.0
105 453 -4.0
105 582 -4.0
105 551 -4.0
105 200 -2.0
105 264 -2.0
105 589 -2.0
105 768 -1.0
105 144 -4.0
105 498 -1.0
105 211 -2.0
105 441 -1.0
105 640 -1.0
105 254 -2.0
106 197 -4.0
106 232 -2.0
106 541 -4.0
106 589 -4.0
106 688 -4.0
106 562 -4.0
106 505 -4.0
106 186 -2.0
106 220 -4.0
106 445 -1.0
107 257 -4.0
107 323 -1.0
107 402 -2.0
107 460 -2.0
107 680 -1.0
107 501 -1.0
107 502 -4.0
107 600 -4.0
107 633 -4.0
107 696 -2.0
107 572 -1.0
108 417 -2.0
108 628 -4.0
108 135 -2.0
108 143 -1.0
108 249 -4.0
108 148 -4.0
108 469 -2.0
108 575 -2.0
108 317 -4.0
108 383 -2.0
109 388 -4.0
109 519 -1.0
109 787 -1.0
109 260 -4.0
109 408 -4.0
109 314 -4.0
109 329 -1.0
109 588 -2.0
109 225 -1.0
109 741 -2.0
109 786 -1.0
109 235 -4.0
109 624 -2.0
109 625 -4.0
109 120 -2.0
109 254 -4.0
109 511 -2.0
109 512 -4.0
110 642 -2.0
110 380 -2.0
110 741 -1.0
110 168 -2.0
110 489 -4.0
110 780 -4.0
110 332 -4.0
110 636 -2.0
110 657 -2.0
110 693 -4.0
110 245 -4.0
110 343 -4.0
110 347 -4.0
110 156 -2.0
110 413 -4.0
111 641 -1.0
111 197 -4.0
111 326 -2.0
111 167 -1.0
111 717 -1.0
111 430 -4.0
111 368 -1.0
111 433 -4.0
111 115 -1.0
111 405 -2.0
111 119 -2.0
111 409 -4.0
111 540 -4.0
112 163 -4.0
112 136 -1.0
112 746 -1.0
112 498 -2.0
112 280 -4.0
113 401 -4.0
113 716 -2.0
113 584 -4.0
113 780 -2.0
113 619 -2.0
113 428 -1.0
113 301 -4.0
113 242 -1.0
113 532 -2.0
113 789 -2.0
113 535 -1.0
113 346 -4.0
113 352 -4.0
114 739 -1.0
114 635 -4.0
114 523 -2.0
114 236 -2.0
114 464 -2.0
114 495 -4.0
114 272 -1.0
114 337 -4.0
114 574 -4.0
114 116 -1.0
114 375 -1.0
114 756 -2.0
114 123 -2.0
114 188 -1.0
114 507 -1.0
115 392 -4.0
115 267 -2.0
115 268 -4.0
115 269 -1.0
115 529 -1.0
115 788 -2.0
115 667 -2.0
115 669 -2.0
115 428 -4.0
115 429 -2.0
115 445 -4.0
115 329 -2.0
115 463 -4.0
115 338 -1.0
115 472 -2.0
115 730 -2.0
115 618 -1.0
115 491 -4.0
115 123 -1.0
115 380 -4.0
115 638 -1.0
116 163 -2.0
116 612 -4.0
116 777 -2.0
116 594 -2.0
116 276 -4.0
116 600 -2.0
116 559 -2.0
116 720 -4.0
116 148 -1.0
116 736 -1.0
116 470 -1.0
116 122 -2.0
116 448 -4.0
116 350 -2.0
116 671 -2.0
116 192 -4.0
117 329 -1.0
117 637 -1.0
117 477 -1.0
117 164 -1.0
117 402 -1.0
117 292 -4.0
117 649 -4.0
117 783 -4.0
117 785 -4.0
117 180 -1.0
117 655 -1.0
117 248 -1.0
117 772 -4.0
117 381 -4.0
117 350 -4.0
117 544 -2.0
118 312 -4.0
118 451 -4.0
118 197 -1.0
118 649 -2.0
118 682 -2.0
118 171 -1.0
118 280 -4.0
118 517 -2.0
118 688 -4.0
118 612 -1.0
118 772 -1.0
118 542 -1.0
119 290 -4.0
119 508 -4.0
119 418 -2.0
119 605 -4.0
119 536 -2.0
119 480 -2.0
119 238 -1.0
119 689 -1.0
119 371 -4.0
119 213 -4.0
119 726 -1.0
119 183 -1.0
119 312 -2.0
119 528 -4.0
119 464 -2.0
119 221 -4.0
119 254 -2.0
119 767 -2.0
119 256 -1.0
120 643 -4.0
120 409 -2.0
120 283 -4.0
120 424 -1.0
120 304 -1.0
120 202 -2.0
120 314 -2.0
120 701 -4.0
120 705 -1.0
120 458 -2.0
120 588 -4.0
120 270 -4.0
120 338 -2.0
120 218 -4.0
120 740 -1.0
120 751 -2.0
120 370 -1.0
120 505 -1.0
120 382 -4.0
121 129 -2.0
121 436 -1.0
121 798 -2.0
121 423 -2.0
121 327 -4.0
121 200 -1.0
121 553 -2.0
121 330 -4.0
121 270 -2.0
121 682 -2.0
121 304 -2.0
121 368 -1.0
121 362 -1.0
121 153 -4.0
121 187 -1.0
121 316 -4.0
121 637 -4.0
121 795 -2.0
122 648 -1.0
122 410 -4.0
122 284 -4.0
122 161 -4.0
122 422 -2.0
122 311 -2.0
122 545 -2.0
122 580 -1.0
122 328 -1.0
122 588 -1.0
122 725 -2.0
122 344 -1.0
122 401 -4.0
122 356 -2.0
122 359 -1.0
122 247 -2.0
123 507 -2.0
123 466 -2.0
123 233 -4.0
123 525 -1.0
123 334 -2.0
123 751 -4.0
123 629 -4.0
123 346 -4.0
123 283 -1.0
123 713 -2.0
124 770 -1.0
124 195 -2.0
124 460 -4.0
124 486 -1.0
124 551 -2.0
124 396 -1.0
124 631 -2.0
124 620 -1.0
124 369 -1.0
124 402 -1.0
124 634 -1.0
124 567 -1.0
124 752 -1.0
124 352 -4.0
125 769 -1.0
125 738 -4.0
125 393 -2.0
125 516 -4.0
125 265 -1.0
125 536 -4.0
125 408 -1.0
125 333 -1.0
125 451 -4.0
125 617 -2.0
125 590 -2.0
125 376 -1.0
125 666 -1.0
125 795 -1.0
125 480 -1.0
126 738 -4.0
126 707 -2.0
126 452 -2.0
126 770 -1.0
126 490 -4.0
126 620 -1.0
126 462 -1.0
126 400 -2.0
126 402 -4.0
126 403 -4.0
126 595 -4.0
126 444 -2.0
126 255 -2.0
127 353 -4.0
127 417 -2.0
127 516 -2.0
127 389 -4.0
127 295 -4.0
127 556 -2.0
127 435 -1.0
127 532 -2.0
127 403 -4.0
127 729 -4.0
127 380 -2.0
127 590 -2.0
128 481 -2.0
128 419 -1.0
128 348 -2.0
128 264 -2.0
128 587 -1.0
128 492 -4.0
128 173 -1.0
128 718 -2.0
128 432 -1.0
128 307 -2.0
128 150 -1.0
128 413 -4.0
129 354 -2.0
129 675 -2.0
129 701 -1.0
129 263 -4.0
129 780 -2.0
129 170 -2.0
129 523 -4.0
129 748 -2.0
129 494 -1.0
129 349 -4.0
129 158 -1.0
130 337 -4.0
130 452 -1.0
130 423 -1.0
130 172 -2.0
130 335 -1.0
130 209 -2.0
130 306 -4.0
130 625 -4.0
130 383 -1.0
131 578 -4.0
131 451 -4.0
131 743 -2.0
131 488 -2.0
131 589 -1.0
131 684 -1.0
131 534 -2.0
131 256 -2.0
131 511 -4.0
131 759 -2.0
131 280 -1.0
131 697 -1.0
131 539 -4.0
131 316 -1.0
131 351 -1.0
131 320 -4.0
132 357 -4.0
132 678 -1.0
132 296 -1.0
132 426 -2.0
132 619 -1.0
132 268 -2.0
132 270 -1.0
132 366 -2.0
132 401 -2.0
132 691 -1.0
132 247 -2.0
132 746 -2.0
132 672 -2.0
133 548 -2.0
133 326 -4.0
133 583 -4.0
133 372 -4.0
133 656 -1.0
133 624 -2.0
133 308 -2.0
133 660 -1.0
133 441 -4.0
133 795 -4.0
133 540 -4.0
133 285 -4.0
133 703 -4.0
134 769 -2.0
134 258 -1.0
134 483 -2.0
134 260 -1.0
134 295 -1.0
134 167 -1.0
134 748 -1.0
134 636 -1.0
134 711 -4.0
134 564 -2.0
134 725 -1.0
134 214 -2.0
134 474 -4.0
134 608 -4.0
134 223 -4.0
134 192 -2.0
135 689 -2.0
135 492 -4.0
135 166 -4.0
135 777 -4.0
135 554 -2.0
135 235 -4.0
135 654 -2.0
135 495 -1.0
135 686 -1.0
135 305 -2.0
135 636 -4.0
135 243 -2.0
135 276 -4.0
135 655 -4.0
135 792 -4.0
135 188 -4.0
135 159 -1.0
135 736 -1.0
136 676 -1.0
136 730 -2.0
136 620 -4.0
136 552 -2.0
136 536 -4.0
136 587 -1.0
136 344 -4.0
136 240 -2.0
136 340 -2.0
136 309 -4.0
136 182 -4.0
136 280 -1.0
136 473 -4.0
136 373 -4.0
136 187 -4.0
136 543 -4.0
136 544 -4.0
137 676 -2.0
137 424 -4.0
137 425 -1.0
137 779 -1.0
137 364 -1.0
137 461 -1.0
137 366 -4.0
137 465 -4.0
137 708 -1.0
137 534 -4.0
137 279 -4.0
137 543 -1.0
137 511 -4.0
138 225 -2.0
138 484 -1.0
138 668 -2.0
138 554 -2.0
138 299 -2.0
138 685 -4.0
138 336 -2.0
138 595 -1.0
138 660 -4.0
138 636 -1.0
138 160 -2.0
139 442 -2.0
139 387 -4.0
139 548 -4.0
139 674 -4.0
139 329 -2.0
139 713 -2.0
139 367 -1.0
139 304 -1.0
139 369 -2.0
139 681 -1.0
139 629 -4.0
139 767 -4.0
139 184 -1.0
139 441 -2.0
139 378 -4.0
139 572 -1.0
139 638 -2.0
139 671 -2.0
139 704 -2.0
140 228 -4.0
140 492 -1.0
140 561 -2.0
140 210 -4.0
140 467 -2.0
140 539 -2.0
140 572 -1.0
141 322 -1.0
141 734 -2.0
141 581 -4.0
141 486 -2.0
141 775 -4.0
141 264 -1.0
141 637 -4.0
141 591 -4.0
141 336 -2.0
141 434 -2.0
141 788 -1.0
141 598 -1.0
141 759 -2.0
141 189 -1.0
141 254 -4.0
142 321 -4.0
142 386 -1.0
142 611 -4.0
142 260 -1.0
142 455 -4.0
142 658 -4.0
142 300 -2.0
142 656 -4.0
142 594 -1.0
142 467 -2.0
142 693 -2.0
142 794 -4.0
142 730 -2.0
142 384 -4.0
143 225 -4.0
143 258 -2.0
143 252 -2.0
143 357 -4.0
143 710 -4.0
143 586 -1.0
143 267 -1.0
143 621 -2.0
143 591 -2.0
143 289 -4.0
143 499 -1.0
143 314 -4.0
143 187 -2.0
143 576 -1.0
143 224 -2.0
144 513 -1.0
144 524 -1.0
144 588 -4.0
144 260 -4.0
144 551 -1.0
144 330 -2.0
144 715 -1.0
144 396 -2.0
144 205 -1.0
144 334 -2.0
144 500 -1.0
144 567 -1.0
144 381 -1.0
144 525 -4.0
144 797 -2.0
145 550 -2.0
145 648 -2.0
145 361 -4.0
145 619 -1.0
145 239 -1.0
145 489 -1.0
145 471 -4.0
145 512 -2.0
145 574 -1.0
146 388 -1.0
146 774 -1.0
146 516 -4.0
146 793 -4.0
146 417 -1.0
146 676 -1.0
146 562 -4.0
146 696 -2.0
146 445 -4.0
146 702 -2.0
146 707 -4.0
146 452 -1.0
146 453 -2.0
146 715 -4.0
146 590 -2.0
146 468 -2.0
146 343 -2.0
146 219 -4.0
146 234 -1.0
146 364 -4.0
146 497 -2.0
146 504 -1.0
147 580 -1.0
147 776 -1.0
147 589 -1.0
147 496 -1.0
147 690 -1.0
147 596 -2.0
147 182 -2.0
147 471 -2.0
147 447 -1.0
147 413 -4.0
147 191 -2.0
148 194 -1.0
148 588 -2.0
148 484 -2.0
148 712 -1.0
148 615 -4.0
148 360 -1.0
148 681 -1.0
148 747 -1.0
148 270 -2.0
148 598 -1.0
148 662 -1.0
148 181 -1.0
148 470 -1.0
148 343 -2.0
148 476 -4.0
148 288 -1.0
149 524 -2.0
149 582 -4.0
149 391 -4.0
149 744 -2.0
149 298 -1.0
149 364 -1.0
149 429 -4.0
149 526 -2.0
149 689 -1.0
149 403 -4.0
149 458 -2.0
149 565 -1.0
149 638 -1.0
149 525 -2.0
149 742 -1.0
150 628 -4.0
150 758 -2.0
150 700 -2.0
150 455 -1.0
150 295 -4.0
150 633 -1.0
150 684 -4.0
150 238 -4.0
150 564 -2.0
150 179 -2.0
150 372 -1.0
150 277 -2.0
150 639 -4.0
150 743 -1.0
150 778 -1.0
150 313 -4.0
150 442 -4.0
150 672 -1.0
151 515 -2.0
151 649 -4.0
151 333 -4.0
151 579 -2.0
151 657 -4.0
151 633 -4.0
151 191 -4.0
152 609 -2.0
152 258 -2.0
152 641 -1.0
152 741 -2.0
152 551 -1.0
152 649 -2.0
152 394 -4.0
152 757 -2.0
152 441 -4.0
152 410 -1.0
152 607 -2.0
153 654 -1.0
153 262 -2.0
153 686 -4.0
153 683 -2.0
153 592 -1.0
153 209 -1.0
153 762 -2.0
153 730 -1.0
153 753 -2.0
153 614 -1.0
154 345 -4.0
154 519 -1.0
154 552 -1.0
154 268 -4.0
154 419 -2.0
154 433 -4.0
154 338 -4.0
154 534 -2.0
154 343 -1.0
154 472 -1.0
154 379 -4.0
154 539 -1.0
154 544 -1.0
155 450 -2.0
155 371 -4.0
155 196 -2.0
155 359 -1.0
155 380 -2.0
155 681 -4.0
155 751 -1.0
155 457 -4.0
155 339 -4.0
155 439 -4.0
155 504 -1.0
155 410 -2.0
155 507 -2.0
155 284 -2.0
156 449 -2.0
156 641 -2.0
156 517 -2.0
156 594 -1.0
156 521 -2.0
156 243 -4.0
156 683 -4.0
156 530 -2.0
156 308 -4.0
156 378 -2.0
156 541 -4.0
157 675 -4.0
157 262 -4.0
157 200 -4.0
157 330 -4.0
157 268 -1.0
157 493 -4.0
157 430 -4.0
157 494 -4.0
157 776 -2.0
157 435 -1.0
158 450 -2.0
158 259 -2.0
158 612 -2.0
158 389 -2.0
158 546 -1.0
158 680 -1.0
158 784 -1.0
158 177 -4.0
158 565 -2.0
158 343 -4.0
158 576 -4.0
158 422 -1.0
159 292 -1.0
159 456 -4.0
159 329 -4.0
159 429 -2.0
159 235 -2.0
159 272 -4.0
159 337 -4.0
159 307 -2.0
159 244 -4.0
159 181 -1.0
159 288 -1.0
160 161 -2.0
160 359 -1.0
160 450 -2.0
160 459 -1.0
160 744 -1.0
160 206 -2.0
160 366 -4.0
160 305 -1.0
160 306 -2.0
160 769 -1.0
160 632 -1.0
160 432 -4.0
160 511 -4.0
161 520 -1.0
161 396 -1.0
161 278 -1.0
161 285 -2.0
161 293 -4.0
161 683 -1.0
161 304 -2.0
161 690 -1.0
161 450 -1.0
161 329 -1.0
161 206 -4.0
161 464 -4.0
161 209 -4.0
161 466 -4.0
161 608 -1.0
161 229 -1.0
161 358 -2.0
161 366 -2.0
161 626 -4.0
161 379 -2.0
162 391 -1.0
162 522 -1.0
162 395 -1.0
162 405 -4.0
162 282 -4.0
162 283 -1.0
162 421 -2.0
162 519 -2.0
162 555 -4.0
162 688 -1.0
162 690 -4.0
162 313 -4.0
162 442 -4.0
162 193 -4.0
162 322 -2.0
162 709 -1.0
162 724 -1.0
162 599 -2.0
162 486 -1.0
162 227 -4.0
162 171 -1.0
163 514 -2.0
163 323 -2.0
163 395 -1.0
163 302 -1.0
163 275 -1.0
163 247 -4.0
163 702 -4.0
164 770 -2.0
164 599 -4.0
164 521 -4.0
164 331 -2.0
164 681 -1.0
164 639 -1.0
164 407 -2.0
164 600 -1.0
164 377 -2.0
164 255 -1.0
164 704 -2.0
165 273 -2.0
165 551 -2.0
165 386 -4.0
165 626 -1.0
165 697 -2.0
165 571 -2.0
165 668 -4.0
165 446 -2.0
166 290 -2.0
166 761 -2.0
166 711 -4.0
166 642 -1.0
166 556 -1.0
166 653 -2.0
166 750 -2.0
166 372 -1.0
166 311 -1.0
166 794 -4.0
166 345 -4.0
166 690 -2.0
166 446 -1.0
167 743 -4.0
167 273 -1.0
167 345 -2.0
167 530 -4.0
167 687 -1.0
167 185 -4.0
167 189 -4.0
168 257 -2.0
168 689 -4.0
168 617 -2.0
168 619 -4.0
168 780 -4.0
168 465 -4.0
168 547 -2.0
168 697 -2.0
168 614 -4.0
169 387 -1.0
169 230 -1.0
169 391 -1.0
169 784 -2.0
169 501 -2.0
169 726 -4.0
169 599 -4.0
169 186 -1.0
169 281 -4.0
169 709 -2.0
170 257 -1.0
170 740 -2.0
170 741 -2.0
170 749 -2.0
170 717 -2.0
170 207 -1.0
170 496 -2.0
170 595 -1.0
170 437 -1.0
170 447 -1.0
170 567 -2.0
170 697 -1.0
170 720 -2.0
171 195 -2.0
171 772 -1.0
171 549 -1.0
171 679 -4.0
171 780 -2.0
171 253 -2.0
171 478 -4.0
172 451 -2.0
172 421 -1.0
172 390 -4.0
172 194 -2.0
172 745 -1.0
172 396 -1.0
172 781 -4.0
172 547 -1.0
172 386 -1.0
172 660 -2.0
172 342 -1.0
172 280 -1.0
172 703 -2.0
172 762 -1.0
172 704 -1.0
172 317 -2.0
172 383 -1.0
172 640 -2.0
173 545 -2.0
173 450 -2.0
173 356 -2.0
173 389 -2.0
173 196 -4.0
173 361 -4.0
173 430 -4.0
173 180 -1.0
173 692 -4.0
173 727 -4.0
173 793 -4.0
173 634 -1.0
173 796 -1.0
173 363 -1.0
173 575 -2.0
174 291 -4.0
174 422 -4.0
174 454 -2.0
174 397 -1.0
174 497 -4.0
174 562 -1.0
174 565 -2.0
174 214 -1.0
174 447 -4.0
174 693 -1.0
174 731 -2.0
174 555 -2.0
174 255 -4.0
174 374 -4.0
175 229 -2.0
175 362 -1.0
175 587 -1.0
175 536 -4.0
175 627 -1.0
175 751 -2.0
175 275 -2.0
175 245 -2.0
175 183 -2.0
175 248 -2.0
175 414 -1.0
175 351 -1.0
176 417 -2.0
176 195 -4.0
176 231 -2.0
176 329 -1.0
176 528 -2.0
176 369 -2.0
176 553 -1.0
176 474 -1.0
176 251 -2.0
176 764 -1.0
176 767 -2.0
176 640 -2.0
177 291 -4.0
177 447 -4.0
177 748 -2.0
177 365 -4.0
177 270 -2.0
177 304 -2.0
177 369 -4.0
177 755 -1.0
177 341 -1.0
177 351 -1.0
177 792 -1.0
177 376 -1.0
177 707 -4.0
177 250 -2.0
177 799 -1.0
178 641 -2.0
178 739 -4.0
178 262 -4.0
178 328 -2.0
178 713 -4.0
178 587 -4.0
178 564 -4.0
178 701 -2.0
178 678 -1.0
179 290 -4.0
179 354 -4.0
179 297 -4.0
179 298 -4.0
179 488 -2.0
179 718 -2.0
179 496 -4.0
179 649 -1.0
179 436 -4.0
179 665 -1.0
179 636 -4.0
179 797 -2.0
179 735 -4.0
180 673 -1.0
180 290 -4.0
180 679 -1.0
180 265 -2.0
180 491 -4.0
180 536 -2.0
180 398 -4.0
180 719 -1.0
180 494 -2.0
180 585 -2.0
180 340 -1.0
180 692 -1.0
180 472 -4.0
180 788 -4.0
180 789 -2.0
180 576 -2.0
180 256 -1.0
181 769 -2.0
181 642 -1.0
181 195 -4.0
181 198 -2.0
181 743 -2.0
181 778 -1.0
181 267 -2.0
181 342 -1.0
181 185 -1.0
181 221 -1.0
181 619 -4.0
182 642 -1.0
182 696 -4.0
182 615 -1.0
182 459 -1.0
182 204 -2.0
182 243 -4.0
182 282 -4.0
182 251 -2.0
182 541 -1.0
182 315 -1.0
182 479 -2.0
183 386 -1.0
183 653 -2.0
183 260 -2.0
183 397 -2.0
183 535 -4.0
183 793 -1.0
183 420 -1.0
183 680 -2.0
183 297 -1.0
183 562 -1.0
183 450 -2.0
183 463 -1.0
183 699 -4.0
183 228 -2.0
183 636 -2.0
183 509 -2.0
183 382 -2.0
183 256 -1.0
184 526 -4.0
184 333 -2.0
184 270 -2.0
184 496 -1.0
184 305 -1.0
184 626 -4.0
184 579 -2.0
184 383 -1.0
184 569 -4.0
184 187 -1.0
184 624 -4.0
184 285 -2.0
184 734 -2.0
184 319 -1.0
184 736 -4.0
185 451 -2.0
185 548 -1.0
185 634 -2.0
185 367 -1.0
185 440 -1.0
185 398 -4.0
185 335 -4.0
185 688 -4.0
185 561 -4.0
185 338 -1.0
185 547 -4.0
185 218 -1.0
185 505 -1.0
185 658 -1.0
186 392 -4.0
186 680 -2.0
186 563 -1.0
186 624 -4.0
186 211 -4.0
186 244 -2.0
186 757 -4.0
186 630 -1.0
186 567 -1.0
186 700 -1.0
186 286 -4.0
186 256 -2.0
187 386 -2.0
187 419 -2.0
187 582 -4.0
187 331 -1.0
187 799 -4.0
187 526 -4.0
187 239 -1.0
187 622 -4.0
187 369 -2.0
187 370 -4.0
187 469 -1.0
187 593 -2.0
187 796 -2.0
187 190 -4.0
187 351 -4.0
188 784 -4.0
188 228 -4.0
188 199 -1.0
188 298 -4.0
188 427 -1.0
188 568 -4.0
188 269 -4.0
188 694 -2.0
188 593 -2.0
188 708 -4.0
188 278 -1.0
188 599 -2.0
188 536 -2.0
188 249 -2.0
188 788 -4.0
188 316 -1.0
188 732 -2.0
188 486 -2.0
189 676 -4.0
189 262 -4.0
189 423 -1.0
189 301 -1.0
189 213 -1.0
189 248 -1.0
189 378 -2.0
189 603 -4.0
189 444 -4.0
189 557 -1.0
189 671 -4.0
189 391 -1.0
190 260 -1.0
190 262 -4.0
190 519 -4.0
190 579 -4.0
190 786 -4.0
190 388 -4.0
190 409 -4.0
190 552 -1.0
190 435 -2.0
190 564 -4.0
190 451 -4.0
190 717 -4.0
190 720 -1.0
190 465 -2.0
190 212 -2.0
190 353 -2.0
190 615 -4.0
190 359 -1.0
190 489 -1.0
190 532 -4.0
190 247 -1.0
190 377 -1.0
191 226 -1.0
191 476 -2.0
191 407 -4.0
191 327 -1.0
191 553 -1.0
191 202 -2.0
191 746 -4.0
191 615 -2.0
191 340 -1.0
191 437 -4.0
191 426 -2.0
191 345 -1.0
192 453 -4.0
192 296 -1.0
192 205 -2.0
192 365 -4.0
192 368 -2.0
192 757 -2.0
192 763 -2.0
192 700 -4.0
192 637 -4.0
192 511 -4.0
192 752 -4.0
193 398 -1.0
193 271 -1.0
193 400 -2.0
193 410 -2.0
193 798 -4.0
193 686 -1.0
193 687 -1.0
193 436 -4.0
193 695 -2.0
193 582 -4.0
193 712 -4.0
193 462 -4.0
193 210 -2.0
193 347 -4.0
193 606 -4.0
193 229 -2.0
193 232 -4.0
193 236 -4.0
193 499 -2.0
193 637 -4.0
194 784 -4.0
194 322 -1.0
194 515 -4.0
194 304 -1.0
194 626 -4.0
194 693 -2.0
194 281 -1.0
194 250 -1.0
194 603 -4.0
194 764 -4.0
194 704 -1.0
195 513 -2.0
195 354 -2.0
195 386 -1.0
195 458 -2.0
195 332 -2.0
195 776 -4.0
195 577 -2.0
195 475 -2.0
195 705 -4.0
195 383 -2.0
196 386 -2.0
196 649 -4.0
196 282 -1.0
196 308 -2.0
196 565 -2.0
196 573 -2.0
196 332 -4.0
196 722 -2.0
196 725 -2.0
196 731 -1.0
196 604 -2.0
196 741 -1.0
196 487 -1.0
196 489 -4.0
196 619 -4.0
196 765 -1.0
197 517 -2.0
197 390 -1.0
197 264 -2.0
197 397 -1.0
197 282 -2.0
197 682 -2.0
197 776 -1.0
197 430 -4.0
197 692 -4.0
197 445 -2.0
197 579 -4.0
197 341 -1.0
197 478 -1.0
197 352 -1.0
197 615 -2.0
197 361 -2.0
197 384 -2.0
198 719 -2.0
198 570 -4.0
198 201 -2.0
198 653 -2.0
198 493 -1.0
198 462 -4.0
198 399 -4.0
198 208 -4.0
198 338 -4.0
198 627 -4.0
198 504 -2.0
198 441 -1.0
198 405 -4.0
198 667 -1.0
198 636 -1.0
198 637 -1.0
198 767 -4.0
199 385 -4.0
199 577 -4.0
199 262 -2.0
199 551 -1.0
199 329 -1.0
199 527 -1.0
199 304 -2.0
199 660 -2.0
199 730 -4.0
199 288 -1.0
200 626 -4.0
200 618 -4.0
200 429 -2.0
200 272 -2.0
200 273 -4.0
200 402 -1.0
200 343 -2.0
200 602 -2.0
201 353 -2.0
201 716 -2.0
201 517 -2.0
201 554 -1.0
201 364 -1.0
201 269 -2.0
201 752 -1.0
201 497 -4.0
201 275 -2.0
201 789 -2.0
201 342 -1.0
201 698 -1.0
201 218 -1.0
201 603 -4.0
201 542 -2.0
201 767 -4.0
201 422 -4.0
202 641 -2.0
202 233 -4.0
202 303 -4.0
202 783 -1.0
202 537 -1.0
202 539 -1.0
202 509 -2.0
203 492 -4.0
203 452 -2.0
203 519 -1.0
203 234 -1.0
203 440 -4.0
203 462 -4.0
203 574 -2.0
203 529 -2.0
203 694 -1.0
203 376 -1.0
203 377 -4.0
203 622 -4.0
203 509 -2.0
203 288 -4.0
204 235 -2.0
204 681 -4.0
204 377 -4.0
204 416 -4.0
204 349 -4.0
205 769 -4.0
205 386 -1.0
205 604 -4.0
205 358 -1.0
205 332 -2.0
205 687 -4.0
205 561 -1.0
205 633 -2.0
205 691 -2.0
205 404 -2.0
205 214 -2.0
205 377 -4.0
205 314 -2.0
205 507 -4.0
205 444 -2.0
205 672 -2.0
205 704 -1.0
206 258 -2.0
206 227 -1.0
206 648 -1.0
206 489 -1.0
206 207 -1.0
206 634 -4.0
206 539 -4.0
206 222 -4.0
207 523 -4.0
207 536 -2.0
207 467 -2.0
207 759 -4.0
207 280 -2.0
207 736 -2.0
208 642 -2.0
208 785 -1.0
208 662 -2.0
208 279 -2.0
208 796 -4.0
208 299 -4.0
208 559 -1.0
208 571 -1.0
208 446 -1.0
208 329 -2.0
208 714 -2.0
208 716 -1.0
208 461 -1.0
208 344 -4.0
208 348 -2.0
208 736 -1.0
208 484 -1.0
208 618 -2.0
208 374 -2.0
208 376 -4.0
209 611 -1.0
209 327 -1.0
209 618 -2.0
209 349 -4.0
209 637 -1.0
210 642 -2.0
210 747 -2.0
210 683 -2.0
210 318 -2.0
210 733 -4.0
210 639 -1.0
211 353 -4.0
211 258 -2.0
211 419 -4.0
211 389 -1.0
211 458 -1.0
211 523 -4.0
211 707 -4.0
211 650 -1.0
211 787 -2.0
211 311 -4.0
211 282 -4.0
212 322 -2.0
212 412 -2.0
212 773 -2.0
212 588 -4.0
212 781 -4.0
212 788 -2.0
212 661 -2.0
212 382 -1.0
212 319 -2.0
213 670 -1.0
213 770 -2.0
213 759 -2.0
213 370 -4.0
213 776 -4.0
213 338 -2.0
213 278 -2.0
213 440 -4.0
213 635 -4.0
213 735 -2.0
214 354 -1.0
214 684 -1.0
214 261 -4.0
214 546 -1.0
214 587 -4.0
214 332 -4.0
214 431 -1.0
214 690 -1.0
214 405 -2.0
214 503 -4.0
214 731 -1.0
214 732 -4.0
214 221 -2.0
215 444 -2.0
215 360 -4.0
215 522 -4.0
215 232 -1.0
215 696 -1.0
215 552 -2.0
215 701 -2.0
215 465 -2.0
215 441 -1.0
215 500 -1.0
215 406 -4.0
215 247 -1.0
215 409 -1.0
215 549 -1.0
215 380 -2.0
215 509 -1.0
215 574 -4.0
215 697 -2.0
216 669 -4.0
216 478 -2.0
216 423 -1.0
216 295 -4.0
216 266 -1.0
216 583 -4.0
216 336 -4.0
216 241 -1.0
216 722 -4.0
216 548 -1.0
216 725 -2.0
216 347 -4.0
216 220 -2.0
216 477 -2.0
216 267 -2.0
216 606 -2.0
217 449 -1.0
217 738 -2.0
217 776 -2.0
217 716 -1.0
217 563 -1.0
217 718 -4.0
217 401 -2.0
217 435 -2.0
217 469 -4.0
217 759 -4.0
217 501 -1.0
217 541 -1.0
217 799 -2.0
217 512 -2.0
218 258 -1.0
218 292 -4.0
218 429 -4.0
218 237 -4.0
218 777 -4.0
218 496 -4.0
218 241 -2.0
218 521 -2.0
218 595 -1.0
218 573 -1.0
218 544 -1.0
219 385 -1.0
219 663 -2.0
219 722 -1.0
219 361 -4.0
219 524 -1.0
219 653 -2.0
219 750 -4.0
219 751 -2.0
219 692 -4.0
219 631 -1.0
219 394 -4.0
220 547 -2.0
220 518 -2.0
220 295 -1.0
220 683 -1.0
220 365 -4.0
220 470 -1.0
220 375 -4.0
220 667 -2.0
220 572 -1.0
220 445 -4.0
220 699 -2.0
220 767 -1.0
220 768 -4.0
221 395 -4.0
221 653 -4.0
221 657 -4.0
221 411 -2.0
221 297 -1.0
221 434 -1.0
221 313 -4.0
221 315 -4.0
221 448 -2.0
221 464 -4.0
221 339 -1.0
221 475 -1.0
221 443 -4.0
221 224 -2.0
221 609 -2.0
221 613 -2.0
221 614 -4.0
221 231 -2.0
221 723 -2.0
221 371 -2.0
221 508 -4.0
222 228 -4.0
222 357 -4.0
222 340 -1.0
222 457 -4.0
222 677 -4.0
222 255 -2.0
223 259 -1.0
223 348 -2.0
223 709 -1.0
223 764 -1.0
223 330 -1.0
223 238 -1.0
223 240 -4.0
223 722 -2.0
223 414 -1.0
224 259 -2.0
224 742 -4.0
224 680 -1.0
224 701 -1.0
224 716 -4.0
224 493 -1.0
224 304 -4.0
224 251 -2.0
224 702 -1.0
224 415 -4.0
225 483 -4.0
225 485 -1.0
225 647 -2.0
225 497 -2.0
225 403 -4.0
225 335 -4.0
225 246 -4.0
225 527 -2.0
225 476 -4.0
225 638 -2.0
226 354 -2.0
226 356 -2.0
226 696 -2.0
226 436 -2.0
226 247 -1.0
226 634 -1.0
226 538 -1.0
226 571 -4.0
226 477 -1.0
226 446 -4.0
226 512 -4.0
227 614 -2.0
227 482 -4.0
227 738 -1.0
227 714 -4.0
227 648 -1.0
227 688 -4.0
227 563 -1.0
227 244 -2.0
227 245 -2.0
227 603 -4.0
227 542 -2.0
227 575 -1.0
228 391 -2.0
228 396 -1.0
228 400 -1.0
228 403 -1.0
228 541 -1.0
228 542 -4.0
228 416 -1.0
228 437 -2.0
228 736 -4.0
228 454 -4.0
228 775 -4.0
228 476 -1.0
228 479 -4.0
228 622 -4.0
228 353 -4.0
228 229 -4.0
228 275 -1.0
229 677 -2.0
229 514 -4.0
229 651 -2.0
229 684 -2.0
229 333 -4.0
229 542 -2.0
229 341 -2.0
229 572 -4.0
229 350 -1.0
229 384 -2.0
230 353 -4.0
230 515 -4.0
230 391 -1.0
230 362 -1.0
230 365 -4.0
230 354 -4.0
230 425 -2.0
230 648 -4.0
230 417 -2.0
230 469 -4.0
230 653 -1.0
230 681 -1.0
230 444 -2.0
230 638 -1.0
231 410 -2.0
231 797 -1.0
231 542 -1.0
231 411 -2.0
231 556 -1.0
231 308 -2.0
231 579 -2.0
231 456 -2.0
231 356 -2.0
231 748 -2.0
231 365 -1.0
231 494 -4.0
231 755 -1.0
231 374 -2.0
231 507 -2.0
231 254 -4.0
232 642 -4.0
232 259 -1.0
232 260 -1.0
232 270 -4.0
232 430 -2.0
232 431 -2.0
232 566 -1.0
232 311 -4.0
232 547 -4.0
232 400 -4.0
232 353 -2.0
232 355 -4.0
232 365 -1.0
232 498 -2.0
232 247 -2.0
232 634 -4.0
232 381 -1.0
233 642 -1.0
233 649 -2.0
233 595 -4.0
233 303 -4.0
233 478 -2.0
233 337 -4.0
233 467 -4.0
233 723 -4.0
233 426 -1.0
233 697 -2.0
233 378 -4.0
233 672 -4.0
233 575 -1.0
234 610 -1.0
234 620 -1.0
234 637 -4.0
234 524 -4.0
234 318 -4.0
234 708 -1.0
234 512 -1.0
234 416 -4.0
234 573 -2.0
234 288 -2.0
235 615 -4.0
235 365 -1.0
235 590 -1.0
235 242 -4.0
235 316 -1.0
235 286 -4.0
236 737 -2.0
236 773 -2.0
236 296 -4.0
236 779 -2.0
236 620 -1.0
236 628 -4.0
236 410 -2.0
236 571 -4.0
236 319 -1.0
236 480 -2.0
237 257 -1.0
237 458 -1.0
237 747 -2.0
237 300 -2.0
237 398 -2.0
237 591 -1.0
237 400 -1.0
237 786 -1.0
237 522 -4.0
238 257 -2.0
238 709 -4.0
238 567 -4.0
238 509 -1.0
238 529 -1.0
238 564 -4.0
238 336 -2.0
238 319 -4.0
238 544 -4.0
238 284 -2.0
238 317 -2.0
238 254 -4.0
238 502 -2.0
239 483 -1.0
239 748 -4.0
239 466 -2.0
239 639 -4.0
240 641 -1.0
240 322 -4.0
240 356 -1.0
240 457 -2.0
240 405 -1.0
240 717 -4.0
240 585 -1.0
240 245 -1.0
240 629 -4.0
240 373 -4.0
240 738 -2.0
240 541 -2.0
241 321 -4.0
241 548 -2.0
241 306 -2.0
241 555 -2.0
241 432 -2.0
241 581 -4.0
241 243 -1.0
241 764 -2.0
241 549 -2.0
242 325 -4.0
242 503 -4.0
242 295 -4.0
242 681 -1.0
242 333 -2.0
242 430 -2.0
242 335 -4.0
242 562 -4.0
242 469 -4.0
242 502 -2.0
242 792 -1.0
242 569 -2.0
242 699 -2.0
242 766 -1.0
243 547 -1.0
243 780 -2.0
243 621 -2.0
243 336 -2.0
243 309 -1.0
243 378 -4.0
243 694 -2.0
244 449 -2.0
244 418 -1.0
244 644 -2.0
244 613 -2.0
244 488 -1.0
244 364 -4.0
244 525 -4.0
244 696 -4.0
244 399 -2.0
244 754 -4.0
244 481 -2.0
245 546 -1.0
245 358 -1.0
245 262 -1.0
245 328 -4.0
245 266 -2.0
245 696 -4.0
245 598 -2.0
245 666 -4.0
245 282 -1.0
245 347 -4.0
245 655 -4.0
245 288 -4.0
246 450 -1.0
246 547 -4.0
246 326 -1.0
246 557 -1.0
246 272 -4.0
246 288 -1.0
246 279 -4.0
247 523 -1.0
247 524 -1.0
247 403 -2.0
247 540 -4.0
247 286 -1.0
247 676 -2.0
247 599 -1.0
247 688 -2.0
247 690 -2.0
247 436 -1.0
247 316 -1.0
247 574 -2.0
247 447 -2.0
247 709 -1.0
247 585 -4.0
247 586 -1.0
247 481 -2.0
247 275 -1.0
247 377 -1.0
248 513 -1.0
248 418 -1.0
248 454 -2.0
248 455 -4.0
248 605 -4.0
248 718 -4.0
248 305 -4.0
248 339 -4.0
248 529 -1.0
248 472 -4.0
248 629 -1.0
248 508 -1.0
248 747 -4.0
248 256 -1.0
249 451 -2.0
249 389 -2.0
249 647 -1.0
249 457 -2.0
249 461 -4.0
249 429 -1.0
249 739 -1.0
249 722 -1.0
249 343 -1.0
249 682 -1.0
249 768 -4.0
249 730 -1.0
249 251 -1.0
249 637 -2.0
249 352 -1.0
250 392 -4.0
250 426 -4.0
250 459 -4.0
250 680 -1.0
250 270 -4.0
250 590 -4.0
250 618 -1.0
250 537 -4.0
250 316 -4.0
251 705 -4.0
251 611 -2.0
251 700 -4.0
251 615 -2.0
251 780 -1.0
251 370 -4.0
251 795 -2.0
251 701 -4.0
252 610 -4.0
252 564 -2.0
252 723 -2.0
252 279 -4.0
252 576 -4.0
252 572 -2.0
252 320 -2.0
253 753 -2.0
253 770 -1.0
253 265 -4.0
253 687 -2.0
253 400 -1.0
253 401 -1.0
253 595 -4.0
253 404 -2.0
253 346 -4.0
253 596 -1.0
253 447 -1.0
254 513 -1.0
254 739 -1.0
254 519 -4.0
254 264 -1.0
254 616 -2.0
254 785 -1.0
254 434 -4.0
254 742 -4.0
254 341 -4.0
254 713 -4.0
254 735 -4.0
254 278 -2.0
255 517 -2.0
255 656 -2.0
255 403 -2.0
255 404 -2.0
255 285 -1.0
255 415 -2.0
255 431 -2.0
255 510 -2.0
255 573 -1.0
255 630 -2.0
255 583 -1.0
255 739 -2.0
255 469 -2.0
255 479 -1.0
255 736 -1.0
255 355 -1.0
255 485 -4.0
255 495 -1.0
255 382 -4.0
255 502 -1.0
255 375 -2.0
255 376 -2.0
256 321 -2.0
256 442 -1.0
256 615 -2.0
256 366 -1.0
256 641 -2.0
256 416 -1.0
256 509 -2.0
256 544 -4.0
257 513 -2.0
257 609 -1.0
257 419 -4.0
257 647 -2.0
257 361 -4.0
257 302 -4.0
257 745 -4.0
257 675 -4.0
257 762 -4.0
257 766 -1.0
258 259 -1.0
258 455 -1.0
258 738 -2.0
258 794 -4.0
258 561 -1.0
258 661 -4.0
258 668 -1.0
258 282 -1.0
258 614 -4.0
259 353 -4.0
259 617 -2.0
259 588 -4.0
259 403 -4.0
259 687 -4.0
259 368 -2.0
259 681 -1.0
259 339 -1.0
259 501 -2.0
259 447 -1.0
259 642 -4.0
259 476 -2.0
259 768 -1.0
260 385 -2.0
260 322 -2.0
260 676 -1.0
260 267 -1.0
260 524 -4.0
260 724 -1.0
260 308 -1.0
261 642 -2.0
261 708 -1.0
261 389 -1.0
261 551 -4.0
261 653 -4.0
261 590 -4.0
261 468 -4.0
261 372 -4.0
261 666 -4.0
261 670 -1.0
261 735 -4.0
261 800 -2.0
262 612 -2.0
262 646 -4.0
262 746 -4.0
262 542 -4.0
262 338 -2.0
262 510 -1.0
262 369 -4.0
262 660 -4.0
262 568 -1.0
262 288 -2.0
263 743 -4.0
263 330 -4.0
263 600 -4.0
263 344 -2.0
263 411 -2.0
263 572 -4.0
263 765 -4.0
263 606 -2.0
263 800 -2.0
264 675 -4.0
264 487 -1.0
264 359 -4.0
264 578 -2.0
264 271 -4.0
264 624 -1.0
264 791 -1.0
264 727 -4.0
264 664 -1.0
264 688 -2.0
264 736 -4.0
265 610 -2.0
265 611 -1.0
265 485 -1.0
265 722 -2.0
265 553 -1.0
265 681 -2.0
265 303 -4.0
265 563 -1.0
265 463 -1.0
265 375 -4.0
265 507 -1.0
265 571 -4.0
265 534 -1.0
266 681 -1.0
266 695 -1.0
266 613 -2.0
266 638 -4.0
267 677 -1.0
267 307 -1.0
267 752 -4.0
267 657 -4.0
267 626 -4.0
267 292 -4.0
267 313 -4.0
267 723 -1.0
267 412 -1.0
267 479 -1.0
268 737 -2.0
268 706 -4.0
268 547 -2.0
268 743 -2.0
268 615 -2.0
268 456 -2.0
268 584 -2.0
268 461 -2.0
268 494 -2.0
268 799 -2.0
268 707 -1.0
268 281 -2.0
268 771 -4.0
268 575 -4.0
268 470 -1.0
269 676 -1.0
269 742 -2.0
269 602 -2.0
269 520 -1.0
269 490 -1.0
269 587 -2.0
269 718 -2.0
269 626 -2.0
269 373 -4.0
269 342 -1.0
269 410 -2.0
269 767 -4.0
270 280 -1.0
270 291 -2.0
270 473 -1.0
270 359 -2.0
270 520 -2.0
270 404 -4.0
270 281 -1.0
270 563 -1.0
270 597 -2.0
270 789 -1.0
270 396 -2.0
270 648 -1.0
270 768 -4.0
271 674 -1.0
271 580 -1.0
271 328 -2.0
271 745 -1.0
271 723 -4.0
271 565 -1.0
271 375 -4.0
271 761 -4.0
271 795 -2.0
272 386 -2.0
272 396 -2.0
272 392 -1.0
272 364 -2.0
272 797 -1.0
272 448 -4.0
273 702 -2.0
273 367 -2.0
273 782 -1.0
273 303 -1.0
273 336 -2.0
273 563 -1.0
273 278 -1.0
273 671 -2.0
273 413 -2.0
273 606 -2.0
273 651 -4.0
274 516 -2.0
274 359 -4.0
274 706 -2.0
274 779 -1.0
274 597 -1.0
274 441 -4.0
274 410 -4.0
274 704 -2.0
274 732 -1.0
274 480 -1.0
275 407 -4.0
275 546 -4.0
275 406 -2.0
275 571 -4.0
275 348 -4.0
275 509 -1.0
275 320 -2.0
276 800 -1.0
276 709 -1.0
276 518 -1.0
276 521 -2.0
276 532 -4.0
276 352 -2.0
276 406 -4.0
276 601 -1.0
276 284 -1.0
276 413 -2.0
277 545 -4.0
277 676 -4.0
277 741 -1.0
277 392 -4.0
277 748 -1.0
277 529 -4.0
277 553 -2.0
277 435 -2.0
277 661 -2.0
277 315 -1.0
277 288 -4.0
278 454 -2.0
278 712 -2.0
278 426 -4.0
278 331 -1.0
278 623 -2.0
278 318 -2.0
278 306 -1.0
278 532 -1.0
278 598 -1.0
278 311 -4.0
278 794 -1.0
278 560 -1.0
278 637 -1.0
279 385 -4.0
279 418 -2.0
279 733 -1.0
279 800 -2.0
279 680 -1.0
279 426 -1.0
279 591 -1.0
279 465 -2.0
279 512 -4.0
279 705 -2.0
279 415 -1.0
279 438 -4.0
280 518 -2.0
280 533 -2.0
280 406 -4.0
280 422 -1.0
280 555 -4.0
280 688 -1.0
280 715 -4.0
280 599 -1.0
280 602 -1.0
280 349 -4.0
280 622 -1.0
280 498 -1.0
280 371 -4.0
281 321 -2.0
281 388 -2.0
281 290 -1.0
281 683 -4.0
281 462 -1.0
281 425 -2.0
281 726 -1.0
281 690 -4.0
281 784 -2.0
281 637 -1.0
281 575 -4.0
282 677 -4.0
282 361 -1.0
282 780 -2.0
282 435 -2.0
282 624 -1.0
282 532 -1.0
282 478 -4.0
282 704 -4.0
283 641 -4.0
283 392 -4.0
283 410 -4.0
283 796 -1.0
283 286 -2.0
283 675 -1.0
283 776 -2.0
283 575 -4.0
283 321 -2.0
283 328 -2.0
283 467 -2.0
283 342 -2.0
283 471 -1.0
283 734 -1.0
283 489 -1.0
283 375 -1.0
283 380 -4.0
284 540 -1.0
284 732 -4.0
284 452 -1.0
284 357 -2.0
284 646 -4.0
284 589 -1.0
284 590 -1.0
284 581 -2.0
284 710 -1.0
284 476 -2.0
284 672 -1.0
284 619 -2.0
284 544 -4.0
285 514 -2.0
285 583 -2.0
285 588 -2.0
285 526 -2.0
285 658 -4.0
285 723 -4.0
285 790 -1.0
285 537 -1.0
285 762 -2.0
285 635 -2.0
285 701 -2.0
286 611 -1.0
286 680 -2.0
286 337 -2.0
286 601 -1.0
286 565 -2.0
286 473 -2.0
286 412 -1.0
286 733 -4.0
286 640 -4.0
287 456 -4.0
287 298 -2.0
287 431 -1.0
287 374 -1.0
287 343 -1.0
287 794 -1.0
287 762 -2.0
287 799 -1.0
287 416 -4.0
288 389 -4.0
288 526 -1.0
288 787 -2.0
288 536 -1.0
288 673 -4.0
288 425 -2.0
288 686 -2.0
288 714 -4.0
288 474 -2.0
288 632 -4.0
288 767 -4.0
289 577 -1.0
289 705 -4.0
289 774 -4.0
289 551 -2.0
289 649 -4.0
289 701 -1.0
289 396 -1.0
289 301 -4.0
289 419 -1.0
289 660 -2.0
289 602 -4.0
289 575 -4.0
289 544 -2.0
290 546 -1.0
290 355 -4.0
290 613 -2.0
290 328 -2.0
290 691 -1.0
290 337 -4.0
290 646 -2.0
290 376 -2.0
290 544 -4.0
290 320 -1.0
291 737 -4.0
291 702 -4.0
291 515 -4.0
291 548 -1.0
291 486 -2.0
291 424 -2.0
291 373 -2.0
291 587 -2.0
291 396 -4.0
291 338 -2.0
291 695 -4.0
291 341 -4.0
291 510 -2.0
291 646 -4.0
292 547 -2.0
292 485 -2.0
292 296 -1.0
292 730 -1.0
292 351 -2.0
292 344 -2.0
292 768 -1.0
293 793 -2.0
293 681 -2.0
293 719 -2.0
293 564 -4.0
293 308 -1.0
293 694 -1.0
293 761 -4.0
293 346 -2.0
293 318 -2.0
294 705 -1.0
294 548 -4.0
294 744 -1.0
294 297 -1.0
294 688 -4.0
294 723 -2.0
294 693 -4.0
294 598 -2.0
294 746 -2.0
294 313 -2.0
294 410 -4.0
295 773 -4.0
295 306 -4.0
295 521 -4.0
295 459 -1.0
295 497 -4.0
295 509 -2.0
295 798 -4.0
296 669 -1.0
296 780 -4.0
296 477 -2.0
296 459 -4.0
296 595 -4.0
296 499 -2.0
296 789 -2.0
296 439 -4.0
296 554 -2.0
296 441 -1.0
297 484 -4.0
297 743 -1.0
297 459 -4.0
297 781 -4.0
297 595 -1.0
297 530 -1.0
297 340 -2.0
297 787 -1.0
297 381 -2.0
297 574 -4.0
298 800 -2.0
298 591 -2.0
298 496 -1.0
298 308 -4.0
298 799 -2.0
298 560 -2.0
298 442 -2.0
299 741 -2.0
299 487 -1.0
299 680 -1.0
299 466 -2.0
299 786 -2.0
299 320 -4.0
300 676 -2.0
300 521 -1.0
300 685 -2.0
300 568 -2.0
300 432 -4.0
300 371 -1.0
300 502 -1.0
300 375 -2.0
300 656 -2.0
300 736 -1.0
301 750 -2.0
301 541 -2.0
301 556 -4.0
301 397 -1.0
301 462 -4.0
301 527 -1.0
301 368 -4.0
301 661 -4.0
301 410 -4.0
301 796 -4.0
301 703 -1.0
302 684 -1.0
302 525 -2.0
302 755 -2.0
302 467 -4.0
302 645 -1.0
302 507 -1.0
302 316 -4.0
303 547 -2.0
303 644 -1.0
303 614 -4.0
303 455 -2.0
303 744 -2.0
303 333 -1.0
303 585 -4.0
303 308 -1.0
303 693 -4.0
303 700 -1.0
303 733 -4.0
303 576 -2.0
304 550 -1.0
304 623 -2.0
304 625 -2.0
304 598 -1.0
304 535 -4.0
304 377 -2.0
304 475 -4.0
305 796 -1.0
305 595 -4.0
305 632 -4.0
305 603 -1.0
305 352 -4.0
305 587 -1.0
305 799 -1.0
306 777 -2.0
306 701 -2.0
306 721 -4.0
306 589 -1.0
306 355 -2.0
306 433 -4.0
306 407 -1.0
306 645 -1.0
306 508 -2.0
306 479 -4.0
307 514 -2.0
307 310 -1.0
307 696 -1.0
307 632 -2.0
307 346 -4.0
308 523 -1.0
308 527 -1.0
308 400 -4.0
308 529 -1.0
308 556 -4.0
308 309 -4.0
308 316 -1.0
308 703 -2.0
308 450 -2.0
308 461 -4.0
308 591 -1.0
308 625 -2.0
308 627 -1.0
308 763 -2.0
309 393 -4.0
309 365 -2.0
309 728 -4.0
309 339 -1.0
309 687 -1.0
309 663 -2.0
309 536 -1.0
309 345 -1.0
309 746 -1.0
309 596 -2.0
310 609 -2.0
310 419 -4.0
310 471 -1.0
310 425 -4.0
310 778 -4.0
310 627 -2.0
310 367 -4.0
310 336 -4.0
310 753 -4.0
310 617 -2.0
310 756 -4.0
310 539 -1.0
310 544 -4.0
311 417 -2.0
311 425 -2.0
311 438 -2.0
311 427 -4.0
311 653 -2.0
311 621 -2.0
311 494 -1.0
311 718 -1.0
311 713 -4.0
311 796 -2.0
312 385 -4.0
312 516 -2.0
312 552 -1.0
312 331 -1.0
312 781 -4.0
312 467 -2.0
312 449 -1.0
312 731 -2.0
312 715 -1.0
312 694 -2.0
313 451 -2.0
313 492 -1.0
313 675 -1.0
313 798 -2.0
313 594 -4.0
313 574 -4.0
314 420 -4.0
314 488 -2.0
314 746 -4.0
314 500 -4.0
315 648 -1.0
315 747 -1.0
315 457 -4.0
315 691 -2.0
315 639 -4.0
316 769 -1.0
316 516 -1.0
316 647 -4.0
316 649 -4.0
316 669 -1.0
316 681 -1.0
316 556 -1.0
316 325 -2.0
316 456 -2.0
316 715 -4.0
316 463 -2.0
316 593 -1.0
316 600 -1.0
316 614 -1.0
316 744 -4.0
316 494 -1.0
316 379 -2.0
317 431 -4.0
317 467 -2.0
317 533 -1.0
317 342 -2.0
317 623 -2.0
317 383 -4.0
318 751 -1.0
318 529 -4.0
318 499 -4.0
318 330 -2.0
318 677 -2.0
318 764 -2.0
318 446 -2.0
318 575 -4.0
318 544 -1.0
319 706 -1.0
319 451 -4.0
319 549 -4.0
319 679 -2.0
319 525 -4.0
319 719 -1.0
319 787 -1.0
319 565 -1.0
319 783 -2.0
319 663 -4.0
319 739 -1.0
319 541 -2.0
320 377 -1.0
320 458 -2.0
320 499 -1.0
320 591 -2.0
320 561 -4.0
320 436 -2.0
320 438 -1.0
320 602 -2.0
320 345 -4.0
320 517 -2.0
320 509 -1.0
321 587 -2.0
322 519 -4.0
322 770 -4.0
322 621 -1.0
322 331 -1.0
322 595 -4.0
322 435 -4.0
322 442 -1.0
322 700 -4.0
322 705 -2.0
323 354 -1.0
323 519 -2.0
323 455 -1.0
323 328 -2.0
323 428 -2.0
323 686 -1.0
323 624 -4.0
323 434 -4.0
323 540 -1.0
324 353 -4.0
324 547 -2.0
324 548 -1.0
324 712 -4.0
324 651 -1.0
324 589 -1.0
324 708 -2.0
324 597 -2.0
324 600 -1.0
324 602 -4.0
324 510 -2.0
325 689 -4.0
325 355 -1.0
325 516 -1.0
325 711 -2.0
325 718 -1.0
325 591 -4.0
325 477 -2.0
325 703 -2.0
325 640 -4.0
326 740 -1.0
326 614 -1.0
326 547 -1.0
326 530 -1.0
326 634 -2.0
326 613 -2.0
327 721 -4.0
327 581 -2.0
327 752 -1.0
327 691 -4.0
327 693 -1.0
327 470 -2.0
327 762 -1.0
327 666 -4.0
327 630 -2.0
328 709 -4.0
328 710 -2.0
328 587 -1.0
328 733 -1.0
328 734 -1.0
328 611 -4.0
328 613 -4.0
328 743 -2.0
328 361 -1.0
328 755 -2.0
328 505 -4.0
328 378 -2.0
329 348 -4.0
329 775 -1.0
329 336 -4.0
329 431 -2.0
329 356 -1.0
329 406 -2.0
329 432 -1.0
329 417 -4.0
330 771 -2.0
330 348 -2.0
330 456 -4.0
330 557 -2.0
330 700 -4.0
330 533 -2.0
330 639 -2.0
330 503 -2.0
330 538 -2.0
330 359 -1.0
330 336 -4.0
331 779 -1.0
331 590 -1.0
331 560 -2.0
331 360 -4.0
331 375 -1.0
331 415 -2.0
332 363 -2.0
332 628 -2.0
332 341 -4.0
332 506 -2.0
332 473 -4.0
332 477 -1.0
332 544 -1.0
333 744 -4.0
333 490 -1.0
333 440 -4.0
333 589 -4.0
333 792 -4.0
333 628 -4.0
333 510 -2.0
333 799 -4.0
334 522 -2.0
334 531 -1.0
334 335 -2.0
334 689 -2.0
334 499 -4.0
334 790 -1.0
334 592 -1.0
335 457 -4.0
335 681 -1.0
335 623 -2.0
335 340 -2.0
335 449 -4.0
335 757 -2.0
335 639 -1.0
336 770 -1.0
336 459 -1.0
336 620 -4.0
336 585 -1.0
336 489 -2.0
336 567 -2.0
336 764 -2.0
337 775 -1.0
337 654 -4.0
337 401 -2.0
337 789 -4.0
337 663 -1.0
337 419 -1.0
337 498 -2.0
337 434 -2.0
337 459 -1.0
337 359 -1.0
337 362 -2.0
337 622 -2.0
337 497 -4.0
337 503 -2.0
337 505 -1.0
338 660 -1.0
338 665 -1.0
338 451 -4.0
338 630 -1.0
338 632 -2.0
338 412 -2.0
338 381 -2.0
338 574 -4.0
339 673 -1.0
339 742 -2.0
339 713 -1.0
339 392 -2.0
339 611 -4.0
339 591 -2.0
339 400 -1.0
339 697 -2.0
339 601 -1.0
339 380 -2.0
339 640 -1.0
340 642 -1.0
340 365 -2.0
340 649 -1.0
340 525 -4.0
340 569 -1.0
340 397 -4.0
340 572 -4.0
341 642 -1.0
341 766 -2.0
341 390 -2.0
341 587 -2.0
341 645 -1.0
341 372 -1.0
341 788 -4.0
341 432 -1.0
341 573 -2.0
341 720 -4.0
341 774 -4.0
342 475 -4.0
342 674 -1.0
342 793 -4.0
342 424 -2.0
342 779 -1.0
342 655 -2.0
342 593 -2.0
342 594 -2.0
342 798 -2.0
342 694 -4.0
342 791 -4.0
342 345 -2.0
343 395 -2.0
343 465 -2.0
343 410 -4.0
343 800 -4.0
343 352 -2.0
344 613 -4.0
344 669 -1.0
344 366 -1.0
344 467 -1.0
344 756 -4.0
344 793 -4.0
344 445 -4.0
344 639 -2.0
344 608 -4.0
345 740 -4.0
345 584 -4.0
345 682 -2.0
345 395 -4.0
345 718 -4.0
345 403 -2.0
345 726 -1.0
346 588 -2.0
346 391 -4.0
346 460 -2.0
346 399 -1.0
346 476 -2.0
347 670 -1.0
347 547 -2.0
347 456 -1.0
347 363 -4.0
347 429 -2.0
347 400 -4.0
347 443 -2.0
347 624 -2.0
347 555 -2.0
348 767 -4.0
348 434 -2.0
348 563 -4.0
348 629 -1.0
348 502 -1.0
348 594 -2.0
348 698 -1.0
348 640 -4.0
348 541 -2.0
349 462 -2.0
349 494 -2.0
349 756 -1.0
349 377 -4.0
349 635 -2.0
349 688 -1.0
349 733 -4.0
349 639 -2.0
350 547 -4.0
350 456 -2.0
350 749 -4.0
350 368 -1.0
350 791 -4.0
350 441 -2.0
351 583 -4.0
351 648 -2.0
351 680 -4.0
351 562 -1.0
351 452 -2.0
351 533 -4.0
351 724 -4.0
351 658 -2.0
351 619 -1.0
351 767 -4.0
352 642 -2.0
352 542 -4.0
352 544 -1.0
352 692 -4.0
352 571 -1.0
352 454 -2.0
352 721 -4.0
352 729 -4.0
352 750 -2.0
352 374 -1.0
352 375 -2.0
352 762 -2.0
352 509 -2.0
353 780 -2.0
353 685 -1.0
353 698 -1.0
353 700 -4.0
353 502 -4.0
353 458 -2.0
353 716 -1.0
353 758 -2.0
353 734 -2.0
353 622 -2.0
353 751 -1.0
353 630 -4.0
353 576 -2.0
353 509 -2.0
354 487 -4.0
354 584 -1.0
354 554 -4.0
354 596 -2.0
354 574 -2.0
355 612 -2.0
355 684 -2.0
355 587 -1.0
355 502 -4.0
355 558 -2.0
355 753 -4.0
355 748 -2.0
355 415 -4.0
355 773 -4.0
355 641 -2.0
355 797 -2.0
356 641 -2.0
356 579 -2.0
356 358 -1.0
356 680 -1.0
356 530 -4.0
356 693 -4.0
356 442 -4.0
356 754 -1.0
356 798 -4.0
357 514 -1.0
357 519 -1.0
357 781 -1.0
357 782 -2.0
357 656 -2.0
357 790 -4.0
357 408 -4.0
357 798 -4.0
357 674 -1.0
357 562 -2.0
357 598 -2.0
357 482 -2.0
357 502 -2.0
357 510 -2.0
358 417 -4.0
358 485 -2.0
358 614 -1.0
358 612 -4.0
358 589 -2.0
358 428 -4.0
358 366 -4.0
358 442 -4.0
359 713 -4.0
359 459 -2.0
359 533 -4.0
359 600 -4.0
360 551 -2.0
360 561 -2.0
360 722 -2.0
360 596 -4.0
360 790 -4.0
360 439 -1.0
360 678 -2.0
361 641 -2.0
361 491 -1.0
361 456 -2.0
361 761 -4.0
361 536 -1.0
361 505 -4.0
361 508 -1.0
361 797 -4.0
362 577 -4.0
362 386 -2.0
362 515 -2.0
362 552 -2.0
362 427 -2.0
362 547 -4.0
362 773 -4.0
362 698 -2.0
362 636 -2.0
362 511 -4.0
363 735 -2.0
363 800 -1.0
363 752 -2.0
363 668 -4.0
363 746 -2.0
363 398 -2.0
363 431 -1.0
363 462 -2.0
363 792 -4.0
363 598 -4.0
363 655 -1.0
363 560 -4.0
363 605 -4.0
363 475 -4.0
363 511 -2.0
363 736 -4.0
364 609 -1.0
364 484 -4.0
364 470 -1.0
364 799 -4.0
364 408 -2.0
364 608 -4.0
364 571 -2.0
364 374 -4.0
365 384 -1.0
365 561 -1.0
365 644 -2.0
365 393 -2.0
365 796 -1.0
365 376 -2.0
365 570 -1.0
365 608 -1.0
365 472 -2.0
366 674 -1.0
366 604 -4.0
366 584 -4.0
366 745 -4.0
366 452 -2.0
366 506 -2.0
367 641 -4.0
367 642 -4.0
367 776 -2.0
367 526 -2.0
367 657 -2.0
367 791 -2.0
367 685 -2.0
367 561 -1.0
367 573 -1.0
367 447 -2.0
367 674 -4.0
367 719 -1.0
367 732 -4.0
367 495 -1.0
367 632 -2.0
367 379 -1.0
368 673 -1.0
368 612 -2.0
368 771 -4.0
368 688 -1.0
368 695 -4.0
368 410 -4.0
368 731 -4.0
368 383 -1.0
369 465 -4.0
369 739 -2.0
369 388 -2.0
369 453 -2.0
369 624 -4.0
369 396 -1.0
369 558 -2.0
369 724 -1.0
370 642 -2.0
370 771 -2.0
370 583 -4.0
370 682 -1.0
370 711 -1.0
371 418 -1.0
371 507 -2.0
371 779 -1.0
371 664 -4.0
371 629 -2.0
371 374 -2.0
371 796 -1.0
371 382 -4.0
372 738 -4.0
372 772 -4.0
372 524 -4.0
372 568 -1.0
372 665 -2.0
372 790 -4.0
373 572 -2.0
373 742 -2.0
373 745 -4.0
373 690 -4.0
373 612 -2.0
373 411 -2.0
374 517 -2.0
374 525 -1.0
374 569 -2.0
374 443 -2.0
374 380 -4.0
374 731 -2.0
375 387 -4.0
375 650 -2.0
375 402 -2.0
375 794 -1.0
375 671 -2.0
375 559 -1.0
375 393 -2.0
375 698 -4.0
375 574 -2.0
375 457 -1.0
375 464 -1.0
375 723 -1.0
375 731 -4.0
375 738 -2.0
375 380 -2.0
376 636 -2.0
376 550 -4.0
376 431 -1.0
376 786 -1.0
376 693 -1.0
376 462 -2.0
376 476 -4.0
377 652 -4.0
377 615 -2.0
377 655 -4.0
377 474 -1.0
377 763 -4.0
377 604 -2.0
378 764 -1.0
378 794 -2.0
378 528 -1.0
378 497 -1.0
378 532 -4.0
378 632 -1.0
378 539 -4.0
378 763 -4.0
379 771 -1.0
379 404 -1.0
379 540 -1.0
379 420 -1.0
379 453 -2.0
379 668 -1.0
379 606 -1.0
379 487 -2.0
379 619 -1.0
379 492 -1.0
379 496 -2.0
379 502 -2.0
379 635 -2.0
380 653 -2.0
380 420 -4.0
380 522 -2.0
380 598 -4.0
380 720 -4.0
380 434 -4.0
380 761 -4.0
380 634 -4.0
380 672 -4.0
380 582 -4.0
381 613 -4.0
381 625 -4.0
381 409 -2.0
381 496 -1.0
382 737 -2.0
382 659 -4.0
382 527 -1.0
382 561 -2.0
382 606 -2.0
383 442 -2.0
383 509 -1.0
383 675 -4.0
383 401 -1.0
383 433 -4.0
383 629 -1.0
383 497 -4.0
383 478 -4.0
384 618 -2.0
384 633 -1.0
384 538 -2.0
384 504 -4.0
384 604 -2.0
384 573 -4.0
385 628 -4.0
385 486 -4.0
385 520 -2.0
385 717 -2.0
385 491 -1.0
385 621 -4.0
385 566 -2.0
385 431 -1.0
385 403 -2.0
385 502 -1.0
385 441 -4.0
385 541 -4.0
385 448 -2.0
386 584 -4.0
386 712 -2.0
386 620 -4.0
386 598 -1.0
386 592 -2.0
386 574 -4.0
386 607 -2.0
386 742 -4.0
387 582 -2.0
387 695 -4.0
387 750 -4.0
387 670 -4.0
387 561 -1.0
387 777 -1.0
387 710 -2.0
387 725 -4.0
387 671 -1.0
387 634 -2.0
387 797 -4.0
387 587 -1.0
387 575 -4.0
387 678 -4.0
388 418 -2.0
388 436 -2.0
388 569 -4.0
388 451 -2.0
388 711 -4.0
388 584 -4.0
388 601 -2.0
388 484 -1.0
388 486 -4.0
388 748 -1.0
388 494 -2.0
388 623 -2.0
388 630 -1.0
388 637 -4.0
389 705 -1.0
389 482 -4.0
389 715 -2.0
389 517 -4.0
389 446 -1.0
389 662 -1.0
389 565 -4.0
389 512 -2.0
390 717 -4.0
390 592 -4.0
390 498 -1.0
390 536 -2.0
390 540 -1.0
390 669 -4.0
390 710 -2.0
391 670 -4.0
391 685 -4.0
391 432 -2.0
391 663 -1.0
391 504 -1.0
391 729 -1.0
391 444 -1.0
392 641 -4.0
392 570 -1.0
392 549 -4.0
392 425 -1.0
392 530 -2.0
392 759 -2.0
392 590 -4.0
393 449 -2.0
393 578 -4.0
393 769 -2.0
393 584 -4.0
393 521 -1.0
393 632 -4.0
393 705 -1.0
393 543 -2.0
393 664 -1.0
393 511 -4.0
394 743 -2.0
394 714 -2.0
394 778 -2.0
394 590 -4.0
394 687 -1.0
394 624 -1.0
394 618 -2.0
395 687 -4.0
395 466 -1.0
395 531 -4.0
395 565 -4.0
395 767 -2.0
395 693 -2.0
395 639 -2.0
396 742 -1.0
396 519 -4.0
396 596 -1.0
396 404 -2.0
396 576 -1.0
397 547 -4.0
397 516 -1.0
397 780 -1.0
397 496 -2.0
397 685 -1.0
397 411 -2.0
397 512 -4.0
397 736 -1.0
398 648 -2.0
398 553 -4.0
398 430 -1.0
398 463 -1.0
398 471 -4.0
398 440 -2.0
398 788 -1.0
398 798 -4.0
398 767 -1.0
399 705 -2.0
399 677 -2.0
399 551 -1.0
399 720 -1.0
399 435 -2.0
399 566 -1.0
399 636 -1.0
400 625 -1.0
400 679 -1.0
400 557 -4.0
400 524 -2.0
400 686 -4.0
400 527 -2.0
400 744 -2.0
400 497 -4.0
400 402 -1.0
400 469 -4.0
400 586 -2.0
401 735 -4.0
401 684 -1.0
401 591 -1.0
401 663 -4.0
401 475 -2.0
401 702 -2.0
402 513 -1.0
402 522 -2.0
402 651 -4.0
402 654 -1.0
402 403 -1.0
402 404 -1.0
402 537 -4.0
402 544 -4.0
402 747 -4.0
402 576 -4.0
402 455 -4.0
402 458 -1.0
402 734 -4.0
402 746 -2.0
402 629 -2.0
402 639 -1.0
403 780 -1.0
403 784 -2.0
403 551 -2.0
403 432 -4.0
403 576 -4.0
403 450 -4.0
403 707 -1.0
403 601 -4.0
403 608 -4.0
403 495 -1.0
404 449 -1.0
404 572 -2.0
404 517 -4.0
404 637 -4.0
404 488 -1.0
404 413 -2.0
404 623 -4.0
404 558 -1.0
404 740 -1.0
404 699 -1.0
404 443 -4.0
405 767 -1.0
405 487 -2.0
405 587 -2.0
405 589 -1.0
405 651 -1.0
405 614 -1.0
405 437 -2.0
405 505 -1.0
405 576 -1.0
405 448 -4.0
405 637 -4.0
406 419 -2.0
406 583 -1.0
406 519 -1.0
406 629 -2.0
406 505 -2.0
406 469 -1.0
406 510 -1.0
407 588 -1.0
407 725 -4.0
407 704 -4.0
407 703 -2.0
407 448 -4.0
408 428 -4.0
408 518 -2.0
408 490 -2.0
408 747 -2.0
408 790 -1.0
408 448 -4.0
409 770 -1.0
409 517 -4.0
409 775 -4.0
409 616 -1.0
409 489 -2.0
409 621 -2.0
409 555 -4.0
409 680 -2.0
409 496 -1.0
409 466 -4.0
409 544 -2.0
410 421 -4.0
410 776 -2.0
410 767 -1.0
411 477 -2.0
411 615 -4.0
411 775 -1.0
411 708 -1.0
411 703 -4.0
411 778 -2.0
411 698 -2.0
411 636 -4.0
411 414 -1.0
411 525 -2.0
412 545 -4.0
412 748 -2.0
412 745 -2.0
412 625 -4.0
412 678 -1.0
412 486 -1.0
413 705 -4.0
413 710 -2.0
413 482 -1.0
413 669 -2.0
413 584 -4.0
413 498 -1.0
413 601 -4.0
413 637 -1.0
413 447 -4.0
414 546 -2.0
414 550 -4.0
414 610 -4.0
414 459 -4.0
414 561 -2.0
414 466 -4.0
414 500 -2.0
414 437 -2.0
414 415 -1.0
414 474 -2.0
414 796 -2.0
414 541 -2.0
414 753 -1.0
414 544 -4.0
415 711 -4.0
415 622 -1.0
415 527 -4.0
415 446 -4.0
415 593 -2.0
415 786 -1.0
415 723 -1.0
415 500 -1.0
415 443 -1.0
416 652 -2.0
416 654 -1.0
416 671 -1.0
416 691 -1.0
416 567 -4.0
416 702 -2.0
416 471 -4.0
416 475 -4.0
416 608 -1.0
416 610 -1.0
416 620 -4.0
416 626 -1.0
416 636 -1.0
417 439 -2.0
417 434 -2.0
417 717 -2.0
417 623 -1.0
417 710 -1.0
417 628 -2.0
417 530 -2.0
417 633 -2.0
417 720 -4.0
418 546 -4.0
418 488 -1.0
418 525 -4.0
418 655 -1.0
418 484 -1.0
418 474 -2.0
418 731 -4.0
418 604 -4.0
418 607 -4.0
419 550 -2.0
419 615 -2.0
419 591 -1.0
419 438 -2.0
419 562 -2.0
419 790 -2.0
419 697 -2.0
419 572 -1.0
419 541 -4.0
420 514 -1.0
420 635 -4.0
420 714 -1.0
420 587 -4.0
420 691 -1.0
420 531 -2.0
420 723 -1.0
420 637 -2.0
420 539 -4.0
420 639 -2.0
420 608 -1.0
421 769 -2.0
421 484 -4.0
421 488 -2.0
421 679 -2.0
421 592 -1.0
421 433 -2.0
421 632 -2.0
422 642 -1.0
422 520 -1.0
422 779 -1.0
422 460 -4.0
422 734 -4.0
422 499 -4.0
422 501 -4.0
423 618 -4.0
423 696 -2.0
423 431 -2.0
423 592 -1.0
423 793 -2.0
423 714 -4.0
423 746 -1.0
423 766 -2.0
423 543 -4.0
424 516 -4.0
424 488 -1.0
424 459 -2.0
424 495 -1.0
424 619 -1.0
424 575 -2.0
424 726 -1.0
425 496 -2.0
425 537 -2.0
425 539 -1.0
425 786 -4.0
425 479 -4.0
426 642 -4.0
426 761 -4.0
426 485 -2.0
426 613 -2.0
426 718 -4.0
426 489 -4.0
426 600 -4.0
426 665 -1.0
426 732 -1.0
426 638 -1.0
427 550 -4.0
427 455 -2.0
427 491 -4.0
427 679 -2.0
427 489 -1.0
427 775 -2.0
427 500 -1.0
427 730 -2.0
427 767 -1.0
428 545 -2.0
428 679 -2.0
428 493 -2.0
428 461 -4.0
428 432 -4.0
428 580 -1.0
428 501 -4.0
428 444 -1.0
428 565 -4.0
429 775 -4.0
429 717 -1.0
429 469 -1.0
429 527 -2.0
429 511 -4.0
429 796 -4.0
430 617 -4.0
430 752 -2.0
430 499 -2.0
430 681 -1.0
430 507 -2.0
430 800 -4.0
430 640 -1.0
431 678 -1.0
431 566 -4.0
431 731 -2.0
432 672 -4.0
432 519 -4.0
432 691 -1.0
432 718 -2.0
432 463 -4.0
432 596 -4.0
432 614 -2.0
432 617 -2.0
432 746 -2.0
432 724 -4.0
433 514 -2.0
433 434 -4.0
433 618 -2.0
433 561 -1.0
433 579 -4.0
433 678 -4.0
433 709 -4.0
433 454 -2.0
434 749 -4.0
434 460 -2.0
434 720 -2.0
434 766 -1.0
434 665 -2.0
435 513 -2.0
435 641 -2.0
435 515 -4.0
435 769 -1.0
435 520 -2.0
435 693 -4.0
435 443 -4.0
435 579 -1.0
435 465 -1.0
435 479 -1.0
435 608 -1.0
435 628 -4.0
436 651 -1.0
436 729 -1.0
436 540 -4.0
436 688 -4.0
436 697 -1.0
436 779 -2.0
436 455 -2.0
436 612 -1.0
436 485 -2.0
436 486 -1.0
436 623 -2.0
436 626 -2.0
436 634 -2.0
437 546 -2.0
437 547 -4.0
437 744 -4.0
437 494 -4.0
437 594 -1.0
437 671 -4.0
437 703 -2.0
438 695 -1.0
438 463 -4.0
438 496 -2.0
438 536 -1.0
438 735 -4.0
439 524 -4.0
439 775 -4.0
439 655 -4.0
439 720 -1.0
439 658 -4.0
439 797 -2.0
440 609 -1.0
440 749 -1.0
440 716 -1.0
440 718 -2.0
440 504 -1.0
440 444 -4.0
441 546 -4.0
441 676 -2.0
441 716 -2.0
441 648 -1.0
441 510 -2.0
441 725 -1.0
441 662 -1.0
441 476 -1.0
442 577 -2.0
442 588 -1.0
442 527 -4.0
442 624 -2.0
442 532 -1.0
442 609 -4.0
442 747 -1.0
443 489 -4.0
443 557 -2.0
443 494 -1.0
443 757 -4.0
443 760 -2.0
443 666 -1.0
443 575 -2.0
444 549 -4.0
444 625 -1.0
444 743 -1.0
444 763 -2.0
444 525 -1.0
445 705 -2.0
445 636 -4.0
445 554 -1.0
445 777 -4.0
445 459 -2.0
445 788 -1.0
446 769 -2.0
446 484 -1.0
446 589 -2.0
447 737 -1.0
447 580 -1.0
447 587 -1.0
447 588 -2.0
447 620 -4.0
447 507 -2.0
447 800 -1.0
448 709 -4.0
448 664 -2.0
448 724 -4.0
448 569 -4.0
448 533 -2.0
448 543 -4.0
449 674 -2.0
449 484 -4.0
449 780 -1.0
449 522 -4.0
449 568 -4.0
449 542 -1.0
450 695 -4.0
450 488 -1.0
450 457 -4.0
450 749 -1.0
450 795 -2.0
450 502 -1.0
450 691 -2.0
450 530 -4.0
450 789 -2.0
451 673 -1.0
451 491 -4.0
451 607 -4.0
451 656 -2.0
451 768 -1.0
451 572 -1.0
452 487 -1.0
452 498 -4.0
452 649 -4.0
452 765 -4.0
452 656 -1.0
452 657 -4.0
452 629 -1.0
452 669 -1.0
453 690 -1.0
453 669 -1.0
453 591 -2.0
453 544 -2.0
453 540 -1.0
453 605 -1.0
454 648 -4.0
454 467 -2.0
454 763 -2.0
455 547 -4.0
455 517 -4.0
455 518 -4.0
455 729 -4.0
455 529 -2.0
455 671 -4.0
455 697 -4.0
455 699 -2.0
455 555 -4.0
455 543 -1.0
455 703 -2.0
456 577 -2.0
456 764 -2.0
456 582 -1.0
456 466 -1.0
456 568 -2.0
457 505 -4.0
457 777 -4.0
457 729 -4.0
457 495 -4.0
457 752 -2.0
457 566 -1.0
458 626 -1.0
458 536 -2.0
458 656 -1.0
458 693 -4.0
458 523 -1.0
459 674 -1.0
459 492 -4.0
459 463 -2.0
459 600 -2.0
459 688 -2.0
460 738 -4.0
460 771 -2.0
460 604 -2.0
460 490 -4.0
460 655 -4.0
460 661 -1.0
460 470 -4.0
460 614 -2.0
461 770 -2.0
461 649 -1.0
461 638 -1.0
462 653 -4.0
462 728 -4.0
462 687 -1.0
462 698 -2.0
462 479 -2.0
463 706 -4.0
463 662 -4.0
464 577 -4.0
464 772 -1.0
464 588 -4.0
464 781 -1.0
464 500 -4.0
464 774 -2.0
464 572 -2.0
464 703 -4.0
464 544 -4.0
465 609 -4.0
465 680 -2.0
465 494 -2.0
465 564 -2.0
465 698 -4.0
466 615 -4.0
466 781 -4.0
466 505 -4.0
466 764 -2.0
467 584 -4.0
467 637 -2.0
467 518 -1.0
467 502 -2.0
468 770 -1.0
468 650 -2.0
468 619 -1.0
468 558 -4.0
468 663 -1.0
468 778 -4.0
468 668 -2.0
469 800 -2.0
469 700 -2.0
469 681 -1.0
469 526 -2.0
469 721 -2.0
469 787 -2.0
469 501 -2.0
469 629 -2.0
469 576 -2.0
470 560 -4.0
470 792 -1.0
471 641 -4.0
471 572 -4.0
471 567 -4.0
471 680 -1.0
471 712 -4.0
471 798 -2.0
471 789 -4.0
471 638 -1.0
472 545 -1.0
472 740 -2.0
472 781 -4.0
472 634 -4.0
472 605 -2.0
472 524 -4.0
472 560 -4.0
472 532 -4.0
472 530 -4.0
472 613 -2.0
472 749 -1.0
473 685 -4.0
473 782 -4.0
473 499 -2.0
474 680 -4.0
474 782 -2.0
474 633 -2.0
474 659 -4.0
474 660 -4.0
474 503 -1.0
475 540 -2.0
475 621 -4.0
475 687 -2.0
475 623 -1.0
475 480 -4.0
475 651 -2.0
476 747 -1.0
476 596 -1.0
476 692 -2.0
476 766 -4.0
477 545 -4.0
477 710 -4.0
477 681 -4.0
477 757 -4.0
478 619 -1.0
478 490 -1.0
478 698 -2.0
478 728 -1.0
478 693 -1.0
478 630 -2.0
478 542 -2.0
479 675 -4.0
479 776 -4.0
479 556 -1.0
479 496 -4.0
479 555 -2.0
479 695 -2.0
479 510 -1.0
479 800 -2.0
480 722 -4.0
480 683 -2.0
480 596 -2.0
480 634 -4.0
480 574 -2.0
481 516 -4.0
481 679 -2.0
481 796 -2.0
481 782 -4.0
481 532 -4.0
481 508 -1.0
482 711 -1.0
482 690 -4.0
482 784 -2.0
482 497 -2.0
482 658 -4.0
483 579 -4.0
483 553 -4.0
483 589 -2.0
483 654 -4.0
483 628 -4.0
483 528 -1.0
483 605 -1.0
484 797 -4.0
484 491 -4.0
484 520 -1.0
484 555 -1.0
484 658 -1.0
484 641 -4.0
485 673 -2.0
485 559 -1.0
485 607 -4.0
485 714 -1.0
486 728 -2.0
486 582 -2.0
486 685 -4.0
486 680 -2.0
486 591 -2.0
486 686 -1.0
486 504 -1.0
486 704 -2.0
487 745 -2.0
487 623 -1.0
487 592 -1.0
487 730 -2.0
487 573 -1.0
487 640 -1.0
488 644 -2.0
488 646 -4.0
488 655 -2.0
488 776 -1.0
488 745 -2.0
488 665 -2.0
488 798 -4.0
489 612 -1.0
489 754 -2.0
489 713 -2.0
489 690 -4.0
489 532 -4.0
489 750 -2.0
489 504 -1.0
490 716 -4.0
490 491 -1.0
490 604 -2.0
491 559 -4.0
491 746 -2.0
492 610 -1.0
492 549 -1.0
492 743 -4.0
492 798 -2.0
492 497 -4.0
492 504 -4.0
492 698 -1.0
493 637 -2.0
493 557 -2.0
493 681 -2.0
494 674 -1.0
494 583 -1.0
494 651 -1.0
494 750 -4.0
494 743 -4.0
494 618 -2.0
495 600 -1.0
495 498 -1.0
495 594 -4.0
495 669 -2.0
495 736 -1.0
496 647 -2.0
496 533 -4.0
496 559 -4.0
496 573 -1.0
496 717 -2.0
496 589 -2.0
496 594 -4.0
496 736 -2.0
496 754 -2.0
496 502 -2.0
496 633 -4.0
497 715 -4.0
497 559 -4.0
497 661 -1.0
497 793 -1.0
497 733 -1.0
497 800 -2.0
498 513 -2.0
498 662 -2.0
498 798 -1.0
498 800 -1.0
498 548 -1.0
498 572 -2.0
498 580 -2.0
498 600 -1.0
498 605 -2.0
498 621 -1.0
498 630 -2.0
499 641 -1.0
499 771 -2.0
499 581 -4.0
499 743 -1.0
499 565 -1.0
499 666 -4.0
499 763 -2.0
499 720 -4.0
499 638 -1.0
500 610 -4.0
500 508 -4.0
500 680 -2.0
500 549 -4.0
500 721 -2.0
500 787 -2.0
500 632 -2.0
501 519 -2.0
501 557 -2.0
501 751 -1.0
501 788 -2.0
501 765 -2.0
502 787 -2.0
502 724 -2.0
502 672 -1.0
503 648 -1.0
503 720 -1.0
503 755 -2.0
503 508 -2.0
503 765 -2.0
503 699 -4.0
504 642 -1.0
504 549 -1.0
504 780 -1.0
504 714 -2.0
504 777 -1.0
504 760 -2.0
504 625 -2.0
504 532 -4.0
504 629 -1.0
504 789 -2.0
504 716 -1.0
505 677 -1.0
505 711 -4.0
505 615 -1.0
505 716 -1.0
505 759 -1.0
505 735 -1.0
506 579 -2.0
506 521 -1.0
506 557 -2.0
506 686 -1.0
507 517 -1.0
507 685 -4.0
507 791 -1.0
507 727 -1.0
507 595 -2.0
507 726 -2.0
507 568 -4.0
508 664 -2.0
508 713 -1.0
508 729 -1.0
508 699 -1.0
508 704 -4.0
508 544 -2.0
509 642 -2.0
509 786 -4.0
509 540 -2.0
509 550 -2.0
509 569 -2.0
509 573 -1.0
509 673 -2.0
509 735 -1.0
510 525 -4.0
510 526 -4.0
510 559 -1.0
511 773 -4.0
511 626 -4.0
511 559 -1.0
511 567 -4.0
512 756 -2.0
512 593 -4.0
512 672 -4.0
513 590 -2.0
513 726 -1.0
513 571 -4.0
514 586 -1.0
514 680 -2.0
514 590 -1.0
514 562 -1.0
514 790 -1.0
514 540 -1.0
515 673 -1.0
515 680 -2.0
515 567 -1.0
515 679 -1.0
515 563 -4.0
515 624 -1.0
515 733 -2.0
516 741 -1.0
516 569 -4.0
516 697 -2.0
516 667 -4.0
517 741 -2.0
517 758 -1.0
517 679 -4.0
517 700 -2.0
518 584 -4.0
518 618 -1.0
518 561 -2.0
518 634 -2.0
519 521 -2.0
519 738 -1.0
519 527 -2.0
519 597 -4.0
519 565 -2.0
520 722 -2.0
520 690 -2.0
520 760 -4.0
520 729 -2.0
520 609 -2.0
520 799 -2.0
521 578 -1.0
521 666 -4.0
521 702 -2.0
521 710 -1.0
522 773 -2.0
522 562 -1.0
522 724 -4.0
522 664 -2.0
522 541 -4.0
523 754 -2.0
523 654 -4.0
523 762 -1.0
523 541 -2.0
524 577 -4.0
524 673 -1.0
524 579 -1.0
524 732 -2.0
524 617 -2.0
524 557 -2.0
524 527 -2.0
524 690 -4.0
524 676 -1.0
525 550 -4.0
525 571 -4.0
525 702 -1.0
525 704 -4.0
525 735 -4.0
525 609 -1.0
525 613 -1.0
526 670 -2.0
526 603 -4.0
526 720 -2.0
526 754 -4.0
526 733 -2.0
526 613 -1.0
526 659 -4.0
526 693 -1.0
526 540 -2.0
526 606 -2.0
527 784 -2.0
527 687 -1.0
527 560 -2.0
527 704 -4.0
527 729 -4.0
527 632 -4.0
527 767 -1.0
528 645 -2.0
528 791 -1.0
528 648 -1.0
528 793 -4.0
528 604 -1.0
529 674 -2.0
529 696 -2.0
529 709 -2.0
529 614 -4.0
529 553 -4.0
529 600 -1.0
529 602 -2.0
529 764 -1.0
529 774 -1.0
530 748 -4.0
530 751 -1.0
530 661 -4.0
530 727 -4.0
530 710 -4.0
531 585 -4.0
531 617 -2.0
531 532 -4.0
531 694 -2.0
532 742 -1.0
532 795 -4.0
532 601 -2.0
532 610 -1.0
532 567 -1.0
532 769 -1.0
532 737 -4.0
533 579 -4.0
533 612 -1.0
533 546 -4.0
533 785 -2.0
533 566 -1.0
533 537 -4.0
533 706 -4.0
534 550 -4.0
534 648 -4.0
534 712 -2.0
534 628 -1.0
534 567 -4.0
535 599 -1.0
535 692 -2.0
535 633 -4.0
535 571 -4.0
536 642 -2.0
536 775 -2.0
536 573 -2.0
536 579 -4.0
536 736 -2.0
537 733 -1.0
537 710 -4.0
537 552 -1.0
537 633 -4.0
538 744 -1.0
538 555 -4.0
538 724 -2.0
538 571 -2.0
539 676 -2.0
540 759 -4.0
540 581 -4.0
540 694 -4.0
540 737 -1.0
540 591 -4.0
540 739 -4.0
541 661 -4.0
541 667 -1.0
541 726 -2.0
541 620 -4.0
542 749 -4.0
542 651 -4.0
542 652 -4.0
542 589 -2.0
542 579 -1.0
542 560 -2.0
542 757 -1.0
542 624 -1.0
543 770 -1.0
543 659 -4.0
543 594 -1.0
543 730 -2.0
543 571 -4.0
543 604 -2.0
543 573 -1.0
543 766 -2.0
544 646 -2.0
544 653 -4.0
544 782 -4.0
544 673 -4.0
544 586 -1.0
544 742 -4.0
544 632 -4.0
544 768 -4.0
545 602 -4.0
545 653 -4.0
545 660 -1.0
546 587 -1.0
546 589 -4.0
546 608 -1.0
547 659 -1.0
547 724 -4.0
547 728 -1.0
547 619 -2.0
547 632 -2.0
548 615 -2.0
548 632 -4.0
548 654 -2.0
548 643 -1.0
548 573 -2.0
548 766 -1.0
549 654 -1.0
549 692 -1.0
549 566 -1.0
549 740 -2.0
549 579 -4.0
549 710 -2.0
549 584 -4.0
549 724 -1.0
549 612 -4.0
549 615 -2.0
549 750 -4.0
550 589 -2.0
550 669 -1.0
550 623 -1.0
550 688 -2.0
551 611 -4.0
551 572 -2.0
551 746 -2.0
551 585 -4.0
551 575 -1.0
552 709 -2.0
552 683 -2.0
552 652 -4.0
552 664 -1.0
552 569 -4.0
552 630 -1.0
553 621 -4.0
553 724 -2.0
553 693 -4.0
553 638 -4.0
554 583 -4.0
554 648 -2.0
554 750 -2.0
554 564 -2.0
554 597 -1.0
554 642 -4.0
554 574 -4.0
555 682 -4.0
555 690 -2.0
555 788 -4.0
556 673 -1.0
556 751 -4.0
556 560 -4.0
556 758 -1.0
557 641 -4.0
557 593 -2.0
557 718 -4.0
557 757 -1.0
559 642 -4.0
559 785 -1.0
559 585 -1.0
559 660 -2.0
559 733 -1.0
560 793 -1.0
561 677 -2.0
561 747 -2.0
561 667 -2.0
562 796 -1.0
562 717 -1.0
562 684 -2.0
562 621 -2.0
562 798 -4.0
563 764 -2.0
564 684 -4.0
564 691 -2.0
564 599 -2.0
564 794 -2.0
564 704 -1.0
565 661 -4.0
565 592 -1.0
566 644 -2.0
566 717 -1.0
566 592 -2.0
566 758 -2.0
567 621 -1.0
567 620 -4.0
567 671 -2.0
567 573 -4.0
567 683 -2.0
569 748 -1.0
569 614 -4.0
569 696 -1.0
569 590 -4.0
569 688 -2.0
570 749 -4.0
570 750 -1.0
570 787 -4.0
570 789 -2.0
570 598 -1.0
570 571 -1.0
570 582 -4.0
571 775 -4.0
571 701 -2.0
571 588 -4.0
571 727 -2.0
571 632 -4.0
571 634 -2.0
572 593 -1.0
572 612 -2.0
572 634 -2.0
572 763 -1.0
573 771 -4.0
573 582 -2.0
573 621 -4.0
573 591 -1.0
573 789 -2.0
574 649 -2.0
574 581 -2.0
574 739 -4.0
574 751 -4.0
574 753 -1.0
574 766 -2.0
575 778 -2.0
575 791 -2.0
575 589 -4.0
575 610 -2.0
575 756 -1.0
575 761 -2.0
575 766 -1.0
575 768 -1.0
576 779 -1.0
576 715 -1.0
576 789 -1.0
577 609 -4.0
577 713 -2.0
577 671 -2.0
577 701 -4.0
577 638 -4.0
578 641 -1.0
578 646 -4.0
578 664 -4.0
578 749 -1.0
578 702 -4.0
578 753 -2.0
578 643 -2.0
578 632 -1.0
578 763 -1.0
579 587 -2.0
579 699 -1.0
579 664 -4.0
579 767 -1.0
580 740 -2.0
580 600 -1.0
581 593 -4.0
581 604 -1.0
581 741 -4.0
581 582 -2.0
581 590 -2.0
581 612 -2.0
581 763 -1.0
582 743 -2.0
582 663 -1.0
582 729 -2.0
582 742 -4.0
583 705 -1.0
583 676 -4.0
583 708 -2.0
583 671 -2.0
584 647 -1.0
584 717 -1.0
584 617 -4.0
584 730 -1.0
585 670 -2.0
585 789 -4.0
585 638 -4.0
586 790 -4.0
587 780 -1.0
588 715 -2.0
588 682 -1.0
588 798 -2.0
589 650 -1.0
589 655 -2.0
589 716 -1.0
589 629 -2.0
590 643 -1.0
590 647 -2.0
590 651 -2.0
590 655 -1.0
590 770 -1.0
590 600 -1.0
590 730 -2.0
590 765 -1.0
591 790 -2.0
591 703 -4.0
592 622 -4.0
592 730 -2.0
593 796 -2.0
593 751 -4.0
593 613 -4.0
593 661 -1.0
593 766 -4.0
594 764 -4.0
594 745 -1.0
594 715 -2.0
594 766 -4.0
595 737 -4.0
595 644 -2.0
595 726 -2.0
595 640 -4.0
595 736 -4.0
595 608 -2.0
597 754 -2.0
597 625 -1.0
597 740 -1.0
597 767 -1.0
598 757 -4.0
598 702 -1.0
598 680 -4.0
598 670 -4.0
599 675 -2.0
599 762 -4.0
599 750 -2.0
599 695 -2.0
599 761 -1.0
599 698 -1.0
599 672 -4.0
599 646 -2.0
600 617 -4.0
600 648 -1.0
601 711 -4.0
601 687 -4.0
601 730 -2.0
601 698 -2.0
602 741 -2.0
602 797 -4.0
602 746 -1.0
602 770 -4.0
602 623 -4.0
602 777 -2.0
602 637 -2.0
602 767 -4.0
603 705 -1.0
603 772 -2.0
604 610 -2.0
604 689 -2.0
604 690 -1.0
604 772 -4.0
604 650 -4.0
604 642 -2.0
604 720 -4.0
605 631 -2.0
605 720 -4.0
606 750 -4.0
607 747 -2.0
607 619 -2.0
607 638 -1.0
607 640 -4.0
608 706 -4.0
608 670 -2.0
608 735 -1.0
609 643 -2.0
609 762 -4.0
610 751 -1.0
610 690 -1.0
610 790 -1.0
611 772 -4.0
611 704 -2.0
611 789 -2.0
611 700 -1.0
611 703 -1.0
611 640 -4.0
612 791 -2.0
612 725 -4.0
612 733 -1.0
613 757 -1.0
613 732 -1.0
613 648 -1.0
614 704 -1.0
614 707 -2.0
614 674 -1.0
614 622 -4.0
615 666 -1.0
615 676 -2.0
615 705 -4.0
615 714 -4.0
615 620 -2.0
616 721 -4.0
616 757 -4.0
616 794 -4.0
617 783 -4.0
617 701 -1.0
617 790 -1.0
617 718 -4.0
617 799 -2.0
617 768 -1.0
618 716 -2.0
618 653 -2.0
618 799 -4.0
619 673 -1.0
619 743 -4.0
619 759 -1.0
620 670 -4.0
621 745 -4.0
622 767 -1.0
622 650 -4.0
622 718 -2.0
622 671 -4.0
622 720 -2.0
623 745 -1.0
623 749 -4.0
623 658 -4.0
623 661 -4.0
623 710 -2.0
624 775 -1.0
624 683 -4.0
624 684 -2.0
624 717 -4.0
624 756 -1.0
624 695 -2.0
625 664 -4.0
626 710 -4.0
626 753 -4.0
626 631 -4.0
626 746 -2.0
627 720 -1.0
627 789 -1.0
628 778 -4.0
628 654 -4.0
628 751 -4.0
628 686 -1.0
628 753 -1.0
628 755 -1.0
628 636 -1.0
629 705 -4.0
629 739 -1.0
629 713 -2.0
630 682 -2.0
630 644 -2.0
630 756 -1.0
631 752 -1.0
631 662 -2.0
632 642 -1.0
632 716 -2.0
633 772 -4.0
633 662 -2.0
634 641 -1.0
634 644 -4.0
634 686 -1.0
634 721 -2.0
634 636 -2.0
635 657 -2.0
635 776 -1.0
636 739 -1.0
636 645 -1.0
636 689 -1.0
637 776 -2.0
637 727 -4.0
637 730 -1.0
637 758 -4.0
637 768 -4.0
638 645 -1.0
638 738 -4.0
638 716 -4.0
638 724 -2.0
640 691 -4.0
641 661 -4.0
641 666 -4.0
641 776 -4.0
641 734 -1.0
641 738 -4.0
641 742 -1.0
641 763 -1.0
642 775 -1.0
642 658 -2.0
642 662 -4.0
642 667 -4.0
642 715 -4.0
642 756 -1.0
642 768 -4.0
643 675 -4.0
643 770 -1.0
643 753 -1.0
643 755 -2.0
643 788 -1.0
644 737 -1.0
644 646 -1.0
644 688 -2.0
644 778 -1.0
644 710 -4.0
645 652 -2.0
645 750 -4.0
645 688 -2.0
645 756 -4.0
645 671 -4.0
645 752 -4.0
646 769 -1.0
646 784 -2.0
646 788 -1.0
646 763 -1.0
647 739 -2.0
647 653 -1.0
647 731 -2.0
647 797 -4.0
647 688 -4.0
648 655 -1.0
648 795 -4.0
648 796 -2.0
649 727 -1.0
649 699 -4.0
649 672 -2.0
650 687 -1.0
650 760 -1.0
650 800 -2.0
651 687 -4.0
652 734 -2.0
652 721 -1.0
652 662 -1.0
653 744 -2.0
653 740 -1.0
653 769 -2.0
654 657 -1.0
654 759 -4.0
654 708 -2.0
655 774 -4.0
655 731 -1.0
655 780 -4.0
655 787 -4.0
655 706 -4.0
656 658 -4.0
657 682 -4.0
658 695 -1.0
658 693 -1.0
658 662 -4.0
660 739 -1.0
660 776 -1.0
660 790 -2.0
662 711 -4.0
662 736 -2.0
663 751 -1.0
663 679 -2.0
663 700 -1.0
663 736 -4.0
664 732 -4.0
664 748 -1.0
664 727 -2.0
664 754 -2.0
664 794 -4.0
665 752 -4.0
666 771 -1.0
666 733 -4.0
666 782 -1.0
666 761 -4.0
666 794 -1.0
666 774 -4.0
667 689 -1.0
667 680 -4.0
667 720 -4.0
667 786 -2.0
667 785 -1.0
667 704 -2.0
668 711 -4.0
668 725 -2.0
669 730 -4.0
669 691 -1.0
669 692 -4.0
669 698 -4.0
670 727 -2.0
670 730 -1.0
670 701 -1.0
671 700 -1.0
671 773 -2.0
672 674 -4.0
672 789 -1.0
672 757 -4.0
672 730 -1.0
672 766 -1.0
673 760 -4.0
673 682 -1.0
673 752 -2.0
674 722 -4.0
674 729 -1.0
675 799 -2.0
675 750 -2.0
675 697 -2.0
676 682 -4.0
676 752 -4.0
676 726 -4.0
676 758 -1.0
677 778 -4.0
678 689 -1.0
678 789 -1.0
678 726 -4.0
680 775 -2.0
680 780 -4.0
680 789 -2.0
680 710 -2.0
680 725 -1.0
680 752 -1.0
681 690 -4.0
681 733 -1.0
683 776 -1.0
683 794 -4.0
683 701 -4.0
683 799 -4.0
684 738 -2.0
684 726 -2.0
686 778 -1.0
686 727 -4.0
687 752 -4.0
687 724 -4.0
688 751 -4.0
688 788 -2.0
689 722 -1.0
689 723 -2.0
689 764 -2.0
690 791 -1.0
690 794 -2.0
691 797 -2.0
692 784 -2.0
692 725 -1.0
693 752 -2.0
693 797 -4.0
694 704 -2.0
695 754 -4.0
695 747 -4.0
695 756 -2.0
696 737 -4.0
696 711 -1.0
696 777 -4.0
696 789 -4.0
697 771 -4.0
698 706 -4.0
698 745 -1.0
698 729 -1.0
700 742 -4.0
700 719 -1.0
700 799 -2.0
700 794 -4.0
702 759 -1.0
702 770 -1.0
703 792 -2.0
705 788 -4.0
706 777 -1.0
707 769 -2.0
707 740 -4.0
708 760 -4.0
708 774 -1.0
709 773 -2.0
710 773 -2.0
710 788 -2.0
710 789 -1.0
712 722 -1.0
713 737 -1.0
713 788 -2.0
713 769 -4.0
714 778 -4.0
715 783 -1.0
715 724 -4.0
716 788 -4.0
718 740 -2.0
718 780 -4.0
718 734 -1.0
719 778 -4.0
721 747 -2.0
723 744 -1.0
723 794 -1.0
725 778 -4.0
725 785 -1.0
726 775 -1.0
726 763 -4.0
726 787 -2.0
726 791 -1.0
727 774 -2.0
728 797 -1.0
729 781 -1.0
729 730 -4.0
730 758 -1.0
730 763 -4.0
733 788 -4.0
733 736 -4.0
733 742 -2.0
733 768 -1.0
734 761 -2.0
735 749 -4.0
735 788 -4.0
737 753 -4.0
738 747 -1.0
738 762 -2.0
740 755 -2.0
741 751 -4.0
743 791 -2.0
743 782 -1.0
744 760 -4.0
745 762 -2.0
746 780 -1.0
746 799 -1.0
749 787 -4.0
749 789 -4.0
750 787 -1.0
751 785 -2.0
751 788 -2.0
751 776 -1.0
752 769 -4.0
753 765 -4.0
753 762 -1.0
756 760 -2.0
758 766 -1.0
759 795 -1.0
759 786 -4.0
762 798 -4.0
764 771 -1.0
765 775 -4.0
765 790 -4.0
766 776 -2.0
768 781 -1.0
768 793 -1.0
768 784 -2.0
772 784 -1.0
772 791 -4.0
773 784 -1.0
773 791 -2.0
776 787 -4.0
776 791 -1.0
776 788 -1.0
786 790 -4.0
795 798 -4.0
796 800 -1.0
