MULTICUT
1 2941 -1.0
1 61 -1.0
1 60 -1.0
1 2 -1.0
2 2942 -1.0
2 62 -1.0
2 3 -1.0
3 2943 -1.0
3 63 -1.0
3 4 -1.0
4 2944 -1.0
4 64 -1.0
4 5 -1.0
5 2945 -1.0
5 65 -1.0
5 6 -1.0
6 2946 -1.0
6 66 -1.0
6 7 -1.0
7 2947 -1.0
7 67 -1.0
7 8 -1.0
8 2948 -1.0
8 68 -1.0
8 9 -1.0
9 2949 -1.0
9 69 -1.0
9 10 -1.0
10 2950 -1.0
10 70 -1.0
10 11 -1.0
11 2951 -1.0
11 71 -1.0
11 12 -1.0
12 2952 -1.0
12 72 -1.0
12 13 -1.0
13 2953 -1.0
13 73 -1.0
13 14 -1.0
14 2954 -1.0
14 74 -1.0
14 15 -1.0
15 2955 -1.0
15 75 -1.0
15 16 -1.0
16 2956 -1.0
16 76 -1.0
16 17 -1.0
17 2957 -1.0
17 77 -1.0
17 18 -1.0
18 2958 -1.0
18 78 -1.0
18 19 -1.0
19 2959 -1.0
19 79 -1.0
19 20 -1.0
20 2960 -1.0
20 80 -1.0
20 21 -1.0
21 2961 -1.0
21 81 -1.0
21 22 -1.0
22 2962 -1.0
22 82 -1.0
22 23 -1.0
23 2963 -1.0
23 83 -1.0
23 24 -1.0
24 2964 -1.0
24 84 -1.0
24 25 -1.0
25 2965 -1.0
25 85 -1.0
25 26 -1.0
26 2966 -1.0
26 86 -1.0
26 27 -1.0
27 2967 -1.0
27 87 -1.0
27 28 -1.0
28 2968 -1.0
28 88 -1.0
28 29 -1.0
29 2969 -1.0
29 89 -1.0
29 30 -1.0
30 2970 -1.0
30 90 -1.0
30 31 -1.0
31 2971 -1.0
31 91 -1.0
31 32 -1.0
32 2972 -1.0
32 92 -1.0
32 33 -1.0
33 2973 -1.0
33 93 -1.0
33 34 -1.0
34 2974 -1.0
34 94 -1.0
34 35 -1.0
35 2975 -1.0
35 95 -1.0
35 36 -1.0
36 2976 -1.0
36 96 -1.0
36 37 -1.0
37 2977 -1.0
37 97 -1.0
37 38 -1.0
38 2978 -1.0
38 98 -1.0
38 39 -1.0
39 2979 -1.0
39 99 -1.0
39 40 -1.0
40 2980 -1.0
40 100 -1.0
40 41 -1.0
41 2981 -1.0
41 101 -1.0
41 42 -1.0
42 2982 -1.0
42 102 -1.0
42 43 -1.0
43 2983 -1.0
43 103 -1.0
43 44 -1.0
44 2984 -1.0
44 104 -1.0
44 45 -1.0
45 2985 -1.0
45 105 -1.0
45 46 -1.0
46 2986 -1.0
46 106 -1.0
46 47 -1.0
47 2987 -1.0
47 107 -1.0
47 48 -1.0
48 2988 -1.0
48 108 -1.0
48 49 -1.0
49 2989 -1.0
49 109 -1.0
49 50 -1.0
50 2990 -1.0
50 110 -1.0
50 51 -1.0
51 2991 -1.0
51 111 -1.0
51 52 -1.0
52 2992 -1.0
52 112 -1.0
52 53 -1.0
53 2993 -1.0
53 113 -1.0
53 54 -1.0
54 2994 -1.0
54 114 -1.0
54 55 -1.0
55 2995 -1.0
55 115 -1.0
55 56 -1.0
56 2996 -1.0
56 116 -1.0
56 57 -1.0
57 2997 -1.0
57 117 -1.0
57 58 -1.0
58 2998 -1.0
58 118 -1.0
58 59 -1.0
59 2999 -1.0
59 119 -1.0
59 60 -1.0
60 3000 -1.0
60 120 -1.0
61 121 -1.0
61 120 -1.0
61 62 -1.0
62 122 -1.0
62 63 -1.0
63 123 -1.0
63 64 -1.0
64 124 -1.0
64 65 -1.0
65 125 -1.0
65 66 -1.0
66 126 -1.0
66 67 -1.0
67 127 -1.0
67 68 -1.0
68 128 -1.0
68 69 -1.0
69 129 -1.0
69 70 -1.0
70 130 -1.0
70 71 -1.0
71 131 -1.0
71 72 -1.0
72 132 -1.0
72 73 -1.0
73 133 -1.0
73 74 -1.0
74 134 -1.0
74 75 -1.0
75 135 -1.0
75 76 -1.0
76 136 -1.0
76 77 -1.0
77 137 -1.0
77 78 -1.0
78 138 -1.0
78 79 -1.0
79 139 -1.0
79 80 -1.0
80 140 -1.0
80 81 -1.0
81 141 -1.0
81 82 -1.0
82 142 -1.0
82 83 -1.0
83 143 -1.0
83 84 -1.0
84 144 -1.0
84 85 -1.0
85 145 -1.0
85 86 -1.0
86 146 -1.0
86 87 -1.0
87 147 -1.0
87 88 -1.0
88 148 -1.0
88 89 -1.0
89 149 -1.0
89 90 -1.0
90 150 -1.0
90 91 -1.0
91 151 -1.0
91 92 -1.0
92 152 -1.0
92 93 -1.0
93 153 -1.0
93 94 -1.0
94 154 -1.0
94 95 -1.0
95 155 -1.0
95 96 -1.0
96 156 -1.0
96 97 -1.0
97 157 -1.0
97 98 -1.0
98 158 -1.0
98 99 -1.0
99 159 -1.0
99 100 -1.0
100 160 -1.0
100 101 -1.0
101 161 -1.0
101 102 -1.0
102 162 -1.0
102 103 -1.0
103 163 -1.0
103 104 -1.0
104 164 -1.0
104 105 -1.0
105 165 -1.0
105 106 -1.0
106 166 -1.0
106 107 -1.0
107 167 -1.0
107 108 -1.0
108 168 -1.0
108 109 -1.0
109 169 -1.0
109 110 -1.0
110 170 -1.0
110 111 -1.0
111 171 -1.0
111 112 -1.0
112 172 -1.0
112 113 -1.0
113 173 -1.0
113 114 -1.0
114 174 -1.0
114 115 -1.0
115 175 -1.0
115 116 -1.0
116 176 -1.0
116 117 -1.0
117 177 -1.0
117 118 -1.0
118 178 -1.0
118 119 -1.0
119 179 -1.0
119 120 -1.0
120 180 -1.0
121 181 -1.0
121 180 -1.0
121 122 -1.0
122 182 -1.0
122 123 -1.0
123 183 -1.0
123 124 -1.0
124 184 -1.0
124 125 -1.0
125 185 -1.0
125 126 -1.0
126 186 -1.0
126 127 -1.0
127 187 -1.0
127 128 -1.0
128 188 -1.0
128 129 -1.0
129 189 -1.0
129 130 -1.0
130 190 -1.0
130 131 -1.0
131 191 -1.0
131 132 -1.0
132 192 -1.0
132 133 -1.0
133 193 -1.0
133 134 -1.0
134 194 -1.0
134 135 -1.0
135 195 -1.0
135 136 -1.0
136 196 -1.0
136 137 -1.0
137 197 -1.0
137 138 -1.0
138 198 -1.0
138 139 -1.0
139 199 -1.0
139 140 -1.0
140 200 -1.0
140 141 -1.0
141 201 -1.0
141 142 -1.0
142 202 -1.0
142 143 -1.0
143 203 -1.0
143 144 -1.0
144 204 -1.0
144 145 -1.0
145 205 -1.0
145 146 -1.0
146 206 -1.0
146 147 -1.0
147 207 -1.0
147 148 -1.0
148 208 -1.0
148 149 -1.0
149 209 -1.0
149 150 -1.0
150 210 -1.0
150 151 -1.0
151 211 -1.0
151 152 -1.0
152 212 -1.0
152 153 -1.0
153 213 -1.0
153 154 -1.0
154 214 -1.0
154 155 -1.0
155 215 -1.0
155 156 -1.0
156 216 -1.0
156 157 -1.0
157 217 -1.0
157 158 -1.0
158 218 -1.0
158 159 -1.0
159 219 -1.0
159 160 -1.0
160 220 -1.0
160 161 -1.0
161 221 -1.0
161 162 -1.0
162 222 -1.0
162 163 -1.0
163 223 -1.0
163 164 -1.0
164 224 -1.0
164 165 -1.0
165 225 -1.0
165 166 -1.0
166 226 -1.0
166 167 -1.0
167 227 -1.0
167 168 -1.0
168 228 -1.0
168 169 -1.0
169 229 -1.0
169 170 -1.0
170 230 -1.0
170 171 -1.0
171 231 -1.0
171 172 -1.0
172 232 -1.0
172 173 -1.0
173 233 -1.0
173 174 -1.0
174 234 -1.0
174 175 -1.0
175 235 -1.0
175 176 -1.0
176 236 -1.0
176 177 -1.0
177 237 -1.0
177 178 -1.0
178 238 -1.0
178 179 -1.0
179 239 -1.0
179 180 -1.0
180 240 -1.0
181 241 -1.0
181 240 -1.0
181 182 -1.0
182 242 -1.0
182 183 -1.0
183 243 -1.0
183 184 -1.0
184 244 -1.0
184 185 -1.0
185 245 -1.0
185 186 -1.0
186 246 -1.0
186 187 -1.0
187 247 -1.0
187 188 -1.0
188 248 -1.0
188 189 -1.0
189 249 -1.0
189 190 -1.0
190 250 -1.0
190 191 -1.0
191 251 -1.0
191 192 -1.0
192 252 -1.0
192 193 -1.0
193 253 -1.0
193 194 -1.0
194 254 -1.0
194 195 -1.0
195 255 -1.0
195 196 -1.0
196 256 -1.0
196 197 -1.0
197 257 -1.0
197 198 -1.0
198 258 -1.0
198 199 -1.0
199 259 -1.0
199 200 -1.0
200 260 -1.0
200 201 -1.0
201 261 -1.0
201 202 -1.0
202 262 -1.0
202 203 -1.0
203 263 -1.0
203 204 -1.0
204 264 -1.0
204 205 -1.0
205 265 -1.0
205 206 -1.0
206 266 -1.0
206 207 -1.0
207 267 -1.0
207 208 -1.0
208 268 -1.0
208 209 -1.0
209 269 -1.0
209 210 -1.0
210 270 -1.0
210 211 -1.0
211 271 -1.0
211 212 -1.0
212 272 -1.0
212 213 -1.0
213 273 -1.0
213 214 -1.0
214 274 -1.0
214 215 -1.0
215 275 -1.0
215 216 -1.0
216 276 -1.0
216 217 -1.0
217 277 -1.0
217 218 -1.0
218 278 -1.0
218 219 -1.0
219 279 -1.0
219 220 -1.0
220 280 -1.0
220 221 -1.0
221 281 -1.0
221 222 -1.0
222 282 -1.0
222 223 -1.0
223 283 -1.0
223 224 -1.0
224 284 -1.0
224 225 -1.0
225 285 -1.0
225 226 -1.0
226 286 -1.0
226 227 -1.0
227 287 -1.0
227 228 -1.0
228 288 -1.0
228 229 -1.0
229 289 -1.0
229 230 -1.0
230 290 -1.0
230 231 -1.0
231 291 -1.0
231 232 -1.0
232 292 -1.0
232 233 -1.0
233 293 -1.0
233 234 -1.0
234 294 -1.0
234 235 -1.0
235 295 -1.0
235 236 -1.0
236 296 -1.0
236 237 -1.0
237 297 -1.0
237 238 -1.0
238 298 -1.0
238 239 -1.0
239 299 -1.0
239 240 -1.0
240 300 -1.0
241 301 -1.0
241 300 -1.0
241 242 -1.0
242 302 -1.0
242 243 -1.0
243 303 -1.0
243 244 -1.0
244 304 -1.0
244 245 -1.0
245 305 -1.0
245 246 -1.0
246 306 -1.0
246 247 -1.0
247 307 -1.0
247 248 -1.0
248 308 -1.0
248 249 -1.0
249 309 -1.0
249 250 -1.0
250 310 -1.0
250 251 -1.0
251 311 -1.0
251 252 -1.0
252 312 -1.0
252 253 -1.0
253 313 -1.0
253 254 -1.0
254 314 -1.0
254 255 -1.0
255 315 -1.0
255 256 -1.0
256 316 -1.0
256 257 -1.0
257 317 -1.0
257 258 -1.0
258 318 -1.0
258 259 -1.0
259 319 -1.0
259 260 -1.0
260 320 -1.0
260 261 -1.0
261 321 -1.0
261 262 -1.0
262 322 -1.0
262 263 -1.0
263 323 -1.0
263 264 -1.0
264 324 -1.0
264 265 -1.0
265 325 -1.0
265 266 -1.0
266 326 -1.0
266 267 -1.0
267 327 -1.0
267 268 -1.0
268 328 -1.0
268 269 -1.0
269 329 -1.0
269 270 -1.0
270 330 -1.0
270 271 -1.0
271 331 -1.0
271 272 -1.0
272 332 -1.0
272 273 -1.0
273 333 -1.0
273 274 -1.0
274 334 -1.0
274 275 -1.0
275 335 -1.0
275 276 -1.0
276 336 -1.0
276 277 -1.0
277 337 -1.0
277 278 -1.0
278 338 -1.0
278 279 -1.0
279 339 -1.0
279 280 -1.0
280 340 -1.0
280 281 -1.0
281 341 -1.0
281 282 -1.0
282 342 -1.0
282 283 -1.0
283 343 -1.0
283 284 -1.0
284 344 -1.0
284 285 -1.0
285 345 -1.0
285 286 -1.0
286 346 -1.0
286 287 -1.0
287 347 -1.0
287 288 -1.0
288 348 -1.0
288 289 -1.0
289 349 -1.0
289 290 -1.0
290 350 -1.0
290 291 -1.0
291 351 -1.0
291 292 -1.0
292 352 -1.0
292 293 -1.0
293 353 -1.0
293 294 -1.0
294 354 -1.0
294 295 -1.0
295 355 -1.0
295 296 -1.0
296 356 -1.0
296 297 -1.0
297 357 -1.0
297 298 -1.0
298 358 -1.0
298 299 -1.0
299 359 -1.0
299 300 -1.0
300 360 -1.0
301 361 -1.0
301 360 -1.0
301 302 -1.0
302 362 -1.0
302 303 -1.0
303 363 -1.0
303 304 -1.0
304 364 -1.0
304 305 -1.0
305 365 -1.0
305 306 -1.0
306 366 -1.0
306 307 -1.0
307 367 -1.0
307 308 -1.0
308 368 -1.0
308 309 -1.0
309 369 -1.0
309 310 -1.0
310 370 -1.0
310 311 -1.0
311 371 -1.0
311 312 -1.0
312 372 -1.0
312 313 -1.0
313 373 -1.0
313 314 -1.0
314 374 -1.0
314 315 -1.0
315 375 -1.0
315 316 -1.0
316 376 -1.0
316 317 -1.0
317 377 -1.0
317 318 -1.0
318 378 -1.0
318 319 -1.0
319 379 -1.0
319 320 -1.0
320 380 -1.0
320 321 -1.0
321 381 -1.0
321 322 -1.0
322 382 -1.0
322 323 -1.0
323 383 -1.0
323 324 -1.0
324 384 -1.0
324 325 -1.0
325 385 -1.0
325 326 -1.0
326 386 -1.0
326 327 -1.0
327 387 -1.0
327 328 -1.0
328 388 -1.0
328 329 -1.0
329 389 -1.0
329 330 -1.0
330 390 -1.0
330 331 -1.0
331 391 -1.0
331 332 -1.0
332 392 -1.0
332 333 -1.0
333 393 -1.0
333 334 -1.0
334 394 -1.0
334 335 -1.0
335 395 -1.0
335 336 -1.0
336 396 -1.0
336 337 -1.0
337 397 -1.0
337 338 -1.0
338 398 -1.0
338 339 -1.0
339 399 -1.0
339 340 -1.0
340 400 -1.0
340 341 -1.0
341 401 -1.0
341 342 -1.0
342 402 -1.0
342 343 -1.0
343 403 -1.0
343 344 -1.0
344 404 -1.0
344 345 -1.0
345 405 -1.0
345 346 -1.0
346 406 -1.0
346 347 -1.0
347 407 -1.0
347 348 -1.0
348 408 -1.0
348 349 -1.0
349 409 -1.0
349 350 -1.0
350 410 -1.0
350 351 -1.0
351 411 -1.0
351 352 -1.0
352 412 -1.0
352 353 -1.0
353 413 -1.0
353 354 -1.0
354 414 -1.0
354 355 -1.0
355 415 -1.0
355 356 -1.0
356 416 -1.0
356 357 -1.0
357 417 -1.0
357 358 -1.0
358 418 -1.0
358 359 -1.0
359 419 -1.0
359 360 -1.0
360 420 -1.0
361 421 -1.0
361 420 -1.0
361 362 -1.0
362 422 -1.0
362 363 -1.0
363 423 -1.0
363 364 -1.0
364 424 -1.0
364 365 -1.0
365 425 -1.0
365 366 -1.0
366 426 -1.0
366 367 -1.0
367 427 -1.0
367 368 -1.0
368 428 -1.0
368 369 -1.0
369 429 -1.0
369 370 -1.0
370 430 -1.0
370 371 -1.0
371 431 -1.0
371 372 -1.0
372 432 -1.0
372 373 -1.0
373 433 -1.0
373 374 -1.0
374 434 -1.0
374 375 -1.0
375 435 -1.0
375 376 -1.0
376 436 -1.0
376 377 -1.0
377 437 -1.0
377 378 -1.0
378 438 -1.0
378 379 -1.0
379 439 -1.0
379 380 -1.0
380 440 -1.0
380 381 -1.0
381 441 -1.0
381 382 -1.0
382 442 -1.0
382 383 -1.0
383 443 -1.0
383 384 -1.0
384 444 -1.0
384 385 -1.0
385 445 -1.0
385 386 -1.0
386 446 -1.0
386 387 -1.0
387 447 -1.0
387 388 -1.0
388 448 -1.0
388 389 -1.0
389 449 -1.0
389 390 -1.0
390 450 -1.0
390 391 -1.0
391 451 -1.0
391 392 -1.0
392 452 -1.0
392 393 -1.0
393 453 -1.0
393 394 -1.0
394 454 -1.0
394 395 -1.0
395 455 -1.0
395 396 -1.0
396 456 -1.0
396 397 -1.0
397 457 -1.0
397 398 -1.0
398 458 -1.0
398 399 -1.0
399 459 -1.0
399 400 -1.0
400 460 -1.0
400 401 -1.0
401 461 -1.0
401 402 -1.0
402 462 -1.0
402 403 -1.0
403 463 -1.0
403 404 -1.0
404 464 -1.0
404 405 -1.0
405 465 -1.0
405 406 -1.0
406 466 -1.0
406 407 -1.0
407 467 -1.0
407 408 -1.0
408 468 -1.0
408 409 -1.0
409 469 -1.0
409 410 -1.0
410 470 -1.0
410 411 -1.0
411 471 -1.0
411 412 -1.0
412 472 -1.0
412 413 -1.0
413 473 -1.0
413 414 -1.0
414 474 -1.0
414 415 -1.0
415 475 -1.0
415 416 -1.0
416 476 -1.0
416 417 -1.0
417 477 -1.0
417 418 -1.0
418 478 -1.0
418 419 -1.0
419 479 -1.0
419 420 -1.0
420 480 -1.0
421 481 -1.0
421 480 -1.0
421 422 -1.0
422 482 -1.0
422 423 -1.0
423 483 -1.0
423 424 -1.0
424 484 -1.0
424 425 -1.0
425 485 -1.0
425 426 -1.0
426 486 -1.0
426 427 -1.0
427 487 -1.0
427 428 -1.0
428 488 -1.0
428 429 -1.0
429 489 -1.0
429 430 -1.0
430 490 -1.0
430 431 -1.0
431 491 -1.0
431 432 -1.0
432 492 -1.0
432 433 -1.0
433 493 -1.0
433 434 -1.0
434 494 -1.0
434 435 -1.0
435 495 -1.0
435 436 -1.0
436 496 -1.0
436 437 -1.0
437 497 -1.0
437 438 -1.0
438 498 -1.0
438 439 -1.0
439 499 -1.0
439 440 -1.0
440 500 -1.0
440 441 -1.0
441 501 -1.0
441 442 -1.0
442 502 -1.0
442 443 -1.0
443 503 -1.0
443 444 -1.0
444 504 -1.0
444 445 -1.0
445 505 -1.0
445 446 -1.0
446 506 -1.0
446 447 -1.0
447 507 -1.0
447 448 -1.0
448 508 -1.0
448 449 -1.0
449 509 -1.0
449 450 -1.0
450 510 -1.0
450 451 -1.0
451 511 -1.0
451 452 -1.0
452 512 -1.0
452 453 -1.0
453 513 -1.0
453 454 -1.0
454 514 -1.0
454 455 -1.0
455 515 -1.0
455 456 -1.0
456 516 -1.0
456 457 -1.0
457 517 -1.0
457 458 -1.0
458 518 -1.0
458 459 -1.0
459 519 -1.0
459 460 -1.0
460 520 -1.0
460 461 -1.0
461 521 -1.0
461 462 -1.0
462 522 -1.0
462 463 -1.0
463 523 -1.0
463 464 -1.0
464 524 -1.0
464 465 -1.0
465 525 -1.0
465 466 -1.0
466 526 -1.0
466 467 -1.0
467 527 -1.0
467 468 -1.0
468 528 -1.0
468 469 -1.0
469 529 -1.0
469 470 -1.0
470 530 -1.0
470 471 -1.0
471 531 -1.0
471 472 -1.0
472 532 -1.0
472 473 -1.0
473 533 -1.0
473 474 -1.0
474 534 -1.0
474 475 -1.0
475 535 -1.0
475 476 -1.0
476 536 -1.0
476 477 -1.0
477 537 -1.0
477 478 -1.0
478 538 -1.0
478 479 -1.0
479 539 -1.0
479 480 -1.0
480 540 -1.0
481 541 -1.0
481 540 -1.0
481 482 -1.0
482 542 -1.0
482 483 -1.0
483 543 -1.0
483 484 -1.0
484 544 -1.0
484 485 -1.0
485 545 -1.0
485 486 -1.0
486 546 -1.0
486 487 -1.0
487 547 -1.0
487 488 -1.0
488 548 -1.0
488 489 -1.0
489 549 -1.0
489 490 -1.0
490 550 -1.0
490 491 -1.0
491 551 -1.0
491 492 -1.0
492 552 -1.0
492 493 -1.0
493 553 -1.0
493 494 -1.0
494 554 -1.0
494 495 -1.0
495 555 -1.0
495 496 -1.0
496 556 -1.0
496 497 -1.0
497 557 -1.0
497 498 -1.0
498 558 -1.0
498 499 -1.0
499 559 -1.0
499 500 -1.0
500 560 -1.0
500 501 -1.0
501 561 -1.0
501 502 -1.0
502 562 -1.0
502 503 -1.0
503 563 -1.0
503 504 -1.0
504 564 -1.0
504 505 -1.0
505 565 -1.0
505 506 -1.0
506 566 -1.0
506 507 -1.0
507 567 -1.0
507 508 -1.0
508 568 -1.0
508 509 -1.0
509 569 -1.0
509 510 -1.0
510 570 -1.0
510 511 -1.0
511 571 -1.0
511 512 -1.0
512 572 -1.0
512 513 -1.0
513 573 -1.0
513 514 -1.0
514 574 -1.0
514 515 -1.0
515 575 -1.0
515 516 -1.0
516 576 -1.0
516 517 -1.0
517 577 -1.0
517 518 -1.0
518 578 -1.0
518 519 -1.0
519 579 -1.0
519 520 -1.0
520 580 -1.0
520 521 -1.0
521 581 -1.0
521 522 -1.0
522 582 -1.0
522 523 -1.0
523 583 -1.0
523 524 -1.0
524 584 -1.0
524 525 -1.0
525 585 -1.0
525 526 -1.0
526 586 -1.0
526 527 -1.0
527 587 -1.0
527 528 -1.0
528 588 -1.0
528 529 -1.0
529 589 -1.0
529 530 -1.0
530 590 -1.0
530 531 -1.0
531 591 -1.0
531 532 -1.0
532 592 -1.0
532 533 -1.0
533 593 -1.0
533 534 -1.0
534 594 -1.0
534 535 -1.0
535 595 -1.0
535 536 -1.0
536 596 -1.0
536 537 -1.0
537 597 -1.0
537 538 -1.0
538 598 -1.0
538 539 -1.0
539 599 -1.0
539 540 -1.0
540 600 -1.0
541 601 -1.0
541 600 -1.0
541 542 -1.0
542 602 -1.0
542 543 -1.0
543 603 -1.0
543 544 -1.0
544 604 -1.0
544 545 -1.0
545 605 -1.0
545 546 -1.0
546 606 -1.0
546 547 -1.0
547 607 -1.0
547 548 -1.0
548 608 -1.0
548 549 -1.0
549 609 -1.0
549 550 -1.0
550 610 -1.0
550 551 -1.0
551 611 -1.0
551 552 -1.0
552 612 -1.0
552 553 -1.0
553 613 -1.0
553 554 -1.0
554 614 -1.0
554 555 -1.0
555 615 -1.0
555 556 -1.0
556 616 -1.0
556 557 -1.0
557 617 -1.0
557 558 -1.0
558 618 -1.0
558 559 -1.0
559 619 -1.0
559 560 -1.0
560 620 -1.0
560 561 -1.0
561 621 -1.0
561 562 -1.0
562 622 -1.0
562 563 -1.0
563 623 -1.0
563 564 -1.0
564 624 -1.0
564 565 -1.0
565 625 -1.0
565 566 -1.0
566 626 -1.0
566 567 -1.0
567 627 -1.0
567 568 -1.0
568 628 -1.0
568 569 -1.0
569 629 -1.0
569 570 -1.0
570 630 -1.0
570 571 -1.0
571 631 -1.0
571 572 -1.0
572 632 -1.0
572 573 -1.0
573 633 -1.0
573 574 -1.0
574 634 -1.0
574 575 -1.0
575 635 -1.0
575 576 -1.0
576 636 -1.0
576 577 -1.0
577 637 -1.0
577 578 -1.0
578 638 -1.0
578 579 -1.0
579 639 -1.0
579 580 -1.0
580 640 -1.0
580 581 -1.0
581 641 -1.0
581 582 -1.0
582 642 -1.0
582 583 -1.0
583 643 -1.0
583 584 -1.0
584 644 -1.0
584 585 -1.0
585 645 -1.0
585 586 -1.0
586 646 -1.0
586 587 -1.0
587 647 -1.0
587 588 -1.0
588 648 -1.0
588 589 -1.0
589 649 -1.0
589 590 -1.0
590 650 -1.0
590 591 -1.0
591 651 -1.0
591 592 -1.0
592 652 -1.0
592 593 -1.0
593 653 -1.0
593 594 -1.0
594 654 -1.0
594 595 -1.0
595 655 -1.0
595 596 -1.0
596 656 -1.0
596 597 -1.0
597 657 -1.0
597 598 -1.0
598 658 -1.0
598 599 -1.0
599 659 -1.0
599 600 -1.0
600 660 -1.0
601 661 -1.0
601 660 -1.0
601 602 -1.0
602 662 -1.0
602 603 -1.0
603 663 -1.0
603 604 -1.0
604 664 -1.0
604 605 -1.0
605 665 -1.0
605 606 -1.0
606 666 -1.0
606 607 -1.0
607 667 -1.0
607 608 -1.0
608 668 -1.0
608 609 -1.0
609 669 -1.0
609 610 -1.0
610 670 -1.0
610 611 -1.0
611 671 -1.0
611 612 -1.0
612 672 -1.0
612 613 -1.0
613 673 -1.0
613 614 -1.0
614 674 -1.0
614 615 -1.0
615 675 -1.0
615 616 -1.0
616 676 -1.0
616 617 -1.0
617 677 -1.0
617 618 -1.0
618 678 -1.0
618 619 -1.0
619 679 -1.0
619 620 -1.0
620 680 -1.0
620 621 -1.0
621 681 -1.0
621 622 -1.0
622 682 -1.0
622 623 -1.0
623 683 -1.0
623 624 -1.0
624 684 -1.0
624 625 -1.0
625 685 -1.0
625 626 -1.0
626 686 -1.0
626 627 -1.0
627 687 -1.0
627 628 -1.0
628 688 -1.0
628 629 -1.0
629 689 -1.0
629 630 -1.0
630 690 -1.0
630 631 -1.0
631 691 -1.0
631 632 -1.0
632 692 -1.0
632 633 -1.0
633 693 -1.0
633 634 -1.0
634 694 -1.0
634 635 -1.0
635 695 -1.0
635 636 -1.0
636 696 -1.0
636 637 -1.0
637 697 -1.0
637 638 -1.0
638 698 -1.0
638 639 -1.0
639 699 -1.0
639 640 -1.0
640 700 -1.0
640 641 -1.0
641 701 -1.0
641 642 -1.0
642 702 -1.0
642 643 -1.0
643 703 -1.0
643 644 -1.0
644 704 -1.0
644 645 -1.0
645 705 -1.0
645 646 -1.0
646 706 -1.0
646 647 -1.0
647 707 -1.0
647 648 -1.0
648 708 -1.0
648 649 -1.0
649 709 -1.0
649 650 -1.0
650 710 -1.0
650 651 -1.0
651 711 -1.0
651 652 -1.0
652 712 -1.0
652 653 -1.0
653 713 -1.0
653 654 -1.0
654 714 -1.0
654 655 -1.0
655 715 -1.0
655 656 -1.0
656 716 -1.0
656 657 -1.0
657 717 -1.0
657 658 -1.0
658 718 -1.0
658 659 -1.0
659 719 -1.0
659 660 -1.0
660 720 -1.0
661 721 -1.0
661 720 -1.0
661 662 -1.0
662 722 -1.0
662 663 -1.0
663 723 -1.0
663 664 -1.0
664 724 -1.0
664 665 -1.0
665 725 -1.0
665 666 -1.0
666 726 -1.0
666 667 -1.0
667 727 -1.0
667 668 -1.0
668 728 -1.0
668 669 -1.0
669 729 -1.0
669 670 -1.0
670 730 -1.0
670 671 -1.0
671 731 -1.0
671 672 -1.0
672 732 -1.0
672 673 -1.0
673 733 -1.0
673 674 -1.0
674 734 -1.0
674 675 -1.0
675 735 -1.0
675 676 -1.0
676 736 -1.0
676 677 -1.0
677 737 -1.0
677 678 -1.0
678 738 -1.0
678 679 -1.0
679 739 -1.0
679 680 -1.0
680 740 -1.0
680 681 -1.0
681 741 -1.0
681 682 -1.0
682 742 -1.0
682 683 -1.0
683 743 -1.0
683 684 -1.0
684 744 -1.0
684 685 -1.0
685 745 -1.0
685 686 -1.0
686 746 -1.0
686 687 -1.0
687 747 -1.0
687 688 -1.0
688 748 -1.0
688 689 -1.0
689 749 -1.0
689 690 -1.0
690 750 -1.0
690 691 -1.0
691 751 -1.0
691 692 -1.0
692 752 -1.0
692 693 -1.0
693 753 -1.0
693 694 -1.0
694 754 -1.0
694 695 -1.0
695 755 -1.0
695 696 -1.0
696 756 -1.0
696 697 -1.0
697 757 -1.0
697 698 -1.0
698 758 -1.0
698 699 -1.0
699 759 -1.0
699 700 -1.0
700 760 -1.0
700 701 -1.0
701 761 -1.0
701 702 -1.0
702 762 -1.0
702 703 -1.0
703 763 -1.0
703 704 -1.0
704 764 -1.0
704 705 -1.0
705 765 -1.0
705 706 -1.0
706 766 -1.0
706 707 -1.0
707 767 -1.0
707 708 -1.0
708 768 -1.0
708 709 -1.0
709 769 -1.0
709 710 -1.0
710 770 -1.0
710 711 -1.0
711 771 -1.0
711 712 -1.0
712 772 -1.0
712 713 -1.0
713 773 -1.0
713 714 -1.0
714 774 -1.0
714 715 -1.0
715 775 -1.0
715 716 -1.0
716 776 -1.0
716 717 -1.0
717 777 -1.0
717 718 -1.0
718 778 -1.0
718 719 -1.0
719 779 -1.0
719 720 -1.0
720 780 -1.0
721 781 -1.0
721 780 -1.0
721 722 -1.0
722 782 -1.0
722 723 -1.0
723 783 -1.0
723 724 -1.0
724 784 -1.0
724 725 -1.0
725 785 -1.0
725 726 -1.0
726 786 -1.0
726 727 -1.0
727 787 -1.0
727 728 -1.0
728 788 -1.0
728 729 -1.0
729 789 -1.0
729 730 -1.0
730 790 -1.0
730 731 -1.0
731 791 -1.0
731 732 -1.0
732 792 -1.0
732 733 -1.0
733 793 -1.0
733 734 -1.0
734 794 -1.0
734 735 -1.0
735 795 -1.0
735 736 -1.0
736 796 -1.0
736 737 -1.0
737 797 -1.0
737 738 -1.0
738 798 -1.0
738 739 -1.0
739 799 -1.0
739 740 -1.0
740 800 -1.0
740 741 -1.0
741 801 -1.0
741 742 -1.0
742 802 -1.0
742 743 -1.0
743 803 -1.0
743 744 -1.0
744 804 -1.0
744 745 -1.0
745 805 -1.0
745 746 -1.0
746 806 -1.0
746 747 -1.0
747 807 -1.0
747 748 -1.0
748 808 -1.0
748 749 -1.0
749 809 -1.0
749 750 -1.0
750 810 -1.0
750 751 -1.0
751 811 -1.0
751 752 -1.0
752 812 -1.0
752 753 -1.0
753 813 -1.0
753 754 -1.0
754 814 -1.0
754 755 -1.0
755 815 -1.0
755 756 -1.0
756 816 -1.0
756 757 -1.0
757 817 -1.0
757 758 -1.0
758 818 -1.0
758 759 -1.0
759 819 -1.0
759 760 -1.0
760 820 -1.0
760 761 -1.0
761 821 -1.0
761 762 -1.0
762 822 -1.0
762 763 -1.0
763 823 -1.0
763 764 -1.0
764 824 -1.0
764 765 -1.0
765 825 -1.0
765 766 -1.0
766 826 -1.0
766 767 -1.0
767 827 -1.0
767 768 -1.0
768 828 -1.0
768 769 -1.0
769 829 -1.0
769 770 -1.0
770 830 -1.0
770 771 -1.0
771 831 -1.0
771 772 -1.0
772 832 -1.0
772 773 -1.0
773 833 -1.0
773 774 -1.0
774 834 -1.0
774 775 -1.0
775 835 -1.0
775 776 -1.0
776 836 -1.0
776 777 -1.0
777 837 -1.0
777 778 -1.0
778 838 -1.0
778 779 -1.0
779 839 -1.0
779 780 -1.0
780 840 -1.0
781 841 -1.0
781 840 -1.0
781 782 -1.0
782 842 -1.0
782 783 -1.0
783 843 -1.0
783 784 -1.0
784 844 -1.0
784 785 -1.0
785 845 -1.0
785 786 -1.0
786 846 -1.0
786 787 -1.0
787 847 -1.0
787 788 -1.0
788 848 -1.0
788 789 -1.0
789 849 -1.0
789 790 -1.0
790 850 -1.0
790 791 -1.0
791 851 -1.0
791 792 -1.0
792 852 -1.0
792 793 -1.0
793 853 -1.0
793 794 -1.0
794 854 -1.0
794 795 -1.0
795 855 -1.0
795 796 -1.0
796 856 -1.0
796 797 -1.0
797 857 -1.0
797 798 -1.0
798 858 -1.0
798 799 -1.0
799 859 -1.0
799 800 -1.0
800 860 -1.0
800 801 -1.0
801 861 -1.0
801 802 -1.0
802 862 -1.0
802 803 -1.0
803 863 -1.0
803 804 -1.0
804 864 -1.0
804 805 -1.0
805 865 -1.0
805 806 -1.0
806 866 -1.0
806 807 -1.0
807 867 -1.0
807 808 -1.0
808 868 -1.0
808 809 -1.0
809 869 -1.0
809 810 -1.0
810 870 -1.0
810 811 -1.0
811 871 -1.0
811 812 -1.0
812 872 -1.0
812 813 -1.0
813 873 -1.0
813 814 -1.0
814 874 -1.0
814 815 -1.0
815 875 -1.0
815 816 -1.0
816 876 -1.0
816 817 -1.0
817 877 -1.0
817 818 -1.0
818 878 -1.0
818 819 -1.0
819 879 -1.0
819 820 -1.0
820 880 -1.0
820 821 -1.0
821 881 -1.0
821 822 -1.0
822 882 -1.0
822 823 -1.0
823 883 -1.0
823 824 -1.0
824 884 -1.0
824 825 -1.0
825 885 -1.0
825 826 -1.0
826 886 -1.0
826 827 -1.0
827 887 -1.0
827 828 -1.0
828 888 -1.0
828 829 -1.0
829 889 -1.0
829 830 -1.0
830 890 -1.0
830 831 -1.0
831 891 -1.0
831 832 -1.0
832 892 -1.0
832 833 -1.0
833 893 -1.0
833 834 -1.0
834 894 -1.0
834 835 -1.0
835 895 -1.0
835 836 -1.0
836 896 -1.0
836 837 -1.0
837 897 -1.0
837 838 -1.0
838 898 -1.0
838 839 -1.0
839 899 -1.0
839 840 -1.0
840 900 -1.0
841 901 -1.0
841 900 -1.0
841 842 -1.0
842 902 -1.0
842 843 -1.0
843 903 -1.0
843 844 -1.0
844 904 -1.0
844 845 -1.0
845 905 -1.0
845 846 -1.0
846 906 -1.0
846 847 -1.0
847 907 -1.0
847 848 -1.0
848 908 -1.0
848 849 -1.0
849 909 -1.0
849 850 -1.0
850 910 -1.0
850 851 -1.0
851 911 -1.0
851 852 -1.0
852 912 -1.0
852 853 -1.0
853 913 -1.0
853 854 -1.0
854 914 -1.0
854 855 -1.0
855 915 -1.0
855 856 -1.0
856 916 -1.0
856 857 -1.0
857 917 -1.0
857 858 -1.0
858 918 -1.0
858 859 -1.0
859 919 -1.0
859 860 -1.0
860 920 -1.0
860 861 -1.0
861 921 -1.0
861 862 -1.0
862 922 -1.0
862 863 -1.0
863 923 -1.0
863 864 -1.0
864 924 -1.0
864 865 -1.0
865 925 -1.0
865 866 -1.0
866 926 -1.0
866 867 -1.0
867 927 -1.0
867 868 -1.0
868 928 -1.0
868 869 -1.0
869 929 -1.0
869 870 -1.0
870 930 -1.0
870 871 -1.0
871 931 -1.0
871 872 -1.0
872 932 -1.0
872 873 -1.0
873 933 -1.0
873 874 -1.0
874 934 -1.0
874 875 -1.0
875 935 -1.0
875 876 -1.0
876 936 -1.0
876 877 -1.0
877 937 -1.0
877 878 -1.0
878 938 -1.0
878 879 -1.0
879 939 -1.0
879 880 -1.0
880 940 -1.0
880 881 -1.0
881 941 -1.0
881 882 -1.0
882 942 -1.0
882 883 -1.0
883 943 -1.0
883 884 -1.0
884 944 -1.0
884 885 -1.0
885 945 -1.0
885 886 -1.0
886 946 -1.0
886 887 -1.0
887 947 -1.0
887 888 -1.0
888 948 -1.0
888 889 -1.0
889 949 -1.0
889 890 -1.0
890 950 -1.0
890 891 -1.0
891 951 -1.0
891 892 -1.0
892 952 -1.0
892 893 -1.0
893 953 -1.0
893 894 -1.0
894 954 -1.0
894 895 -1.0
895 955 -1.0
895 896 -1.0
896 956 -1.0
896 897 -1.0
897 957 -1.0
897 898 -1.0
898 958 -1.0
898 899 -1.0
899 959 -1.0
899 900 -1.0
900 960 -1.0
901 961 -1.0
901 960 -1.0
901 902 -1.0
902 962 -1.0
902 903 -1.0
903 963 -1.0
903 904 -1.0
904 964 -1.0
904 905 -1.0
905 965 -1.0
905 906 -1.0
906 966 -1.0
906 907 -1.0
907 967 -1.0
907 908 -1.0
908 968 -1.0
908 909 -1.0
909 969 -1.0
909 910 -1.0
910 970 -1.0
910 911 -1.0
911 971 -1.0
911 912 -1.0
912 972 -1.0
912 913 -1.0
913 973 -1.0
913 914 -1.0
914 974 -1.0
914 915 -1.0
915 975 -1.0
915 916 -1.0
916 976 -1.0
916 917 -1.0
917 977 -1.0
917 918 -1.0
918 978 -1.0
918 919 -1.0
919 979 -1.0
919 920 -1.0
920 980 -1.0
920 921 -1.0
921 981 -1.0
921 922 -1.0
922 982 -1.0
922 923 -1.0
923 983 -1.0
923 924 -1.0
924 984 -1.0
924 925 -1.0
925 985 -1.0
925 926 -1.0
926 986 -1.0
926 927 -1.0
927 987 -1.0
927 928 -1.0
928 988 -1.0
928 929 -1.0
929 989 -1.0
929 930 -1.0
930 990 -1.0
930 931 -1.0
931 991 -1.0
931 932 -1.0
932 992 -1.0
932 933 -1.0
933 993 -1.0
933 934 -1.0
934 994 -1.0
934 935 -1.0
935 995 -1.0
935 936 -1.0
936 996 -1.0
936 937 -1.0
937 997 -1.0
937 938 -1.0
938 998 -1.0
938 939 -1.0
939 999 -1.0
939 940 -1.0
940 1000 -1.0
940 941 -1.0
941 1001 -1.0
941 942 -1.0
942 1002 -1.0
942 943 -1.0
943 1003 -1.0
943 944 -1.0
944 1004 -1.0
944 945 -1.0
945 1005 -1.0
945 946 -1.0
946 1006 -1.0
946 947 -1.0
947 1007 -1.0
947 948 -1.0
948 1008 -1.0
948 949 -1.0
949 1009 -1.0
949 950 -1.0
950 1010 -1.0
950 951 -1.0
951 1011 -1.0
951 952 -1.0
952 1012 -1.0
952 953 -1.0
953 1013 -1.0
953 954 -1.0
954 1014 -1.0
954 955 -1.0
955 1015 -1.0
955 956 -1.0
956 1016 -1.0
956 957 -1.0
957 1017 -1.0
957 958 -1.0
958 1018 -1.0
958 959 -1.0
959 1019 -1.0
959 960 -1.0
960 1020 -1.0
961 1021 -1.0
961 1020 -1.0
961 962 -1.0
962 1022 -1.0
962 963 -1.0
963 1023 -1.0
963 964 -1.0
964 1024 -1.0
964 965 -1.0
965 1025 -1.0
965 966 -1.0
966 1026 -1.0
966 967 -1.0
967 1027 -1.0
967 968 -1.0
968 1028 -1.0
968 969 -1.0
969 1029 -1.0
969 970 -1.0
970 1030 -1.0
970 971 -1.0
971 1031 -1.0
971 972 -1.0
972 1032 -1.0
972 973 -1.0
973 1033 -1.0
973 974 -1.0
974 1034 -1.0
974 975 -1.0
975 1035 -1.0
975 976 -1.0
976 1036 -1.0
976 977 -1.0
977 1037 -1.0
977 978 -1.0
978 1038 -1.0
978 979 -1.0
979 1039 -1.0
979 980 -1.0
980 1040 -1.0
980 981 -1.0
981 1041 -1.0
981 982 -1.0
982 1042 -1.0
982 983 -1.0
983 1043 -1.0
983 984 -1.0
984 1044 -1.0
984 985 -1.0
985 1045 -1.0
985 986 -1.0
986 1046 -1.0
986 987 -1.0
987 1047 -1.0
987 988 -1.0
988 1048 -1.0
988 989 -1.0
989 1049 -1.0
989 990 -1.0
990 1050 -1.0
990 991 -1.0
991 1051 -1.0
991 992 -1.0
992 1052 -1.0
992 993 -1.0
993 1053 -1.0
993 994 -1.0
994 1054 -1.0
994 995 -1.0
995 1055 -1.0
995 996 -1.0
996 1056 -1.0
996 997 -1.0
997 1057 -1.0
997 998 -1.0
998 1058 -1.0
998 999 -1.0
999 1059 -1.0
999 1000 -1.0
1000 1060 -1.0
1000 1001 -1.0
1001 1061 -1.0
1001 1002 -1.0
1002 1062 -1.0
1002 1003 -1.0
1003 1063 -1.0
1003 1004 -1.0
1004 1064 -1.0
1004 1005 -1.0
1005 1065 -1.0
1005 1006 -1.0
1006 1066 -1.0
1006 1007 -1.0
1007 1067 -1.0
1007 1008 -1.0
1008 1068 -1.0
1008 1009 -1.0
1009 1069 -1.0
1009 1010 -1.0
1010 1070 -1.0
1010 1011 -1.0
1011 1071 -1.0
1011 1012 -1.0
1012 1072 -1.0
1012 1013 -1.0
1013 1073 -1.0
1013 1014 -1.0
1014 1074 -1.0
1014 1015 -1.0
1015 1075 -1.0
1015 1016 -1.0
1016 1076 -1.0
1016 1017 -1.0
1017 1077 -1.0
1017 1018 -1.0
1018 1078 -1.0
1018 1019 -1.0
1019 1079 -1.0
1019 1020 -1.0
1020 1080 -1.0
1021 1081 -1.0
1021 1080 -1.0
1021 1022 -1.0
1022 1082 -1.0
1022 1023 -1.0
1023 1083 -1.0
1023 1024 -1.0
1024 1084 -1.0
1024 1025 -1.0
1025 1085 -1.0
1025 1026 -1.0
1026 1086 -1.0
1026 1027 -1.0
1027 1087 -1.0
1027 1028 -1.0
1028 1088 -1.0
1028 1029 -1.0
1029 1089 -1.0
1029 1030 -1.0
1030 1090 -1.0
1030 1031 -1.0
1031 1091 -1.0
1031 1032 -1.0
1032 1092 -1.0
1032 1033 -1.0
1033 1093 -1.0
1033 1034 -1.0
1034 1094 -1.0
1034 1035 -1.0
1035 1095 -1.0
1035 1036 -1.0
1036 1096 -1.0
1036 1037 -1.0
1037 1097 -1.0
1037 1038 -1.0
1038 1098 -1.0
1038 1039 -1.0
1039 1099 -1.0
1039 1040 -1.0
1040 1100 -1.0
1040 1041 -1.0
1041 1101 -1.0
1041 1042 -1.0
1042 1102 -1.0
1042 1043 -1.0
1043 1103 -1.0
1043 1044 -1.0
1044 1104 -1.0
1044 1045 -1.0
1045 1105 -1.0
1045 1046 -1.0
1046 1106 -1.0
1046 1047 -1.0
1047 1107 -1.0
1047 1048 -1.0
1048 1108 -1.0
1048 1049 -1.0
1049 1109 -1.0
1049 1050 -1.0
1050 1110 -1.0
1050 1051 -1.0
1051 1111 -1.0
1051 1052 -1.0
1052 1112 -1.0
1052 1053 -1.0
1053 1113 -1.0
1053 1054 -1.0
1054 1114 -1.0
1054 1055 -1.0
1055 1115 -1.0
1055 1056 -1.0
1056 1116 -1.0
1056 1057 -1.0
1057 1117 -1.0
1057 1058 -1.0
1058 1118 -1.0
1058 1059 -1.0
1059 1119 -1.0
1059 1060 -1.0
1060 1120 -1.0
1060 1061 -1.0
1061 1121 -1.0
1061 1062 -1.0
1062 1122 -1.0
1062 1063 -1.0
1063 1123 -1.0
1063 1064 -1.0
1064 1124 -1.0
1064 1065 -1.0
1065 1125 -1.0
1065 1066 -1.0
1066 1126 -1.0
1066 1067 -1.0
1067 1127 -1.0
1067 1068 -1.0
1068 1128 -1.0
1068 1069 -1.0
1069 1129 -1.0
1069 1070 -1.0
1070 1130 -1.0
1070 1071 -1.0
1071 1131 -1.0
1071 1072 -1.0
1072 1132 -1.0
1072 1073 -1.0
1073 1133 -1.0
1073 1074 -1.0
1074 1134 -1.0
1074 1075 -1.0
1075 1135 -1.0
1075 1076 -1.0
1076 1136 -1.0
1076 1077 -1.0
1077 1137 -1.0
1077 1078 -1.0
1078 1138 -1.0
1078 1079 -1.0
1079 1139 -1.0
1079 1080 -1.0
1080 1140 -1.0
1081 1141 -1.0
1081 1140 -1.0
1081 1082 -1.0
1082 1142 -1.0
1082 1083 -1.0
1083 1143 -1.0
1083 1084 -1.0
1084 1144 -1.0
1084 1085 -1.0
1085 1145 -1.0
1085 1086 -1.0
1086 1146 -1.0
1086 1087 -1.0
1087 1147 -1.0
1087 1088 -1.0
1088 1148 -1.0
1088 1089 -1.0
1089 1149 -1.0
1089 1090 -1.0
1090 1150 -1.0
1090 1091 -1.0
1091 1151 -1.0
1091 1092 -1.0
1092 1152 -1.0
1092 1093 -1.0
1093 1153 -1.0
1093 1094 -1.0
1094 1154 -1.0
1094 1095 -1.0
1095 1155 -1.0
1095 1096 -1.0
1096 1156 -1.0
1096 1097 -1.0
1097 1157 -1.0
1097 1098 -1.0
1098 1158 -1.0
1098 1099 -1.0
1099 1159 -1.0
1099 1100 -1.0
1100 1160 -1.0
1100 1101 -1.0
1101 1161 -1.0
1101 1102 -1.0
1102 1162 -1.0
1102 1103 -1.0
1103 1163 -1.0
1103 1104 -1.0
1104 1164 -1.0
1104 1105 -1.0
1105 1165 -1.0
1105 1106 -1.0
1106 1166 -1.0
1106 1107 -1.0
1107 1167 -1.0
1107 1108 -1.0
1108 1168 -1.0
1108 1109 -1.0
1109 1169 -1.0
1109 1110 -1.0
1110 1170 -1.0
1110 1111 -1.0
1111 1171 -1.0
1111 1112 -1.0
1112 1172 -1.0
1112 1113 -1.0
1113 1173 -1.0
1113 1114 -1.0
1114 1174 -1.0
1114 1115 -1.0
1115 1175 -1.0
1115 1116 -1.0
1116 1176 -1.0
1116 1117 -1.0
1117 1177 -1.0
1117 1118 -1.0
1118 1178 -1.0
1118 1119 -1.0
1119 1179 -1.0
1119 1120 -1.0
1120 1180 -1.0
1120 1121 -1.0
1121 1181 -1.0
1121 1122 -1.0
1122 1182 -1.0
1122 1123 -1.0
1123 1183 -1.0
1123 1124 -1.0
1124 1184 -1.0
1124 1125 -1.0
1125 1185 -1.0
1125 1126 -1.0
1126 1186 -1.0
1126 1127 -1.0
1127 1187 -1.0
1127 1128 -1.0
1128 1188 -1.0
1128 1129 -1.0
1129 1189 -1.0
1129 1130 -1.0
1130 1190 -1.0
1130 1131 -1.0
1131 1191 -1.0
1131 1132 -1.0
1132 1192 -1.0
1132 1133 -1.0
1133 1193 -1.0
1133 1134 -1.0
1134 1194 -1.0
1134 1135 -1.0
1135 1195 -1.0
1135 1136 -1.0
1136 1196 -1.0
1136 1137 -1.0
1137 1197 -1.0
1137 1138 -1.0
1138 1198 -1.0
1138 1139 -1.0
1139 1199 -1.0
1139 1140 -1.0
1140 1200 -1.0
1141 1201 -1.0
1141 1200 -1.0
1141 1142 -1.0
1142 1202 -1.0
1142 1143 -1.0
1143 1203 -1.0
1143 1144 -1.0
1144 1204 -1.0
1144 1145 -1.0
1145 1205 -1.0
1145 1146 -1.0
1146 1206 -1.0
1146 1147 -1.0
1147 1207 -1.0
1147 1148 -1.0
1148 1208 -1.0
1148 1149 -1.0
1149 1209 -1.0
1149 1150 -1.0
1150 1210 -1.0
1150 1151 -1.0
1151 1211 -1.0
1151 1152 -1.0
1152 1212 -1.0
1152 1153 -1.0
1153 1213 -1.0
1153 1154 -1.0
1154 1214 -1.0
1154 1155 -1.0
1155 1215 -1.0
1155 1156 -1.0
1156 1216 -1.0
1156 1157 -1.0
1157 1217 -1.0
1157 1158 -1.0
1158 1218 -1.0
1158 1159 -1.0
1159 1219 -1.0
1159 1160 -1.0
1160 1220 -1.0
1160 1161 -1.0
1161 1221 -1.0
1161 1162 -1.0
1162 1222 -1.0
1162 1163 -1.0
1163 1223 -1.0
1163 1164 -1.0
1164 1224 -1.0
1164 1165 -1.0
1165 1225 -1.0
1165 1166 -1.0
1166 1226 -1.0
1166 1167 -1.0
1167 1227 -1.0
1167 1168 -1.0
1168 1228 -1.0
1168 1169 -1.0
1169 1229 -1.0
1169 1170 -1.0
1170 1230 -1.0
1170 1171 -1.0
1171 1231 -1.0
1171 1172 -1.0
1172 1232 -1.0
1172 1173 -1.0
1173 1233 -1.0
1173 1174 -1.0
1174 1234 -1.0
1174 1175 -1.0
1175 1235 -1.0
1175 1176 -1.0
1176 1236 -1.0
1176 1177 -1.0
1177 1237 -1.0
1177 1178 -1.0
1178 1238 -1.0
1178 1179 -1.0
1179 1239 -1.0
1179 1180 -1.0
1180 1240 -1.0
1180 1181 -1.0
1181 1241 -1.0
1181 1182 -1.0
1182 1242 -1.0
1182 1183 -1.0
1183 1243 -1.0
1183 1184 -1.0
1184 1244 -1.0
1184 1185 -1.0
1185 1245 -1.0
1185 1186 -1.0
1186 1246 -1.0
1186 1187 -1.0
1187 1247 -1.0
1187 1188 -1.0
1188 1248 -1.0
1188 1189 -1.0
1189 1249 -1.0
1189 1190 -1.0
1190 1250 -1.0
1190 1191 -1.0
1191 1251 -1.0
1191 1192 -1.0
1192 1252 -1.0
1192 1193 -1.0
1193 1253 -1.0
1193 1194 -1.0
1194 1254 -1.0
1194 1195 -1.0
1195 1255 -1.0
1195 1196 -1.0
1196 1256 -1.0
1196 1197 -1.0
1197 1257 -1.0
1197 1198 -1.0
1198 1258 -1.0
1198 1199 -1.0
1199 1259 -1.0
1199 1200 -1.0
1200 1260 -1.0
1201 1261 -1.0
1201 1260 -1.0
1201 1202 -1.0
1202 1262 -1.0
1202 1203 -1.0
1203 1263 -1.0
1203 1204 -1.0
1204 1264 -1.0
1204 1205 -1.0
1205 1265 -1.0
1205 1206 -1.0
1206 1266 -1.0
1206 1207 -1.0
1207 1267 -1.0
1207 1208 -1.0
1208 1268 -1.0
1208 1209 -1.0
1209 1269 -1.0
1209 1210 -1.0
1210 1270 -1.0
1210 1211 -1.0
1211 1271 -1.0
1211 1212 -1.0
1212 1272 -1.0
1212 1213 -1.0
1213 1273 -1.0
1213 1214 -1.0
1214 1274 -1.0
1214 1215 -1.0
1215 1275 -1.0
1215 1216 -1.0
1216 1276 -1.0
1216 1217 -1.0
1217 1277 -1.0
1217 1218 -1.0
1218 1278 -1.0
1218 1219 -1.0
1219 1279 -1.0
1219 1220 -1.0
1220 1280 -1.0
1220 1221 -1.0
1221 1281 -1.0
1221 1222 -1.0
1222 1282 -1.0
1222 1223 -1.0
1223 1283 -1.0
1223 1224 -1.0
1224 1284 -1.0
1224 1225 -1.0
1225 1285 -1.0
1225 1226 -1.0
1226 1286 -1.0
1226 1227 -1.0
1227 1287 -1.0
1227 1228 -1.0
1228 1288 -1.0
1228 1229 -1.0
1229 1289 -1.0
1229 1230 -1.0
1230 1290 -1.0
1230 1231 -1.0
1231 1291 -1.0
1231 1232 -1.0
1232 1292 -1.0
1232 1233 -1.0
1233 1293 -1.0
1233 1234 -1.0
1234 1294 -1.0
1234 1235 -1.0
1235 1295 -1.0
1235 1236 -1.0
1236 1296 -1.0
1236 1237 -1.0
1237 1297 -1.0
1237 1238 -1.0
1238 1298 -1.0
1238 1239 -1.0
1239 1299 -1.0
1239 1240 -1.0
1240 1300 -1.0
1240 1241 -1.0
1241 1301 -1.0
1241 1242 -1.0
1242 1302 -1.0
1242 1243 -1.0
1243 1303 -1.0
1243 1244 -1.0
1244 1304 -1.0
1244 1245 -1.0
1245 1305 -1.0
1245 1246 -1.0
1246 1306 -1.0
1246 1247 -1.0
1247 1307 -1.0
1247 1248 -1.0
1248 1308 -1.0
1248 1249 -1.0
1249 1309 -1.0
1249 1250 -1.0
1250 1310 -1.0
1250 1251 -1.0
1251 1311 -1.0
1251 1252 -1.0
1252 1312 -1.0
1252 1253 -1.0
1253 1313 -1.0
1253 1254 -1.0
1254 1314 -1.0
1254 1255 -1.0
1255 1315 -1.0
1255 1256 -1.0
1256 1316 -1.0
1256 1257 -1.0
1257 1317 -1.0
1257 1258 -1.0
1258 1318 -1.0
1258 1259 -1.0
1259 1319 -1.0
1259 1260 -1.0
1260 1320 -1.0
1261 1321 -1.0
1261 1320 -1.0
1261 1262 -1.0
1262 1322 -1.0
1262 1263 -1.0
1263 1323 -1.0
1263 1264 -1.0
1264 1324 -1.0
1264 1265 -1.0
1265 1325 -1.0
1265 1266 -1.0
1266 1326 -1.0
1266 1267 -1.0
1267 1327 -1.0
1267 1268 -1.0
1268 1328 -1.0
1268 1269 -1.0
1269 1329 -1.0
1269 1270 -1.0
1270 1330 -1.0
1270 1271 -1.0
1271 1331 -1.0
1271 1272 -1.0
1272 1332 -1.0
1272 1273 -1.0
1273 1333 -1.0
1273 1274 -1.0
1274 1334 -1.0
1274 1275 -1.0
1275 1335 -1.0
1275 1276 -1.0
1276 1336 -1.0
1276 1277 -1.0
1277 1337 -1.0
1277 1278 -1.0
1278 1338 -1.0
1278 1279 -1.0
1279 1339 -1.0
1279 1280 -1.0
1280 1340 -1.0
1280 1281 -1.0
1281 1341 -1.0
1281 1282 -1.0
1282 1342 -1.0
1282 1283 -1.0
1283 1343 -1.0
1283 1284 -1.0
1284 1344 -1.0
1284 1285 -1.0
1285 1345 -1.0
1285 1286 -1.0
1286 1346 -1.0
1286 1287 -1.0
1287 1347 -1.0
1287 1288 -1.0
1288 1348 -1.0
1288 1289 -1.0
1289 1349 -1.0
1289 1290 -1.0
1290 1350 -1.0
1290 1291 -1.0
1291 1351 -1.0
1291 1292 -1.0
1292 1352 -1.0
1292 1293 -1.0
1293 1353 -1.0
1293 1294 -1.0
1294 1354 -1.0
1294 1295 -1.0
1295 1355 -1.0
1295 1296 -1.0
1296 1356 -1.0
1296 1297 -1.0
1297 1357 -1.0
1297 1298 -1.0
1298 1358 -1.0
1298 1299 -1.0
1299 1359 -1.0
1299 1300 -1.0
1300 1360 -1.0
1300 1301 -1.0
1301 1361 -1.0
1301 1302 -1.0
1302 1362 -1.0
1302 1303 -1.0
1303 1363 -1.0
1303 1304 -1.0
1304 1364 -1.0
1304 1305 -1.0
1305 1365 -1.0
1305 1306 -1.0
1306 1366 -1.0
1306 1307 -1.0
1307 1367 -1.0
1307 1308 -1.0
1308 1368 -1.0
1308 1309 -1.0
1309 1369 -1.0
1309 1310 -1.0
1310 1370 -1.0
1310 1311 -1.0
1311 1371 -1.0
1311 1312 -1.0
1312 1372 -1.0
1312 1313 -1.0
1313 1373 -1.0
1313 1314 -1.0
1314 1374 -1.0
1314 1315 -1.0
1315 1375 -1.0
1315 1316 -1.0
1316 1376 -1.0
1316 1317 -1.0
1317 1377 -1.0
1317 1318 -1.0
1318 1378 -1.0
1318 1319 -1.0
1319 1379 -1.0
1319 1320 -1.0
1320 1380 -1.0
1321 1381 -1.0
1321 1380 -1.0
1321 1322 -1.0
1322 1382 -1.0
1322 1323 -1.0
1323 1383 -1.0
1323 1324 -1.0
1324 1384 -1.0
1324 1325 -1.0
1325 1385 -1.0
1325 1326 -1.0
1326 1386 -1.0
1326 1327 -1.0
1327 1387 -1.0
1327 1328 -1.0
1328 1388 -1.0
1328 1329 -1.0
1329 1389 -1.0
1329 1330 -1.0
1330 1390 -1.0
1330 1331 -1.0
1331 1391 -1.0
1331 1332 -1.0
1332 1392 -1.0
1332 1333 -1.0
1333 1393 -1.0
1333 1334 -1.0
1334 1394 -1.0
1334 1335 -1.0
1335 1395 -1.0
1335 1336 -1.0
1336 1396 -1.0
1336 1337 -1.0
1337 1397 -1.0
1337 1338 -1.0
1338 1398 -1.0
1338 1339 -1.0
1339 1399 -1.0
1339 1340 -1.0
1340 1400 -1.0
1340 1341 -1.0
1341 1401 -1.0
1341 1342 -1.0
1342 1402 -1.0
1342 1343 -1.0
1343 1403 -1.0
1343 1344 -1.0
1344 1404 -1.0
1344 1345 -1.0
1345 1405 -1.0
1345 1346 -1.0
1346 1406 -1.0
1346 1347 -1.0
1347 1407 -1.0
1347 1348 -1.0
1348 1408 -1.0
1348 1349 -1.0
1349 1409 -1.0
1349 1350 -1.0
1350 1410 -1.0
1350 1351 -1.0
1351 1411 -1.0
1351 1352 -1.0
1352 1412 -1.0
1352 1353 -1.0
1353 1413 -1.0
1353 1354 -1.0
1354 1414 -1.0
1354 1355 -1.0
1355 1415 -1.0
1355 1356 -1.0
1356 1416 -1.0
1356 1357 -1.0
1357 1417 -1.0
1357 1358 -1.0
1358 1418 -1.0
1358 1359 -1.0
1359 1419 -1.0
1359 1360 -1.0
1360 1420 -1.0
1360 1361 -1.0
1361 1421 -1.0
1361 1362 -1.0
1362 1422 -1.0
1362 1363 -1.0
1363 1423 -1.0
1363 1364 -1.0
1364 1424 -1.0
1364 1365 -1.0
1365 1425 -1.0
1365 1366 -1.0
1366 1426 -1.0
1366 1367 -1.0
1367 1427 -1.0
1367 1368 -1.0
1368 1428 -1.0
1368 1369 -1.0
1369 1429 -1.0
1369 1370 -1.0
1370 1430 -1.0
1370 1371 -1.0
1371 1431 -1.0
1371 1372 -1.0
1372 1432 -1.0
1372 1373 -1.0
1373 1433 -1.0
1373 1374 -1.0
1374 1434 -1.0
1374 1375 -1.0
1375 1435 -1.0
1375 1376 -1.0
1376 1436 -1.0
1376 1377 -1.0
1377 1437 -1.0
1377 1378 -1.0
1378 1438 -1.0
1378 1379 -1.0
1379 1439 -1.0
1379 1380 -1.0
1380 1440 -1.0
1381 1441 -1.0
1381 1440 -1.0
1381 1382 -1.0
1382 1442 -1.0
1382 1383 -1.0
1383 1443 -1.0
1383 1384 -1.0
1384 1444 -1.0
1384 1385 -1.0
1385 1445 -1.0
1385 1386 -1.0
1386 1446 -1.0
1386 1387 -1.0
1387 1447 -1.0
1387 1388 -1.0
1388 1448 -1.0
1388 1389 -1.0
1389 1449 -1.0
1389 1390 -1.0
1390 1450 -1.0
1390 1391 -1.0
1391 1451 -1.0
1391 1392 -1.0
1392 1452 -1.0
1392 1393 -1.0
1393 1453 -1.0
1393 1394 -1.0
1394 1454 -1.0
1394 1395 -1.0
1395 1455 -1.0
1395 1396 -1.0
1396 1456 -1.0
1396 1397 -1.0
1397 1457 -1.0
1397 1398 -1.0
1398 1458 -1.0
1398 1399 -1.0
1399 1459 -1.0
1399 1400 -1.0
1400 1460 -1.0
1400 1401 -1.0
1401 1461 -1.0
1401 1402 -1.0
1402 1462 -1.0
1402 1403 -1.0
1403 1463 -1.0
1403 1404 -1.0
1404 1464 -1.0
1404 1405 -1.0
1405 1465 -1.0
1405 1406 -1.0
1406 1466 -1.0
1406 1407 -1.0
1407 1467 -1.0
1407 1408 -1.0
1408 1468 -1.0
1408 1409 -1.0
1409 1469 -1.0
1409 1410 -1.0
1410 1470 -1.0
1410 1411 -1.0
1411 1471 -1.0
1411 1412 -1.0
1412 1472 -1.0
1412 1413 -1.0
1413 1473 -1.0
1413 1414 -1.0
1414 1474 -1.0
1414 1415 -1.0
1415 1475 -1.0
1415 1416 -1.0
1416 1476 -1.0
1416 1417 -1.0
1417 1477 -1.0
1417 1418 -1.0
1418 1478 -1.0
1418 1419 -1.0
1419 1479 -1.0
1419 1420 -1.0
1420 1480 -1.0
1420 1421 -1.0
1421 1481 -1.0
1421 1422 -1.0
1422 1482 -1.0
1422 1423 -1.0
1423 1483 -1.0
1423 1424 -1.0
1424 1484 -1.0
1424 1425 -1.0
1425 1485 -1.0
1425 1426 -1.0
1426 1486 -1.0
1426 1427 -1.0
1427 1487 -1.0
1427 1428 -1.0
1428 1488 -1.0
1428 1429 -1.0
1429 1489 -1.0
1429 1430 -1.0
1430 1490 -1.0
1430 1431 -1.0
1431 1491 -1.0
1431 1432 -1.0
1432 1492 -1.0
1432 1433 -1.0
1433 1493 -1.0
1433 1434 -1.0
1434 1494 -1.0
1434 1435 -1.0
1435 1495 -1.0
1435 1436 -1.0
1436 1496 -1.0
1436 1437 -1.0
1437 1497 -1.0
1437 1438 -1.0
1438 1498 -1.0
1438 1439 -1.0
1439 1499 -1.0
1439 1440 -1.0
1440 1500 -1.0
1441 1501 -1.0
1441 1500 -1.0
1441 1442 -1.0
1442 1502 -1.0
1442 1443 -1.0
1443 1503 -1.0
1443 1444 -1.0
1444 1504 -1.0
1444 1445 -1.0
1445 1505 -1.0
1445 1446 -1.0
1446 1506 -1.0
1446 1447 -1.0
1447 1507 -1.0
1447 1448 -1.0
1448 1508 -1.0
1448 1449 -1.0
1449 1509 -1.0
1449 1450 -1.0
1450 1510 -1.0
1450 1451 -1.0
1451 1511 -1.0
1451 1452 -1.0
1452 1512 -1.0
1452 1453 -1.0
1453 1513 -1.0
1453 1454 -1.0
1454 1514 -1.0
1454 1455 -1.0
1455 1515 -1.0
1455 1456 -1.0
1456 1516 -1.0
1456 1457 -1.0
1457 1517 -1.0
1457 1458 -1.0
1458 1518 -1.0
1458 1459 -1.0
1459 1519 -1.0
1459 1460 -1.0
1460 1520 -1.0
1460 1461 -1.0
1461 1521 -1.0
1461 1462 -1.0
1462 1522 -1.0
1462 1463 -1.0
1463 1523 -1.0
1463 1464 -1.0
1464 1524 -1.0
1464 1465 -1.0
1465 1525 -1.0
1465 1466 -1.0
1466 1526 -1.0
1466 1467 -1.0
1467 1527 -1.0
1467 1468 -1.0
1468 1528 -1.0
1468 1469 -1.0
1469 1529 -1.0
1469 1470 -1.0
1470 1530 -1.0
1470 1471 -1.0
1471 1531 -1.0
1471 1472 -1.0
1472 1532 -1.0
1472 1473 -1.0
1473 1533 -1.0
1473 1474 -1.0
1474 1534 -1.0
1474 1475 -1.0
1475 1535 -1.0
1475 1476 -1.0
1476 1536 -1.0
1476 1477 -1.0
1477 1537 -1.0
1477 1478 -1.0
1478 1538 -1.0
1478 1479 -1.0
1479 1539 -1.0
1479 1480 -1.0
1480 1540 -1.0
1480 1481 -1.0
1481 1541 -1.0
1481 1482 -1.0
1482 1542 -1.0
1482 1483 -1.0
1483 1543 -1.0
1483 1484 -1.0
1484 1544 -1.0
1484 1485 -1.0
1485 1545 -1.0
1485 1486 -1.0
1486 1546 -1.0
1486 1487 -1.0
1487 1547 -1.0
1487 1488 -1.0
1488 1548 -1.0
1488 1489 -1.0
1489 1549 -1.0
1489 1490 -1.0
1490 1550 -1.0
1490 1491 -1.0
1491 1551 -1.0
1491 1492 -1.0
1492 1552 -1.0
1492 1493 -1.0
1493 1553 -1.0
1493 1494 -1.0
1494 1554 -1.0
1494 1495 -1.0
1495 1555 -1.0
1495 1496 -1.0
1496 1556 -1.0
1496 1497 -1.0
1497 1557 -1.0
1497 1498 -1.0
1498 1558 -1.0
1498 1499 -1.0
1499 1559 -1.0
1499 1500 -1.0
1500 1560 -1.0
1501 1561 -1.0
1501 1560 -1.0
1501 1502 -1.0
1502 1562 -1.0
1502 1503 -1.0
1503 1563 -1.0
1503 1504 -1.0
1504 1564 -1.0
1504 1505 -1.0
1505 1565 -1.0
1505 1506 -1.0
1506 1566 -1.0
1506 1507 -1.0
1507 1567 -1.0
1507 1508 -1.0
1508 1568 -1.0
1508 1509 -1.0
1509 1569 -1.0
1509 1510 -1.0
1510 1570 -1.0
1510 1511 -1.0
1511 1571 -1.0
1511 1512 -1.0
1512 1572 -1.0
1512 1513 -1.0
1513 1573 -1.0
1513 1514 -1.0
1514 1574 -1.0
1514 1515 -1.0
1515 1575 -1.0
1515 1516 -1.0
1516 1576 -1.0
1516 1517 -1.0
1517 1577 -1.0
1517 1518 -1.0
1518 1578 -1.0
1518 1519 -1.0
1519 1579 -1.0
1519 1520 -1.0
1520 1580 -1.0
1520 1521 -1.0
1521 1581 -1.0
1521 1522 -1.0
1522 1582 -1.0
1522 1523 -1.0
1523 1583 -1.0
1523 1524 -1.0
1524 1584 -1.0
1524 1525 -1.0
1525 1585 -1.0
1525 1526 -1.0
1526 1586 -1.0
1526 1527 -1.0
1527 1587 -1.0
1527 1528 -1.0
1528 1588 -1.0
1528 1529 -1.0
1529 1589 -1.0
1529 1530 -1.0
1530 1590 -1.0
1530 1531 -1.0
1531 1591 -1.0
1531 1532 -1.0
1532 1592 -1.0
1532 1533 -1.0
1533 1593 -1.0
1533 1534 -1.0
1534 1594 -1.0
1534 1535 -1.0
1535 1595 -1.0
1535 1536 -1.0
1536 1596 -1.0
1536 1537 -1.0
1537 1597 -1.0
1537 1538 -1.0
1538 1598 -1.0
1538 1539 -1.0
1539 1599 -1.0
1539 1540 -1.0
1540 1600 -1.0
1540 1541 -1.0
1541 1601 -1.0
1541 1542 -1.0
1542 1602 -1.0
1542 1543 -1.0
1543 1603 -1.0
1543 1544 -1.0
1544 1604 -1.0
1544 1545 -1.0
1545 1605 -1.0
1545 1546 -1.0
1546 1606 -1.0
1546 1547 -1.0
1547 1607 -1.0
1547 1548 -1.0
1548 1608 -1.0
1548 1549 -1.0
1549 1609 -1.0
1549 1550 -1.0
1550 1610 -1.0
1550 1551 -1.0
1551 1611 -1.0
1551 1552 -1.0
1552 1612 -1.0
1552 1553 -1.0
1553 1613 -1.0
1553 1554 -1.0
1554 1614 -1.0
1554 1555 -1.0
1555 1615 -1.0
1555 1556 -1.0
1556 1616 -1.0
1556 1557 -1.0
1557 1617 -1.0
1557 1558 -1.0
1558 1618 -1.0
1558 1559 -1.0
1559 1619 -1.0
1559 1560 -1.0
1560 1620 -1.0
1561 1621 -1.0
1561 1620 -1.0
1561 1562 -1.0
1562 1622 -1.0
1562 1563 -1.0
1563 1623 -1.0
1563 1564 -1.0
1564 1624 -1.0
1564 1565 -1.0
1565 1625 -1.0
1565 1566 -1.0
1566 1626 -1.0
1566 1567 -1.0
1567 1627 -1.0
1567 1568 -1.0
1568 1628 -1.0
1568 1569 -1.0
1569 1629 -1.0
1569 1570 -1.0
1570 1630 -1.0
1570 1571 -1.0
1571 1631 -1.0
1571 1572 -1.0
1572 1632 -1.0
1572 1573 -1.0
1573 1633 -1.0
1573 1574 -1.0
1574 1634 -1.0
1574 1575 -1.0
1575 1635 -1.0
1575 1576 -1.0
1576 1636 -1.0
1576 1577 -1.0
1577 1637 -1.0
1577 1578 -1.0
1578 1638 -1.0
1578 1579 -1.0
1579 1639 -1.0
1579 1580 -1.0
1580 1640 -1.0
1580 1581 -1.0
1581 1641 -1.0
1581 1582 -1.0
1582 1642 -1.0
1582 1583 -1.0
1583 1643 -1.0
1583 1584 -1.0
1584 1644 -1.0
1584 1585 -1.0
1585 1645 -1.0
1585 1586 -1.0
1586 1646 -1.0
1586 1587 -1.0
1587 1647 -1.0
1587 1588 -1.0
1588 1648 -1.0
1588 1589 -1.0
1589 1649 -1.0
1589 1590 -1.0
1590 1650 -1.0
1590 1591 -1.0
1591 1651 -1.0
1591 1592 -1.0
1592 1652 -1.0
1592 1593 -1.0
1593 1653 -1.0
1593 1594 -1.0
1594 1654 -1.0
1594 1595 -1.0
1595 1655 -1.0
1595 1596 -1.0
1596 1656 -1.0
1596 1597 -1.0
1597 1657 -1.0
1597 1598 -1.0
1598 1658 -1.0
1598 1599 -1.0
1599 1659 -1.0
1599 1600 -1.0
1600 1660 -1.0
1600 1601 -1.0
1601 1661 -1.0
1601 1602 -1.0
1602 1662 -1.0
1602 1603 -1.0
1603 1663 -1.0
1603 1604 -1.0
1604 1664 -1.0
1604 1605 -1.0
1605 1665 -1.0
1605 1606 -1.0
1606 1666 -1.0
1606 1607 -1.0
1607 1667 -1.0
1607 1608 -1.0
1608 1668 -1.0
1608 1609 -1.0
1609 1669 -1.0
1609 1610 -1.0
1610 1670 -1.0
1610 1611 -1.0
1611 1671 -1.0
1611 1612 -1.0
1612 1672 -1.0
1612 1613 -1.0
1613 1673 -1.0
1613 1614 -1.0
1614 1674 -1.0
1614 1615 -1.0
1615 1675 -1.0
1615 1616 -1.0
1616 1676 -1.0
1616 1617 -1.0
1617 1677 -1.0
1617 1618 -1.0
1618 1678 -1.0
1618 1619 -1.0
1619 1679 -1.0
1619 1620 -1.0
1620 1680 -1.0
1621 1681 -1.0
1621 1680 -1.0
1621 1622 -1.0
1622 1682 -1.0
1622 1623 -1.0
1623 1683 -1.0
1623 1624 -1.0
1624 1684 -1.0
1624 1625 -1.0
1625 1685 -1.0
1625 1626 -1.0
1626 1686 -1.0
1626 1627 -1.0
1627 1687 -1.0
1627 1628 -1.0
1628 1688 -1.0
1628 1629 -1.0
1629 1689 -1.0
1629 1630 -1.0
1630 1690 -1.0
1630 1631 -1.0
1631 1691 -1.0
1631 1632 -1.0
1632 1692 -1.0
1632 1633 -1.0
1633 1693 -1.0
1633 1634 -1.0
1634 1694 -1.0
1634 1635 -1.0
1635 1695 -1.0
1635 1636 -1.0
1636 1696 -1.0
1636 1637 -1.0
1637 1697 -1.0
1637 1638 -1.0
1638 1698 -1.0
1638 1639 -1.0
1639 1699 -1.0
1639 1640 -1.0
1640 1700 -1.0
1640 1641 -1.0
1641 1701 -1.0
1641 1642 -1.0
1642 1702 -1.0
1642 1643 -1.0
1643 1703 -1.0
1643 1644 -1.0
1644 1704 -1.0
1644 1645 -1.0
1645 1705 -1.0
1645 1646 -1.0
1646 1706 -1.0
1646 1647 -1.0
1647 1707 -1.0
1647 1648 -1.0
1648 1708 -1.0
1648 1649 -1.0
1649 1709 -1.0
1649 1650 -1.0
1650 1710 -1.0
1650 1651 -1.0
1651 1711 -1.0
1651 1652 -1.0
1652 1712 -1.0
1652 1653 -1.0
1653 1713 -1.0
1653 1654 -1.0
1654 1714 -1.0
1654 1655 -1.0
1655 1715 -1.0
1655 1656 -1.0
1656 1716 -1.0
1656 1657 -1.0
1657 1717 -1.0
1657 1658 -1.0
1658 1718 -1.0
1658 1659 -1.0
1659 1719 -1.0
1659 1660 -1.0
1660 1720 -1.0
1660 1661 -1.0
1661 1721 -1.0
1661 1662 -1.0
1662 1722 -1.0
1662 1663 -1.0
1663 1723 -1.0
1663 1664 -1.0
1664 1724 -1.0
1664 1665 -1.0
1665 1725 -1.0
1665 1666 -1.0
1666 1726 -1.0
1666 1667 -1.0
1667 1727 -1.0
1667 1668 -1.0
1668 1728 -1.0
1668 1669 -1.0
1669 1729 -1.0
1669 1670 -1.0
1670 1730 -1.0
1670 1671 -1.0
1671 1731 -1.0
1671 1672 -1.0
1672 1732 -1.0
1672 1673 -1.0
1673 1733 -1.0
1673 1674 -1.0
1674 1734 -1.0
1674 1675 -1.0
1675 1735 -1.0
1675 1676 -1.0
1676 1736 -1.0
1676 1677 -1.0
1677 1737 -1.0
1677 1678 -1.0
1678 1738 -1.0
1678 1679 -1.0
1679 1739 -1.0
1679 1680 -1.0
1680 1740 -1.0
1681 1741 -1.0
1681 1740 -1.0
1681 1682 -1.0
1682 1742 -1.0
1682 1683 -1.0
1683 1743 -1.0
1683 1684 -1.0
1684 1744 -1.0
1684 1685 -1.0
1685 1745 -1.0
1685 1686 -1.0
1686 1746 -1.0
1686 1687 -1.0
1687 1747 -1.0
1687 1688 -1.0
1688 1748 -1.0
1688 1689 -1.0
1689 1749 -1.0
1689 1690 -1.0
1690 1750 -1.0
1690 1691 -1.0
1691 1751 -1.0
1691 1692 -1.0
1692 1752 -1.0
1692 1693 -1.0
1693 1753 -1.0
1693 1694 -1.0
1694 1754 -1.0
1694 1695 -1.0
1695 1755 -1.0
1695 1696 -1.0
1696 1756 -1.0
1696 1697 -1.0
1697 1757 -1.0
1697 1698 -1.0
1698 1758 -1.0
1698 1699 -1.0
1699 1759 -1.0
1699 1700 -1.0
1700 1760 -1.0
1700 1701 -1.0
1701 1761 -1.0
1701 1702 -1.0
1702 1762 -1.0
1702 1703 -1.0
1703 1763 -1.0
1703 1704 -1.0
1704 1764 -1.0
1704 1705 -1.0
1705 1765 -1.0
1705 1706 -1.0
1706 1766 -1.0
1706 1707 -1.0
1707 1767 -1.0
1707 1708 -1.0
1708 1768 -1.0
1708 1709 -1.0
1709 1769 -1.0
1709 1710 -1.0
1710 1770 -1.0
1710 1711 -1.0
1711 1771 -1.0
1711 1712 -1.0
1712 1772 -1.0
1712 1713 -1.0
1713 1773 -1.0
1713 1714 -1.0
1714 1774 -1.0
1714 1715 -1.0
1715 1775 -1.0
1715 1716 -1.0
1716 1776 -1.0
1716 1717 -1.0
1717 1777 -1.0
1717 1718 -1.0
1718 1778 -1.0
1718 1719 -1.0
1719 1779 -1.0
1719 1720 -1.0
1720 1780 -1.0
1720 1721 -1.0
1721 1781 -1.0
1721 1722 -1.0
1722 1782 -1.0
1722 1723 -1.0
1723 1783 -1.0
1723 1724 -1.0
1724 1784 -1.0
1724 1725 -1.0
1725 1785 -1.0
1725 1726 -1.0
1726 1786 -1.0
1726 1727 -1.0
1727 1787 -1.0
1727 1728 -1.0
1728 1788 -1.0
1728 1729 -1.0
1729 1789 -1.0
1729 1730 -1.0
1730 1790 -1.0
1730 1731 -1.0
1731 1791 -1.0
1731 1732 -1.0
1732 1792 -1.0
1732 1733 -1.0
1733 1793 -1.0
1733 1734 -1.0
1734 1794 -1.0
1734 1735 -1.0
1735 1795 -1.0
1735 1736 -1.0
1736 1796 -1.0
1736 1737 -1.0
1737 1797 -1.0
1737 1738 -1.0
1738 1798 -1.0
1738 1739 -1.0
1739 1799 -1.0
1739 1740 -1.0
1740 1800 -1.0
1741 1801 -1.0
1741 1800 -1.0
1741 1742 -1.0
1742 1802 -1.0
1742 1743 -1.0
1743 1803 -1.0
1743 1744 -1.0
1744 1804 -1.0
1744 1745 -1.0
1745 1805 -1.0
1745 1746 -1.0
1746 1806 -1.0
1746 1747 -1.0
1747 1807 -1.0
1747 1748 -1.0
1748 1808 -1.0
1748 1749 -1.0
1749 1809 -1.0
1749 1750 -1.0
1750 1810 -1.0
1750 1751 -1.0
1751 1811 -1.0
1751 1752 -1.0
1752 1812 -1.0
1752 1753 -1.0
1753 1813 -1.0
1753 1754 -1.0
1754 1814 -1.0
1754 1755 -1.0
1755 1815 -1.0
1755 1756 -1.0
1756 1816 -1.0
1756 1757 -1.0
1757 1817 -1.0
1757 1758 -1.0
1758 1818 -1.0
1758 1759 -1.0
1759 1819 -1.0
1759 1760 -1.0
1760 1820 -1.0
1760 1761 -1.0
1761 1821 -1.0
1761 1762 -1.0
1762 1822 -1.0
1762 1763 -1.0
1763 1823 -1.0
1763 1764 -1.0
1764 1824 -1.0
1764 1765 -1.0
1765 1825 -1.0
1765 1766 -1.0
1766 1826 -1.0
1766 1767 -1.0
1767 1827 -1.0
1767 1768 -1.0
1768 1828 -1.0
1768 1769 -1.0
1769 1829 -1.0
1769 1770 -1.0
1770 1830 -1.0
1770 1771 -1.0
1771 1831 -1.0
1771 1772 -1.0
1772 1832 -1.0
1772 1773 -1.0
1773 1833 -1.0
1773 1774 -1.0
1774 1834 -1.0
1774 1775 -1.0
1775 1835 -1.0
1775 1776 -1.0
1776 1836 -1.0
1776 1777 -1.0
1777 1837 -1.0
1777 1778 -1.0
1778 1838 -1.0
1778 1779 -1.0
1779 1839 -1.0
1779 1780 -1.0
1780 1840 -1.0
1780 1781 -1.0
1781 1841 -1.0
1781 1782 -1.0
1782 1842 -1.0
1782 1783 -1.0
1783 1843 -1.0
1783 1784 -1.0
1784 1844 -1.0
1784 1785 -1.0
1785 1845 -1.0
1785 1786 -1.0
1786 1846 -1.0
1786 1787 -1.0
1787 1847 -1.0
1787 1788 -1.0
1788 1848 -1.0
1788 1789 -1.0
1789 1849 -1.0
1789 1790 -1.0
1790 1850 -1.0
1790 1791 -1.0
1791 1851 -1.0
1791 1792 -1.0
1792 1852 -1.0
1792 1793 -1.0
1793 1853 -1.0
1793 1794 -1.0
1794 1854 -1.0
1794 1795 -1.0
1795 1855 -1.0
1795 1796 -1.0
1796 1856 -1.0
1796 1797 -1.0
1797 1857 -1.0
1797 1798 -1.0
1798 1858 -1.0
1798 1799 -1.0
1799 1859 -1.0
1799 1800 -1.0
1800 1860 -1.0
1801 1861 -1.0
1801 1860 -1.0
1801 1802 -1.0
1802 1862 -1.0
1802 1803 -1.0
1803 1863 -1.0
1803 1804 -1.0
1804 1864 -1.0
1804 1805 -1.0
1805 1865 -1.0
1805 1806 -1.0
1806 1866 -1.0
1806 1807 -1.0
1807 1867 -1.0
1807 1808 -1.0
1808 1868 -1.0
1808 1809 -1.0
1809 1869 -1.0
1809 1810 -1.0
1810 1870 -1.0
1810 1811 -1.0
1811 1871 -1.0
1811 1812 -1.0
1812 1872 -1.0
1812 1813 -1.0
1813 1873 -1.0
1813 1814 -1.0
1814 1874 -1.0
1814 1815 -1.0
1815 1875 -1.0
1815 1816 -1.0
1816 1876 -1.0
1816 1817 -1.0
1817 1877 -1.0
1817 1818 -1.0
1818 1878 -1.0
1818 1819 -1.0
1819 1879 -1.0
1819 1820 -1.0
1820 1880 -1.0
1820 1821 -1.0
1821 1881 -1.0
1821 1822 -1.0
1822 1882 -1.0
1822 1823 -1.0
1823 1883 -1.0
1823 1824 -1.0
1824 1884 -1.0
1824 1825 -1.0
1825 1885 -1.0
1825 1826 -1.0
1826 1886 -1.0
1826 1827 -1.0
1827 1887 -1.0
1827 1828 -1.0
1828 1888 -1.0
1828 1829 -1.0
1829 1889 -1.0
1829 1830 -1.0
1830 1890 -1.0
1830 1831 -1.0
1831 1891 -1.0
1831 1832 -1.0
1832 1892 -1.0
1832 1833 -1.0
1833 1893 -1.0
1833 1834 -1.0
1834 1894 -1.0
1834 1835 -1.0
1835 1895 -1.0
1835 1836 -1.0
1836 1896 -1.0
1836 1837 -1.0
1837 1897 -1.0
1837 1838 -1.0
1838 1898 -1.0
1838 1839 -1.0
1839 1899 -1.0
1839 1840 -1.0
1840 1900 -1.0
1840 1841 -1.0
1841 1901 -1.0
1841 1842 -1.0
1842 1902 -1.0
1842 1843 -1.0
1843 1903 -1.0
1843 1844 -1.0
1844 1904 -1.0
1844 1845 -1.0
1845 1905 -1.0
1845 1846 -1.0
1846 1906 -1.0
1846 1847 -1.0
1847 1907 -1.0
1847 1848 -1.0
1848 1908 -1.0
1848 1849 -1.0
1849 1909 -1.0
1849 1850 -1.0
1850 1910 -1.0
1850 1851 -1.0
1851 1911 -1.0
1851 1852 -1.0
1852 1912 -1.0
1852 1853 -1.0
1853 1913 -1.0
1853 1854 -1.0
1854 1914 -1.0
1854 1855 -1.0
1855 1915 -1.0
1855 1856 -1.0
1856 1916 -1.0
1856 1857 -1.0
1857 1917 -1.0
1857 1858 -1.0
1858 1918 -1.0
1858 1859 -1.0
1859 1919 -1.0
1859 1860 -1.0
1860 1920 -1.0
1861 1921 -1.0
1861 1920 -1.0
1861 1862 -1.0
1862 1922 -1.0
1862 1863 -1.0
1863 1923 -1.0
1863 1864 -1.0
1864 1924 -1.0
1864 1865 -1.0
1865 1925 -1.0
1865 1866 -1.0
1866 1926 -1.0
1866 1867 -1.0
1867 1927 -1.0
1867 1868 -1.0
1868 1928 -1.0
1868 1869 -1.0
1869 1929 -1.0
1869 1870 -1.0
1870 1930 -1.0
1870 1871 -1.0
1871 1931 -1.0
1871 1872 -1.0
1872 1932 -1.0
1872 1873 -1.0
1873 1933 -1.0
1873 1874 -1.0
1874 1934 -1.0
1874 1875 -1.0
1875 1935 -1.0
1875 1876 -1.0
1876 1936 -1.0
1876 1877 -1.0
1877 1937 -1.0
1877 1878 -1.0
1878 1938 -1.0
1878 1879 -1.0
1879 1939 -1.0
1879 1880 -1.0
1880 1940 -1.0
1880 1881 -1.0
1881 1941 -1.0
1881 1882 -1.0
1882 1942 -1.0
1882 1883 -1.0
1883 1943 -1.0
1883 1884 -1.0
1884 1944 -1.0
1884 1885 -1.0
1885 1945 -1.0
1885 1886 -1.0
1886 1946 -1.0
1886 1887 -1.0
1887 1947 -1.0
1887 1888 -1.0
1888 1948 -1.0
1888 1889 -1.0
1889 1949 -1.0
1889 1890 -1.0
1890 1950 -1.0
1890 1891 -1.0
1891 1951 -1.0
1891 1892 -1.0
1892 1952 -1.0
1892 1893 -1.0
1893 1953 -1.0
1893 1894 -1.0
1894 1954 -1.0
1894 1895 -1.0
1895 1955 -1.0
1895 1896 -1.0
1896 1956 -1.0
1896 1897 -1.0
1897 1957 -1.0
1897 1898 -1.0
1898 1958 -1.0
1898 1899 -1.0
1899 1959 -1.0
1899 1900 -1.0
1900 1960 -1.0
1900 1901 -1.0
1901 1961 -1.0
1901 1902 -1.0
1902 1962 -1.0
1902 1903 -1.0
1903 1963 -1.0
1903 1904 -1.0
1904 1964 -1.0
1904 1905 -1.0
1905 1965 -1.0
1905 1906 -1.0
1906 1966 -1.0
1906 1907 -1.0
1907 1967 -1.0
1907 1908 -1.0
1908 1968 -1.0
1908 1909 -1.0
1909 1969 -1.0
1909 1910 -1.0
1910 1970 -1.0
1910 1911 -1.0
1911 1971 -1.0
1911 1912 -1.0
1912 1972 -1.0
1912 1913 -1.0
1913 1973 -1.0
1913 1914 -1.0
1914 1974 -1.0
1914 1915 -1.0
1915 1975 -1.0
1915 1916 -1.0
1916 1976 -1.0
1916 1917 -1.0
1917 1977 -1.0
1917 1918 -1.0
1918 1978 -1.0
1918 1919 -1.0
1919 1979 -1.0
1919 1920 -1.0
1920 1980 -1.0
1921 1981 -1.0
1921 1980 -1.0
1921 1922 -1.0
1922 1982 -1.0
1922 1923 -1.0
1923 1983 -1.0
1923 1924 -1.0
1924 1984 -1.0
1924 1925 -1.0
1925 1985 -1.0
1925 1926 -1.0
1926 1986 -1.0
1926 1927 -1.0
1927 1987 -1.0
1927 1928 -1.0
1928 1988 -1.0
1928 1929 -1.0
1929 1989 -1.0
1929 1930 -1.0
1930 1990 -1.0
1930 1931 -1.0
1931 1991 -1.0
1931 1932 -1.0
1932 1992 -1.0
1932 1933 -1.0
1933 1993 -1.0
1933 1934 -1.0
1934 1994 -1.0
1934 1935 -1.0
1935 1995 -1.0
1935 1936 -1.0
1936 1996 -1.0
1936 1937 -1.0
1937 1997 -1.0
1937 1938 -1.0
1938 1998 -1.0
1938 1939 -1.0
1939 1999 -1.0
1939 1940 -1.0
1940 2000 -1.0
1940 1941 -1.0
1941 2001 -1.0
1941 1942 -1.0
1942 2002 -1.0
1942 1943 -1.0
1943 2003 -1.0
1943 1944 -1.0
1944 2004 -1.0
1944 1945 -1.0
1945 2005 -1.0
1945 1946 -1.0
1946 2006 -1.0
1946 1947 -1.0
1947 2007 -1.0
1947 1948 -1.0
1948 2008 -1.0
1948 1949 -1.0
1949 2009 -1.0
1949 1950 -1.0
1950 2010 -1.0
1950 1951 -1.0
1951 2011 -1.0
1951 1952 -1.0
1952 2012 -1.0
1952 1953 -1.0
1953 2013 -1.0
1953 1954 -1.0
1954 2014 -1.0
1954 1955 -1.0
1955 2015 -1.0
1955 1956 -1.0
1956 2016 -1.0
1956 1957 -1.0
1957 2017 -1.0
1957 1958 -1.0
1958 2018 -1.0
1958 1959 -1.0
1959 2019 -1.0
1959 1960 -1.0
1960 2020 -1.0
1960 1961 -1.0
1961 2021 -1.0
1961 1962 -1.0
1962 2022 -1.0
1962 1963 -1.0
1963 2023 -1.0
1963 1964 -1.0
1964 2024 -1.0
1964 1965 -1.0
1965 2025 -1.0
1965 1966 -1.0
1966 2026 -1.0
1966 1967 -1.0
1967 2027 -1.0
1967 1968 -1.0
1968 2028 -1.0
1968 1969 -1.0
1969 2029 -1.0
1969 1970 -1.0
1970 2030 -1.0
1970 1971 -1.0
1971 2031 -1.0
1971 1972 -1.0
1972 2032 -1.0
1972 1973 -1.0
1973 2033 -1.0
1973 1974 -1.0
1974 2034 -1.0
1974 1975 -1.0
1975 2035 -1.0
1975 1976 -1.0
1976 2036 -1.0
1976 1977 -1.0
1977 2037 -1.0
1977 1978 -1.0
1978 2038 -1.0
1978 1979 -1.0
1979 2039 -1.0
1979 1980 -1.0
1980 2040 -1.0
1981 2041 -1.0
1981 2040 -1.0
1981 1982 -1.0
1982 2042 -1.0
1982 1983 -1.0
1983 2043 -1.0
1983 1984 -1.0
1984 2044 -1.0
1984 1985 -1.0
1985 2045 -1.0
1985 1986 -1.0
1986 2046 -1.0
1986 1987 -1.0
1987 2047 -1.0
1987 1988 -1.0
1988 2048 -1.0
1988 1989 -1.0
1989 2049 -1.0
1989 1990 -1.0
1990 2050 -1.0
1990 1991 -1.0
1991 2051 -1.0
1991 1992 -1.0
1992 2052 -1.0
1992 1993 -1.0
1993 2053 -1.0
1993 1994 -1.0
1994 2054 -1.0
1994 1995 -1.0
1995 2055 -1.0
1995 1996 -1.0
1996 2056 -1.0
1996 1997 -1.0
1997 2057 -1.0
1997 1998 -1.0
1998 2058 -1.0
1998 1999 -1.0
1999 2059 -1.0
1999 2000 -1.0
2000 2060 -1.0
2000 2001 -1.0
2001 2061 -1.0
2001 2002 -1.0
2002 2062 -1.0
2002 2003 -1.0
2003 2063 -1.0
2003 2004 -1.0
2004 2064 -1.0
2004 2005 -1.0
2005 2065 -1.0
2005 2006 -1.0
2006 2066 -1.0
2006 2007 -1.0
2007 2067 -1.0
2007 2008 -1.0
2008 2068 -1.0
2008 2009 -1.0
2009 2069 -1.0
2009 2010 -1.0
2010 2070 -1.0
2010 2011 -1.0
2011 2071 -1.0
2011 2012 -1.0
2012 2072 -1.0
2012 2013 -1.0
2013 2073 -1.0
2013 2014 -1.0
2014 2074 -1.0
2014 2015 -1.0
2015 2075 -1.0
2015 2016 -1.0
2016 2076 -1.0
2016 2017 -1.0
2017 2077 -1.0
2017 2018 -1.0
2018 2078 -1.0
2018 2019 -1.0
2019 2079 -1.0
2019 2020 -1.0
2020 2080 -1.0
2020 2021 -1.0
2021 2081 -1.0
2021 2022 -1.0
2022 2082 -1.0
2022 2023 -1.0
2023 2083 -1.0
2023 2024 -1.0
2024 2084 -1.0
2024 2025 -1.0
2025 2085 -1.0
2025 2026 -1.0
2026 2086 -1.0
2026 2027 -1.0
2027 2087 -1.0
2027 2028 -1.0
2028 2088 -1.0
2028 2029 -1.0
2029 2089 -1.0
2029 2030 -1.0
2030 2090 -1.0
2030 2031 -1.0
2031 2091 -1.0
2031 2032 -1.0
2032 2092 -1.0
2032 2033 -1.0
2033 2093 -1.0
2033 2034 -1.0
2034 2094 -1.0
2034 2035 -1.0
2035 2095 -1.0
2035 2036 -1.0
2036 2096 -1.0
2036 2037 -1.0
2037 2097 -1.0
2037 2038 -1.0
2038 2098 -1.0
2038 2039 -1.0
2039 2099 -1.0
2039 2040 -1.0
2040 2100 -1.0
2041 2101 -1.0
2041 2100 -1.0
2041 2042 -1.0
2042 2102 -1.0
2042 2043 -1.0
2043 2103 -1.0
2043 2044 -1.0
2044 2104 -1.0
2044 2045 -1.0
2045 2105 -1.0
2045 2046 -1.0
2046 2106 -1.0
2046 2047 -1.0
2047 2107 -1.0
2047 2048 -1.0
2048 2108 -1.0
2048 2049 -1.0
2049 2109 -1.0
2049 2050 -1.0
2050 2110 -1.0
2050 2051 -1.0
2051 2111 -1.0
2051 2052 -1.0
2052 2112 -1.0
2052 2053 -1.0
2053 2113 -1.0
2053 2054 -1.0
2054 2114 -1.0
2054 2055 -1.0
2055 2115 -1.0
2055 2056 -1.0
2056 2116 -1.0
2056 2057 -1.0
2057 2117 -1.0
2057 2058 -1.0
2058 2118 -1.0
2058 2059 -1.0
2059 2119 -1.0
2059 2060 -1.0
2060 2120 -1.0
2060 2061 -1.0
2061 2121 -1.0
2061 2062 -1.0
2062 2122 -1.0
2062 2063 -1.0
2063 2123 -1.0
2063 2064 -1.0
2064 2124 -1.0
2064 2065 -1.0
2065 2125 -1.0
2065 2066 -1.0
2066 2126 -1.0
2066 2067 -1.0
2067 2127 -1.0
2067 2068 -1.0
2068 2128 -1.0
2068 2069 -1.0
2069 2129 -1.0
2069 2070 -1.0
2070 2130 -1.0
2070 2071 -1.0
2071 2131 -1.0
2071 2072 -1.0
2072 2132 -1.0
2072 2073 -1.0
2073 2133 -1.0
2073 2074 -1.0
2074 2134 -1.0
2074 2075 -1.0
2075 2135 -1.0
2075 2076 -1.0
2076 2136 -1.0
2076 2077 -1.0
2077 2137 -1.0
2077 2078 -1.0
2078 2138 -1.0
2078 2079 -1.0
2079 2139 -1.0
2079 2080 -1.0
2080 2140 -1.0
2080 2081 -1.0
2081 2141 -1.0
2081 2082 -1.0
2082 2142 -1.0
2082 2083 -1.0
2083 2143 -1.0
2083 2084 -1.0
2084 2144 -1.0
2084 2085 -1.0
2085 2145 -1.0
2085 2086 -1.0
2086 2146 -1.0
2086 2087 -1.0
2087 2147 -1.0
2087 2088 -1.0
2088 2148 -1.0
2088 2089 -1.0
2089 2149 -1.0
2089 2090 -1.0
2090 2150 -1.0
2090 2091 -1.0
2091 2151 -1.0
2091 2092 -1.0
2092 2152 -1.0
2092 2093 -1.0
2093 2153 -1.0
2093 2094 -1.0
2094 2154 -1.0
2094 2095 -1.0
2095 2155 -1.0
2095 2096 -1.0
2096 2156 -1.0
2096 2097 -1.0
2097 2157 -1.0
2097 2098 -1.0
2098 2158 -1.0
2098 2099 -1.0
2099 2159 -1.0
2099 2100 -1.0
2100 2160 -1.0
2101 2161 -1.0
2101 2160 -1.0
2101 2102 -1.0
2102 2162 -1.0
2102 2103 -1.0
2103 2163 -1.0
2103 2104 -1.0
2104 2164 -1.0
2104 2105 -1.0
2105 2165 -1.0
2105 2106 -1.0
2106 2166 -1.0
2106 2107 -1.0
2107 2167 -1.0
2107 2108 -1.0
2108 2168 -1.0
2108 2109 -1.0
2109 2169 -1.0
2109 2110 -1.0
2110 2170 -1.0
2110 2111 -1.0
2111 2171 -1.0
2111 2112 -1.0
2112 2172 -1.0
2112 2113 -1.0
2113 2173 -1.0
2113 2114 -1.0
2114 2174 -1.0
2114 2115 -1.0
2115 2175 -1.0
2115 2116 -1.0
2116 2176 -1.0
2116 2117 -1.0
2117 2177 -1.0
2117 2118 -1.0
2118 2178 -1.0
2118 2119 -1.0
2119 2179 -1.0
2119 2120 -1.0
2120 2180 -1.0
2120 2121 -1.0
2121 2181 -1.0
2121 2122 -1.0
2122 2182 -1.0
2122 2123 -1.0
2123 2183 -1.0
2123 2124 -1.0
2124 2184 -1.0
2124 2125 -1.0
2125 2185 -1.0
2125 2126 -1.0
2126 2186 -1.0
2126 2127 -1.0
2127 2187 -1.0
2127 2128 -1.0
2128 2188 -1.0
2128 2129 -1.0
2129 2189 -1.0
2129 2130 -1.0
2130 2190 -1.0
2130 2131 -1.0
2131 2191 -1.0
2131 2132 -1.0
2132 2192 -1.0
2132 2133 -1.0
2133 2193 -1.0
2133 2134 -1.0
2134 2194 -1.0
2134 2135 -1.0
2135 2195 -1.0
2135 2136 -1.0
2136 2196 -1.0
2136 2137 -1.0
2137 2197 -1.0
2137 2138 -1.0
2138 2198 -1.0
2138 2139 -1.0
2139 2199 -1.0
2139 2140 -1.0
2140 2200 -1.0
2140 2141 -1.0
2141 2201 -1.0
2141 2142 -1.0
2142 2202 -1.0
2142 2143 -1.0
2143 2203 -1.0
2143 2144 -1.0
2144 2204 -1.0
2144 2145 -1.0
2145 2205 -1.0
2145 2146 -1.0
2146 2206 -1.0
2146 2147 -1.0
2147 2207 -1.0
2147 2148 -1.0
2148 2208 -1.0
2148 2149 -1.0
2149 2209 -1.0
2149 2150 -1.0
2150 2210 -1.0
2150 2151 -1.0
2151 2211 -1.0
2151 2152 -1.0
2152 2212 -1.0
2152 2153 -1.0
2153 2213 -1.0
2153 2154 -1.0
2154 2214 -1.0
2154 2155 -1.0
2155 2215 -1.0
2155 2156 -1.0
2156 2216 -1.0
2156 2157 -1.0
2157 2217 -1.0
2157 2158 -1.0
2158 2218 -1.0
2158 2159 -1.0
2159 2219 -1.0
2159 2160 -1.0
2160 2220 -1.0
2161 2221 -1.0
2161 2220 -1.0
2161 2162 -1.0
2162 2222 -1.0
2162 2163 -1.0
2163 2223 -1.0
2163 2164 -1.0
2164 2224 -1.0
2164 2165 -1.0
2165 2225 -1.0
2165 2166 -1.0
2166 2226 -1.0
2166 2167 -1.0
2167 2227 -1.0
2167 2168 -1.0
2168 2228 -1.0
2168 2169 -1.0
2169 2229 -1.0
2169 2170 -1.0
2170 2230 -1.0
2170 2171 -1.0
2171 2231 -1.0
2171 2172 -1.0
2172 2232 -1.0
2172 2173 -1.0
2173 2233 -1.0
2173 2174 -1.0
2174 2234 -1.0
2174 2175 -1.0
2175 2235 -1.0
2175 2176 -1.0
2176 2236 -1.0
2176 2177 -1.0
2177 2237 -1.0
2177 2178 -1.0
2178 2238 -1.0
2178 2179 -1.0
2179 2239 -1.0
2179 2180 -1.0
2180 2240 -1.0
2180 2181 -1.0
2181 2241 -1.0
2181 2182 -1.0
2182 2242 -1.0
2182 2183 -1.0
2183 2243 -1.0
2183 2184 -1.0
2184 2244 -1.0
2184 2185 -1.0
2185 2245 -1.0
2185 2186 -1.0
2186 2246 -1.0
2186 2187 -1.0
2187 2247 -1.0
2187 2188 -1.0
2188 2248 -1.0
2188 2189 -1.0
2189 2249 -1.0
2189 2190 -1.0
2190 2250 -1.0
2190 2191 -1.0
2191 2251 -1.0
2191 2192 -1.0
2192 2252 -1.0
2192 2193 -1.0
2193 2253 -1.0
2193 2194 -1.0
2194 2254 -1.0
2194 2195 -1.0
2195 2255 -1.0
2195 2196 -1.0
2196 2256 -1.0
2196 2197 -1.0
2197 2257 -1.0
2197 2198 -1.0
2198 2258 -1.0
2198 2199 -1.0
2199 2259 -1.0
2199 2200 -1.0
2200 2260 -1.0
2200 2201 -1.0
2201 2261 -1.0
2201 2202 -1.0
2202 2262 -1.0
2202 2203 -1.0
2203 2263 -1.0
2203 2204 -1.0
2204 2264 -1.0
2204 2205 -1.0
2205 2265 -1.0
2205 2206 -1.0
2206 2266 -1.0
2206 2207 -1.0
2207 2267 -1.0
2207 2208 -1.0
2208 2268 -1.0
2208 2209 -1.0
2209 2269 -1.0
2209 2210 -1.0
2210 2270 -1.0
2210 2211 -1.0
2211 2271 -1.0
2211 2212 -1.0
2212 2272 -1.0
2212 2213 -1.0
2213 2273 -1.0
2213 2214 -1.0
2214 2274 -1.0
2214 2215 -1.0
2215 2275 -1.0
2215 2216 -1.0
2216 2276 -1.0
2216 2217 -1.0
2217 2277 -1.0
2217 2218 -1.0
2218 2278 -1.0
2218 2219 -1.0
2219 2279 -1.0
2219 2220 -1.0
2220 2280 -1.0
2221 2281 -1.0
2221 2280 -1.0
2221 2222 -1.0
2222 2282 -1.0
2222 2223 -1.0
2223 2283 -1.0
2223 2224 -1.0
2224 2284 -1.0
2224 2225 -1.0
2225 2285 -1.0
2225 2226 -1.0
2226 2286 -1.0
2226 2227 -1.0
2227 2287 -1.0
2227 2228 -1.0
2228 2288 -1.0
2228 2229 -1.0
2229 2289 -1.0
2229 2230 -1.0
2230 2290 -1.0
2230 2231 -1.0
2231 2291 -1.0
2231 2232 -1.0
2232 2292 -1.0
2232 2233 -1.0
2233 2293 -1.0
2233 2234 -1.0
2234 2294 -1.0
2234 2235 -1.0
2235 2295 -1.0
2235 2236 -1.0
2236 2296 -1.0
2236 2237 -1.0
2237 2297 -1.0
2237 2238 -1.0
2238 2298 -1.0
2238 2239 -1.0
2239 2299 -1.0
2239 2240 -1.0
2240 2300 -1.0
2240 2241 -1.0
2241 2301 -1.0
2241 2242 -1.0
2242 2302 -1.0
2242 2243 -1.0
2243 2303 -1.0
2243 2244 -1.0
2244 2304 -1.0
2244 2245 -1.0
2245 2305 -1.0
2245 2246 -1.0
2246 2306 -1.0
2246 2247 -1.0
2247 2307 -1.0
2247 2248 -1.0
2248 2308 -1.0
2248 2249 -1.0
2249 2309 -1.0
2249 2250 -1.0
2250 2310 -1.0
2250 2251 -1.0
2251 2311 -1.0
2251 2252 -1.0
2252 2312 -1.0
2252 2253 -1.0
2253 2313 -1.0
2253 2254 -1.0
2254 2314 -1.0
2254 2255 -1.0
2255 2315 -1.0
2255 2256 -1.0
2256 2316 -1.0
2256 2257 -1.0
2257 2317 -1.0
2257 2258 -1.0
2258 2318 -1.0
2258 2259 -1.0
2259 2319 -1.0
2259 2260 -1.0
2260 2320 -1.0
2260 2261 -1.0
2261 2321 -1.0
2261 2262 -1.0
2262 2322 -1.0
2262 2263 -1.0
2263 2323 -1.0
2263 2264 -1.0
2264 2324 -1.0
2264 2265 -1.0
2265 2325 -1.0
2265 2266 -1.0
2266 2326 -1.0
2266 2267 -1.0
2267 2327 -1.0
2267 2268 -1.0
2268 2328 -1.0
2268 2269 -1.0
2269 2329 -1.0
2269 2270 -1.0
2270 2330 -1.0
2270 2271 -1.0
2271 2331 -1.0
2271 2272 -1.0
2272 2332 -1.0
2272 2273 -1.0
2273 2333 -1.0
2273 2274 -1.0
2274 2334 -1.0
2274 2275 -1.0
2275 2335 -1.0
2275 2276 -1.0
2276 2336 -1.0
2276 2277 -1.0
2277 2337 -1.0
2277 2278 -1.0
2278 2338 -1.0
2278 2279 -1.0
2279 2339 -1.0
2279 2280 -1.0
2280 2340 -1.0
2281 2341 -1.0
2281 2340 -1.0
2281 2282 -1.0
2282 2342 -1.0
2282 2283 -1.0
2283 2343 -1.0
2283 2284 -1.0
2284 2344 -1.0
2284 2285 -1.0
2285 2345 -1.0
2285 2286 -1.0
2286 2346 -1.0
2286 2287 -1.0
2287 2347 -1.0
2287 2288 -1.0
2288 2348 -1.0
2288 2289 -1.0
2289 2349 -1.0
2289 2290 -1.0
2290 2350 -1.0
2290 2291 -1.0
2291 2351 -1.0
2291 2292 -1.0
2292 2352 -1.0
2292 2293 -1.0
2293 2353 -1.0
2293 2294 -1.0
2294 2354 -1.0
2294 2295 -1.0
2295 2355 -1.0
2295 2296 -1.0
2296 2356 -1.0
2296 2297 -1.0
2297 2357 -1.0
2297 2298 -1.0
2298 2358 -1.0
2298 2299 -1.0
2299 2359 -1.0
2299 2300 -1.0
2300 2360 -1.0
2300 2301 -1.0
2301 2361 -1.0
2301 2302 -1.0
2302 2362 -1.0
2302 2303 -1.0
2303 2363 -1.0
2303 2304 -1.0
2304 2364 -1.0
2304 2305 -1.0
2305 2365 -1.0
2305 2306 -1.0
2306 2366 -1.0
2306 2307 -1.0
2307 2367 -1.0
2307 2308 -1.0
2308 2368 -1.0
2308 2309 -1.0
2309 2369 -1.0
2309 2310 -1.0
2310 2370 -1.0
2310 2311 -1.0
2311 2371 -1.0
2311 2312 -1.0
2312 2372 -1.0
2312 2313 -1.0
2313 2373 -1.0
2313 2314 -1.0
2314 2374 -1.0
2314 2315 -1.0
2315 2375 -1.0
2315 2316 -1.0
2316 2376 -1.0
2316 2317 -1.0
2317 2377 -1.0
2317 2318 -1.0
2318 2378 -1.0
2318 2319 -1.0
2319 2379 -1.0
2319 2320 -1.0
2320 2380 -1.0
2320 2321 -1.0
2321 2381 -1.0
2321 2322 -1.0
2322 2382 -1.0
2322 2323 -1.0
2323 2383 -1.0
2323 2324 -1.0
2324 2384 -1.0
2324 2325 -1.0
2325 2385 -1.0
2325 2326 -1.0
2326 2386 -1.0
2326 2327 -1.0
2327 2387 -1.0
2327 2328 -1.0
2328 2388 -1.0
2328 2329 -1.0
2329 2389 -1.0
2329 2330 -1.0
2330 2390 -1.0
2330 2331 -1.0
2331 2391 -1.0
2331 2332 -1.0
2332 2392 -1.0
2332 2333 -1.0
2333 2393 -1.0
2333 2334 -1.0
2334 2394 -1.0
2334 2335 -1.0
2335 2395 -1.0
2335 2336 -1.0
2336 2396 -1.0
2336 2337 -1.0
2337 2397 -1.0
2337 2338 -1.0
2338 2398 -1.0
2338 2339 -1.0
2339 2399 -1.0
2339 2340 -1.0
2340 2400 -1.0
2341 2401 -1.0
2341 2400 -1.0
2341 2342 -1.0
2342 2402 -1.0
2342 2343 -1.0
2343 2403 -1.0
2343 2344 -1.0
2344 2404 -1.0
2344 2345 -1.0
2345 2405 -1.0
2345 2346 -1.0
2346 2406 -1.0
2346 2347 -1.0
2347 2407 -1.0
2347 2348 -1.0
2348 2408 -1.0
2348 2349 -1.0
2349 2409 -1.0
2349 2350 -1.0
2350 2410 -1.0
2350 2351 -1.0
2351 2411 -1.0
2351 2352 -1.0
2352 2412 -1.0
2352 2353 -1.0
2353 2413 -1.0
2353 2354 -1.0
2354 2414 -1.0
2354 2355 -1.0
2355 2415 -1.0
2355 2356 -1.0
2356 2416 -1.0
2356 2357 -1.0
2357 2417 -1.0
2357 2358 -1.0
2358 2418 -1.0
2358 2359 -1.0
2359 2419 -1.0
2359 2360 -1.0
2360 2420 -1.0
2360 2361 -1.0
2361 2421 -1.0
2361 2362 -1.0
2362 2422 -1.0
2362 2363 -1.0
2363 2423 -1.0
2363 2364 -1.0
2364 2424 -1.0
2364 2365 -1.0
2365 2425 -1.0
2365 2366 -1.0
2366 2426 -1.0
2366 2367 -1.0
2367 2427 -1.0
2367 2368 -1.0
2368 2428 -1.0
2368 2369 -1.0
2369 2429 -1.0
2369 2370 -1.0
2370 2430 -1.0
2370 2371 -1.0
2371 2431 -1.0
2371 2372 -1.0
2372 2432 -1.0
2372 2373 -1.0
2373 2433 -1.0
2373 2374 -1.0
2374 2434 -1.0
2374 2375 -1.0
2375 2435 -1.0
2375 2376 -1.0
2376 2436 -1.0
2376 2377 -1.0
2377 2437 -1.0
2377 2378 -1.0
2378 2438 -1.0
2378 2379 -1.0
2379 2439 -1.0
2379 2380 -1.0
2380 2440 -1.0
2380 2381 -1.0
2381 2441 -1.0
2381 2382 -1.0
2382 2442 -1.0
2382 2383 -1.0
2383 2443 -1.0
2383 2384 -1.0
2384 2444 -1.0
2384 2385 -1.0
2385 2445 -1.0
2385 2386 -1.0
2386 2446 -1.0
2386 2387 -1.0
2387 2447 -1.0
2387 2388 -1.0
2388 2448 -1.0
2388 2389 -1.0
2389 2449 -1.0
2389 2390 -1.0
2390 2450 -1.0
2390 2391 -1.0
2391 2451 -1.0
2391 2392 -1.0
2392 2452 -1.0
2392 2393 -1.0
2393 2453 -1.0
2393 2394 -1.0
2394 2454 -1.0
2394 2395 -1.0
2395 2455 -1.0
2395 2396 -1.0
2396 2456 -1.0
2396 2397 -1.0
2397 2457 -1.0
2397 2398 -1.0
2398 2458 -1.0
2398 2399 -1.0
2399 2459 -1.0
2399 2400 -1.0
2400 2460 -1.0
2401 2461 -1.0
2401 2460 -1.0
2401 2402 -1.0
2402 2462 -1.0
2402 2403 -1.0
2403 2463 -1.0
2403 2404 -1.0
2404 2464 -1.0
2404 2405 -1.0
2405 2465 -1.0
2405 2406 -1.0
2406 2466 -1.0
2406 2407 -1.0
2407 2467 -1.0
2407 2408 -1.0
2408 2468 -1.0
2408 2409 -1.0
2409 2469 -1.0
2409 2410 -1.0
2410 2470 -1.0
2410 2411 -1.0
2411 2471 -1.0
2411 2412 -1.0
2412 2472 -1.0
2412 2413 -1.0
2413 2473 -1.0
2413 2414 -1.0
2414 2474 -1.0
2414 2415 -1.0
2415 2475 -1.0
2415 2416 -1.0
2416 2476 -1.0
2416 2417 -1.0
2417 2477 -1.0
2417 2418 -1.0
2418 2478 -1.0
2418 2419 -1.0
2419 2479 -1.0
2419 2420 -1.0
2420 2480 -1.0
2420 2421 -1.0
2421 2481 -1.0
2421 2422 -1.0
2422 2482 -1.0
2422 2423 -1.0
2423 2483 -1.0
2423 2424 -1.0
2424 2484 -1.0
2424 2425 -1.0
2425 2485 -1.0
2425 2426 -1.0
2426 2486 -1.0
2426 2427 -1.0
2427 2487 -1.0
2427 2428 -1.0
2428 2488 -1.0
2428 2429 -1.0
2429 2489 -1.0
2429 2430 -1.0
2430 2490 -1.0
2430 2431 -1.0
2431 2491 -1.0
2431 2432 -1.0
2432 2492 -1.0
2432 2433 -1.0
2433 2493 -1.0
2433 2434 -1.0
2434 2494 -1.0
2434 2435 -1.0
2435 2495 -1.0
2435 2436 -1.0
2436 2496 -1.0
2436 2437 -1.0
2437 2497 -1.0
2437 2438 -1.0
2438 2498 -1.0
2438 2439 -1.0
2439 2499 -1.0
2439 2440 -1.0
2440 2500 -1.0
2440 2441 -1.0
2441 2501 -1.0
2441 2442 -1.0
2442 2502 -1.0
2442 2443 -1.0
2443 2503 -1.0
2443 2444 -1.0
2444 2504 -1.0
2444 2445 -1.0
2445 2505 -1.0
2445 2446 -1.0
2446 2506 -1.0
2446 2447 -1.0
2447 2507 -1.0
2447 2448 -1.0
2448 2508 -1.0
2448 2449 -1.0
2449 2509 -1.0
2449 2450 -1.0
2450 2510 -1.0
2450 2451 -1.0
2451 2511 -1.0
2451 2452 -1.0
2452 2512 -1.0
2452 2453 -1.0
2453 2513 -1.0
2453 2454 -1.0
2454 2514 -1.0
2454 2455 -1.0
2455 2515 -1.0
2455 2456 -1.0
2456 2516 -1.0
2456 2457 -1.0
2457 2517 -1.0
2457 2458 -1.0
2458 2518 -1.0
2458 2459 -1.0
2459 2519 -1.0
2459 2460 -1.0
2460 2520 -1.0
2461 2521 -1.0
2461 2520 -1.0
2461 2462 -1.0
2462 2522 -1.0
2462 2463 -1.0
2463 2523 -1.0
2463 2464 -1.0
2464 2524 -1.0
2464 2465 -1.0
2465 2525 -1.0
2465 2466 -1.0
2466 2526 -1.0
2466 2467 -1.0
2467 2527 -1.0
2467 2468 -1.0
2468 2528 -1.0
2468 2469 -1.0
2469 2529 -1.0
2469 2470 -1.0
2470 2530 -1.0
2470 2471 -1.0
2471 2531 -1.0
2471 2472 -1.0
2472 2532 -1.0
2472 2473 -1.0
2473 2533 -1.0
2473 2474 -1.0
2474 2534 -1.0
2474 2475 -1.0
2475 2535 -1.0
2475 2476 -1.0
2476 2536 -1.0
2476 2477 -1.0
2477 2537 -1.0
2477 2478 -1.0
2478 2538 -1.0
2478 2479 -1.0
2479 2539 -1.0
2479 2480 -1.0
2480 2540 -1.0
2480 2481 -1.0
2481 2541 -1.0
2481 2482 -1.0
2482 2542 -1.0
2482 2483 -1.0
2483 2543 -1.0
2483 2484 -1.0
2484 2544 -1.0
2484 2485 -1.0
2485 2545 -1.0
2485 2486 -1.0
2486 2546 -1.0
2486 2487 -1.0
2487 2547 -1.0
2487 2488 -1.0
2488 2548 -1.0
2488 2489 -1.0
2489 2549 -1.0
2489 2490 -1.0
2490 2550 -1.0
2490 2491 -1.0
2491 2551 -1.0
2491 2492 -1.0
2492 2552 -1.0
2492 2493 -1.0
2493 2553 -1.0
2493 2494 -1.0
2494 2554 -1.0
2494 2495 -1.0
2495 2555 -1.0
2495 2496 -1.0
2496 2556 -1.0
2496 2497 -1.0
2497 2557 -1.0
2497 2498 -1.0
2498 2558 -1.0
2498 2499 -1.0
2499 2559 -1.0
2499 2500 -1.0
2500 2560 -1.0
2500 2501 -1.0
2501 2561 -1.0
2501 2502 -1.0
2502 2562 -1.0
2502 2503 -1.0
2503 2563 -1.0
2503 2504 -1.0
2504 2564 -1.0
2504 2505 -1.0
2505 2565 -1.0
2505 2506 -1.0
2506 2566 -1.0
2506 2507 -1.0
2507 2567 -1.0
2507 2508 -1.0
2508 2568 -1.0
2508 2509 -1.0
2509 2569 -1.0
2509 2510 -1.0
2510 2570 -1.0
2510 2511 -1.0
2511 2571 -1.0
2511 2512 -1.0
2512 2572 -1.0
2512 2513 -1.0
2513 2573 -1.0
2513 2514 -1.0
2514 2574 -1.0
2514 2515 -1.0
2515 2575 -1.0
2515 2516 -1.0
2516 2576 -1.0
2516 2517 -1.0
2517 2577 -1.0
2517 2518 -1.0
2518 2578 -1.0
2518 2519 -1.0
2519 2579 -1.0
2519 2520 -1.0
2520 2580 -1.0
2521 2581 -1.0
2521 2580 -1.0
2521 2522 -1.0
2522 2582 -1.0
2522 2523 -1.0
2523 2583 -1.0
2523 2524 -1.0
2524 2584 -1.0
2524 2525 -1.0
2525 2585 -1.0
2525 2526 -1.0
2526 2586 -1.0
2526 2527 -1.0
2527 2587 -1.0
2527 2528 -1.0
2528 2588 -1.0
2528 2529 -1.0
2529 2589 -1.0
2529 2530 -1.0
2530 2590 -1.0
2530 2531 -1.0
2531 2591 -1.0
2531 2532 -1.0
2532 2592 -1.0
2532 2533 -1.0
2533 2593 -1.0
2533 2534 -1.0
2534 2594 -1.0
2534 2535 -1.0
2535 2595 -1.0
2535 2536 -1.0
2536 2596 -1.0
2536 2537 -1.0
2537 2597 -1.0
2537 2538 -1.0
2538 2598 -1.0
2538 2539 -1.0
2539 2599 -1.0
2539 2540 -1.0
2540 2600 -1.0
2540 2541 -1.0
2541 2601 -1.0
2541 2542 -1.0
2542 2602 -1.0
2542 2543 -1.0
2543 2603 -1.0
2543 2544 -1.0
2544 2604 -1.0
2544 2545 -1.0
2545 2605 -1.0
2545 2546 -1.0
2546 2606 -1.0
2546 2547 -1.0
2547 2607 -1.0
2547 2548 -1.0
2548 2608 -1.0
2548 2549 -1.0
2549 2609 -1.0
2549 2550 -1.0
2550 2610 -1.0
2550 2551 -1.0
2551 2611 -1.0
2551 2552 -1.0
2552 2612 -1.0
2552 2553 -1.0
2553 2613 -1.0
2553 2554 -1.0
2554 2614 -1.0
2554 2555 -1.0
2555 2615 -1.0
2555 2556 -1.0
2556 2616 -1.0
2556 2557 -1.0
2557 2617 -1.0
2557 2558 -1.0
2558 2618 -1.0
2558 2559 -1.0
2559 2619 -1.0
2559 2560 -1.0
2560 2620 -1.0
2560 2561 -1.0
2561 2621 -1.0
2561 2562 -1.0
2562 2622 -1.0
2562 2563 -1.0
2563 2623 -1.0
2563 2564 -1.0
2564 2624 -1.0
2564 2565 -1.0
2565 2625 -1.0
2565 2566 -1.0
2566 2626 -1.0
2566 2567 -1.0
2567 2627 -1.0
2567 2568 -1.0
2568 2628 -1.0
2568 2569 -1.0
2569 2629 -1.0
2569 2570 -1.0
2570 2630 -1.0
2570 2571 -1.0
2571 2631 -1.0
2571 2572 -1.0
2572 2632 -1.0
2572 2573 -1.0
2573 2633 -1.0
2573 2574 -1.0
2574 2634 -1.0
2574 2575 -1.0
2575 2635 -1.0
2575 2576 -1.0
2576 2636 -1.0
2576 2577 -1.0
2577 2637 -1.0
2577 2578 -1.0
2578 2638 -1.0
2578 2579 -1.0
2579 2639 -1.0
2579 2580 -1.0
2580 2640 -1.0
2581 2641 -1.0
2581 2640 -1.0
2581 2582 -1.0
2582 2642 -1.0
2582 2583 -1.0
2583 2643 -1.0
2583 2584 -1.0
2584 2644 -1.0
2584 2585 -1.0
2585 2645 -1.0
2585 2586 -1.0
2586 2646 -1.0
2586 2587 -1.0
2587 2647 -1.0
2587 2588 -1.0
2588 2648 -1.0
2588 2589 -1.0
2589 2649 -1.0
2589 2590 -1.0
2590 2650 -1.0
2590 2591 -1.0
2591 2651 -1.0
2591 2592 -1.0
2592 2652 -1.0
2592 2593 -1.0
2593 2653 -1.0
2593 2594 -1.0
2594 2654 -1.0
2594 2595 -1.0
2595 2655 -1.0
2595 2596 -1.0
2596 2656 -1.0
2596 2597 -1.0
2597 2657 -1.0
2597 2598 -1.0
2598 2658 -1.0
2598 2599 -1.0
2599 2659 -1.0
2599 2600 -1.0
2600 2660 -1.0
2600 2601 -1.0
2601 2661 -1.0
2601 2602 -1.0
2602 2662 -1.0
2602 2603 -1.0
2603 2663 -1.0
2603 2604 -1.0
2604 2664 -1.0
2604 2605 -1.0
2605 2665 -1.0
2605 2606 -1.0
2606 2666 -1.0
2606 2607 -1.0
2607 2667 -1.0
2607 2608 -1.0
2608 2668 -1.0
2608 2609 -1.0
2609 2669 -1.0
2609 2610 -1.0
2610 2670 -1.0
2610 2611 -1.0
2611 2671 -1.0
2611 2612 -1.0
2612 2672 -1.0
2612 2613 -1.0
2613 2673 -1.0
2613 2614 -1.0
2614 2674 -1.0
2614 2615 -1.0
2615 2675 -1.0
2615 2616 -1.0
2616 2676 -1.0
2616 2617 -1.0
2617 2677 -1.0
2617 2618 -1.0
2618 2678 -1.0
2618 2619 -1.0
2619 2679 -1.0
2619 2620 -1.0
2620 2680 -1.0
2620 2621 -1.0
2621 2681 -1.0
2621 2622 -1.0
2622 2682 -1.0
2622 2623 -1.0
2623 2683 -1.0
2623 2624 -1.0
2624 2684 -1.0
2624 2625 -1.0
2625 2685 -1.0
2625 2626 -1.0
2626 2686 -1.0
2626 2627 -1.0
2627 2687 -1.0
2627 2628 -1.0
2628 2688 -1.0
2628 2629 -1.0
2629 2689 -1.0
2629 2630 -1.0
2630 2690 -1.0
2630 2631 -1.0
2631 2691 -1.0
2631 2632 -1.0
2632 2692 -1.0
2632 2633 -1.0
2633 2693 -1.0
2633 2634 -1.0
2634 2694 -1.0
2634 2635 -1.0
2635 2695 -1.0
2635 2636 -1.0
2636 2696 -1.0
2636 2637 -1.0
2637 2697 -1.0
2637 2638 -1.0
2638 2698 -1.0
2638 2639 -1.0
2639 2699 -1.0
2639 2640 -1.0
2640 2700 -1.0
2641 2701 -1.0
2641 2700 -1.0
2641 2642 -1.0
2642 2702 -1.0
2642 2643 -1.0
2643 2703 -1.0
2643 2644 -1.0
2644 2704 -1.0
2644 2645 -1.0
2645 2705 -1.0
2645 2646 -1.0
2646 2706 -1.0
2646 2647 -1.0
2647 2707 -1.0
2647 2648 -1.0
2648 2708 -1.0
2648 2649 -1.0
2649 2709 -1.0
2649 2650 -1.0
2650 2710 -1.0
2650 2651 -1.0
2651 2711 -1.0
2651 2652 -1.0
2652 2712 -1.0
2652 2653 -1.0
2653 2713 -1.0
2653 2654 -1.0
2654 2714 -1.0
2654 2655 -1.0
2655 2715 -1.0
2655 2656 -1.0
2656 2716 -1.0
2656 2657 -1.0
2657 2717 -1.0
2657 2658 -1.0
2658 2718 -1.0
2658 2659 -1.0
2659 2719 -1.0
2659 2660 -1.0
2660 2720 -1.0
2660 2661 -1.0
2661 2721 -1.0
2661 2662 -1.0
2662 2722 -1.0
2662 2663 -1.0
2663 2723 -1.0
2663 2664 -1.0
2664 2724 -1.0
2664 2665 -1.0
2665 2725 -1.0
2665 2666 -1.0
2666 2726 -1.0
2666 2667 -1.0
2667 2727 -1.0
2667 2668 -1.0
2668 2728 -1.0
2668 2669 -1.0
2669 2729 -1.0
2669 2670 -1.0
2670 2730 -1.0
2670 2671 -1.0
2671 2731 -1.0
2671 2672 -1.0
2672 2732 -1.0
2672 2673 -1.0
2673 2733 -1.0
2673 2674 -1.0
2674 2734 -1.0
2674 2675 -1.0
2675 2735 -1.0
2675 2676 -1.0
2676 2736 -1.0
2676 2677 -1.0
2677 2737 -1.0
2677 2678 -1.0
2678 2738 -1.0
2678 2679 -1.0
2679 2739 -1.0
2679 2680 -1.0
2680 2740 -1.0
2680 2681 -1.0
2681 2741 -1.0
2681 2682 -1.0
2682 2742 -1.0
2682 2683 -1.0
2683 2743 -1.0
2683 2684 -1.0
2684 2744 -1.0
2684 2685 -1.0
2685 2745 -1.0
2685 2686 -1.0
2686 2746 -1.0
2686 2687 -1.0
2687 2747 -1.0
2687 2688 -1.0
2688 2748 -1.0
2688 2689 -1.0
2689 2749 -1.0
2689 2690 -1.0
2690 2750 -1.0
2690 2691 -1.0
2691 2751 -1.0
2691 2692 -1.0
2692 2752 -1.0
2692 2693 -1.0
2693 2753 -1.0
2693 2694 -1.0
2694 2754 -1.0
2694 2695 -1.0
2695 2755 -1.0
2695 2696 -1.0
2696 2756 -1.0
2696 2697 -1.0
2697 2757 -1.0
2697 2698 -1.0
2698 2758 -1.0
2698 2699 -1.0
2699 2759 -1.0
2699 2700 -1.0
2700 2760 -1.0
2701 2761 -1.0
2701 2760 -1.0
2701 2702 -1.0
2702 2762 -1.0
2702 2703 -1.0
2703 2763 -1.0
2703 2704 -1.0
2704 2764 -1.0
2704 2705 -1.0
2705 2765 -1.0
2705 2706 -1.0
2706 2766 -1.0
2706 2707 -1.0
2707 2767 -1.0
2707 2708 -1.0
2708 2768 -1.0
2708 2709 -1.0
2709 2769 -1.0
2709 2710 -1.0
2710 2770 -1.0
2710 2711 -1.0
2711 2771 -1.0
2711 2712 -1.0
2712 2772 -1.0
2712 2713 -1.0
2713 2773 -1.0
2713 2714 -1.0
2714 2774 -1.0
2714 2715 -1.0
2715 2775 -1.0
2715 2716 -1.0
2716 2776 -1.0
2716 2717 -1.0
2717 2777 -1.0
2717 2718 -1.0
2718 2778 -1.0
2718 2719 -1.0
2719 2779 -1.0
2719 2720 -1.0
2720 2780 -1.0
2720 2721 -1.0
2721 2781 -1.0
2721 2722 -1.0
2722 2782 -1.0
2722 2723 -1.0
2723 2783 -1.0
2723 2724 -1.0
2724 2784 -1.0
2724 2725 -1.0
2725 2785 -1.0
2725 2726 -1.0
2726 2786 -1.0
2726 2727 -1.0
2727 2787 -1.0
2727 2728 -1.0
2728 2788 -1.0
2728 2729 -1.0
2729 2789 -1.0
2729 2730 -1.0
2730 2790 -1.0
2730 2731 -1.0
2731 2791 -1.0
2731 2732 -1.0
2732 2792 -1.0
2732 2733 -1.0
2733 2793 -1.0
2733 2734 -1.0
2734 2794 -1.0
2734 2735 -1.0
2735 2795 -1.0
2735 2736 -1.0
2736 2796 -1.0
2736 2737 -1.0
2737 2797 -1.0
2737 2738 -1.0
2738 2798 -1.0
2738 2739 -1.0
2739 2799 -1.0
2739 2740 -1.0
2740 2800 -1.0
2740 2741 -1.0
2741 2801 -1.0
2741 2742 -1.0
2742 2802 -1.0
2742 2743 -1.0
2743 2803 -1.0
2743 2744 -1.0
2744 2804 -1.0
2744 2745 -1.0
2745 2805 -1.0
2745 2746 -1.0
2746 2806 -1.0
2746 2747 -1.0
2747 2807 -1.0
2747 2748 -1.0
2748 2808 -1.0
2748 2749 -1.0
2749 2809 -1.0
2749 2750 -1.0
2750 2810 -1.0
2750 2751 -1.0
2751 2811 -1.0
2751 2752 -1.0
2752 2812 -1.0
2752 2753 -1.0
2753 2813 -1.0
2753 2754 -1.0
2754 2814 -1.0
2754 2755 -1.0
2755 2815 -1.0
2755 2756 -1.0
2756 2816 -1.0
2756 2757 -1.0
2757 2817 -1.0
2757 2758 -1.0
2758 2818 -1.0
2758 2759 -1.0
2759 2819 -1.0
2759 2760 -1.0
2760 2820 -1.0
2761 2821 -1.0
2761 2820 -1.0
2761 2762 -1.0
2762 2822 -1.0
2762 2763 -1.0
2763 2823 -1.0
2763 2764 -1.0
2764 2824 -1.0
2764 2765 -1.0
2765 2825 -1.0
2765 2766 -1.0
2766 2826 -1.0
2766 2767 -1.0
2767 2827 -1.0
2767 2768 -1.0
2768 2828 -1.0
2768 2769 -1.0
2769 2829 -1.0
2769 2770 -1.0
2770 2830 -1.0
2770 2771 -1.0
2771 2831 -1.0
2771 2772 -1.0
2772 2832 -1.0
2772 2773 -1.0
2773 2833 -1.0
2773 2774 -1.0
2774 2834 -1.0
2774 2775 -1.0
2775 2835 -1.0
2775 2776 -1.0
2776 2836 -1.0
2776 2777 -1.0
2777 2837 -1.0
2777 2778 -1.0
2778 2838 -1.0
2778 2779 -1.0
2779 2839 -1.0
2779 2780 -1.0
2780 2840 -1.0
2780 2781 -1.0
2781 2841 -1.0
2781 2782 -1.0
2782 2842 -1.0
2782 2783 -1.0
2783 2843 -1.0
2783 2784 -1.0
2784 2844 -1.0
2784 2785 -1.0
2785 2845 -1.0
2785 2786 -1.0
2786 2846 -1.0
2786 2787 -1.0
2787 2847 -1.0
2787 2788 -1.0
2788 2848 -1.0
2788 2789 -1.0
2789 2849 -1.0
2789 2790 -1.0
2790 2850 -1.0
2790 2791 -1.0
2791 2851 -1.0
2791 2792 -1.0
2792 2852 -1.0
2792 2793 -1.0
2793 2853 -1.0
2793 2794 -1.0
2794 2854 -1.0
2794 2795 -1.0
2795 2855 -1.0
2795 2796 -1.0
2796 2856 -1.0
2796 2797 -1.0
2797 2857 -1.0
2797 2798 -1.0
2798 2858 -1.0
2798 2799 -1.0
2799 2859 -1.0
2799 2800 -1.0
2800 2860 -1.0
2800 2801 -1.0
2801 2861 -1.0
2801 2802 -1.0
2802 2862 -1.0
2802 2803 -1.0
2803 2863 -1.0
2803 2804 -1.0
2804 2864 -1.0
2804 2805 -1.0
2805 2865 -1.0
2805 2806 -1.0
2806 2866 -1.0
2806 2807 -1.0
2807 2867 -1.0
2807 2808 -1.0
2808 2868 -1.0
2808 2809 -1.0
2809 2869 -1.0
2809 2810 -1.0
2810 2870 -1.0
2810 2811 -1.0
2811 2871 -1.0
2811 2812 -1.0
2812 2872 -1.0
2812 2813 -1.0
2813 2873 -1.0
2813 2814 -1.0
2814 2874 -1.0
2814 2815 -1.0
2815 2875 -1.0
2815 2816 -1.0
2816 2876 -1.0
2816 2817 -1.0
2817 2877 -1.0
2817 2818 -1.0
2818 2878 -1.0
2818 2819 -1.0
2819 2879 -1.0
2819 2820 -1.0
2820 2880 -1.0
2821 2881 -1.0
2821 2880 -1.0
2821 2822 -1.0
2822 2882 -1.0
2822 2823 -1.0
2823 2883 -1.0
2823 2824 -1.0
2824 2884 -1.0
2824 2825 -1.0
2825 2885 -1.0
2825 2826 -1.0
2826 2886 -1.0
2826 2827 -1.0
2827 2887 -1.0
2827 2828 -1.0
2828 2888 -1.0
2828 2829 -1.0
2829 2889 -1.0
2829 2830 -1.0
2830 2890 -1.0
2830 2831 -1.0
2831 2891 -1.0
2831 2832 -1.0
2832 2892 -1.0
2832 2833 -1.0
2833 2893 -1.0
2833 2834 -1.0
2834 2894 -1.0
2834 2835 -1.0
2835 2895 -1.0
2835 2836 -1.0
2836 2896 -1.0
2836 2837 -1.0
2837 2897 -1.0
2837 2838 -1.0
2838 2898 -1.0
2838 2839 -1.0
2839 2899 -1.0
2839 2840 -1.0
2840 2900 -1.0
2840 2841 -1.0
2841 2901 -1.0
2841 2842 -1.0
2842 2902 -1.0
2842 2843 -1.0
2843 2903 -1.0
2843 2844 -1.0
2844 2904 -1.0
2844 2845 -1.0
2845 2905 -1.0
2845 2846 -1.0
2846 2906 -1.0
2846 2847 -1.0
2847 2907 -1.0
2847 2848 -1.0
2848 2908 -1.0
2848 2849 -1.0
2849 2909 -1.0
2849 2850 -1.0
2850 2910 -1.0
2850 2851 -1.0
2851 2911 -1.0
2851 2852 -1.0
2852 2912 -1.0
2852 2853 -1.0
2853 2913 -1.0
2853 2854 -1.0
2854 2914 -1.0
2854 2855 -1.0
2855 2915 -1.0
2855 2856 -1.0
2856 2916 -1.0
2856 2857 -1.0
2857 2917 -1.0
2857 2858 -1.0
2858 2918 -1.0
2858 2859 -1.0
2859 2919 -1.0
2859 2860 -1.0
2860 2920 -1.0
2860 2861 -1.0
2861 2921 -1.0
2861 2862 -1.0
2862 2922 -1.0
2862 2863 -1.0
2863 2923 -1.0
2863 2864 -1.0
2864 2924 -1.0
2864 2865 -1.0
2865 2925 -1.0
2865 2866 -1.0
2866 2926 -1.0
2866 2867 -1.0
2867 2927 -1.0
2867 2868 -1.0
2868 2928 -1.0
2868 2869 -1.0
2869 2929 -1.0
2869 2870 -1.0
2870 2930 -1.0
2870 2871 -1.0
2871 2931 -1.0
2871 2872 -1.0
2872 2932 -1.0
2872 2873 -1.0
2873 2933 -1.0
2873 2874 -1.0
2874 2934 -1.0
2874 2875 -1.0
2875 2935 -1.0
2875 2876 -1.0
2876 2936 -1.0
2876 2877 -1.0
2877 2937 -1.0
2877 2878 -1.0
2878 2938 -1.0
2878 2879 -1.0
2879 2939 -1.0
2879 2880 -1.0
2880 2940 -1.0
2881 2941 -1.0
2881 2940 -1.0
2881 2882 -1.0
2882 2942 -1.0
2882 2883 -1.0
2883 2943 -1.0
2883 2884 -1.0
2884 2944 -1.0
2884 2885 -1.0
2885 2945 -1.0
2885 2886 -1.0
2886 2946 -1.0
2886 2887 -1.0
2887 2947 -1.0
2887 2888 -1.0
2888 2948 -1.0
2888 2889 -1.0
2889 2949 -1.0
2889 2890 -1.0
2890 2950 -1.0
2890 2891 -1.0
2891 2951 -1.0
2891 2892 -1.0
2892 2952 -1.0
2892 2893 -1.0
2893 2953 -1.0
2893 2894 -1.0
2894 2954 -1.0
2894 2895 -1.0
2895 2955 -1.0
2895 2896 -1.0
2896 2956 -1.0
2896 2897 -1.0
2897 2957 -1.0
2897 2898 -1.0
2898 2958 -1.0
2898 2899 -1.0
2899 2959 -1.0
2899 2900 -1.0
2900 2960 -1.0
2900 2901 -1.0
2901 2961 -1.0
2901 2902 -1.0
2902 2962 -1.0
2902 2903 -1.0
2903 2963 -1.0
2903 2904 -1.0
2904 2964 -1.0
2904 2905 -1.0
2905 2965 -1.0
2905 2906 -1.0
2906 2966 -1.0
2906 2907 -1.0
2907 2967 -1.0
2907 2908 -1.0
2908 2968 -1.0
2908 2909 -1.0
2909 2969 -1.0
2909 2910 -1.0
2910 2970 -1.0
2910 2911 -1.0
2911 2971 -1.0
2911 2912 -1.0
2912 2972 -1.0
2912 2913 -1.0
2913 2973 -1.0
2913 2914 -1.0
2914 2974 -1.0
2914 2915 -1.0
2915 2975 -1.0
2915 2916 -1.0
2916 2976 -1.0
2916 2917 -1.0
2917 2977 -1.0
2917 2918 -1.0
2918 2978 -1.0
2918 2919 -1.0
2919 2979 -1.0
2919 2920 -1.0
2920 2980 -1.0
2920 2921 -1.0
2921 2981 -1.0
2921 2922 -1.0
2922 2982 -1.0
2922 2923 -1.0
2923 2983 -1.0
2923 2924 -1.0
2924 2984 -1.0
2924 2925 -1.0
2925 2985 -1.0
2925 2926 -1.0
2926 2986 -1.0
2926 2927 -1.0
2927 2987 -1.0
2927 2928 -1.0
2928 2988 -1.0
2928 2929 -1.0
2929 2989 -1.0
2929 2930 -1.0
2930 2990 -1.0
2930 2931 -1.0
2931 2991 -1.0
2931 2932 -1.0
2932 2992 -1.0
2932 2933 -1.0
2933 2993 -1.0
2933 2934 -1.0
2934 2994 -1.0
2934 2935 -1.0
2935 2995 -1.0
2935 2936 -1.0
2936 2996 -1.0
2936 2937 -1.0
2937 2997 -1.0
2937 2938 -1.0
2938 2998 -1.0
2938 2939 -1.0
2939 2999 -1.0
2939 2940 -1.0
2940 3000 -1.0
2941 3000 -1.0
2941 2942 -1.0
2942 2943 -1.0
2943 2944 -1.0
2944 2945 -1.0
2945 2946 -1.0
2946 2947 -1.0
2947 2948 -1.0
2948 2949 -1.0
2949 2950 -1.0
2950 2951 -1.0
2951 2952 -1.0
2952 2953 -1.0
2953 2954 -1.0
2954 2955 -1.0
2955 2956 -1.0
2956 2957 -1.0
2957 2958 -1.0
2958 2959 -1.0
2959 2960 -1.0
2960 2961 -1.0
2961 2962 -1.0
2962 2963 -1.0
2963 2964 -1.0
2964 2965 -1.0
2965 2966 -1.0
2966 2967 -1.0
2967 2968 -1.0
2968 2969 -1.0
2969 2970 -1.0
2970 2971 -1.0
2971 2972 -1.0
2972 2973 -1.0
2973 2974 -1.0
2974 2975 -1.0
2975 2976 -1.0
2976 2977 -1.0
2977 2978 -1.0
2978 2979 -1.0
2979 2980 -1.0
2980 2981 -1.0
2981 2982 -1.0
2982 2983 -1.0
2983 2984 -1.0
2984 2985 -1.0
2985 2986 -1.0
2986 2987 -1.0
2987 2988 -1.0
2988 2989 -1.0
2989 2990 -1.0
2990 2991 -1.0
2991 2992 -1.0
2992 2993 -1.0
2993 2994 -1.0
2994 2995 -1.0
2995 2996 -1.0
2996 2997 -1.0
2997 2998 -1.0
2998 2999 -1.0
2999 3000 -1.0
