MULTICUT
1 2 -5.0
2 3 -5.0
3 4 -5.0
4 5 -5.0
5 6 -5.0
6 7 -5.0
7 8 -5.0
8 9 -5.0
9 10 -5.0
12 13 -5.0
13 14 -5.0
15 16 -5.0
16 17 -5.0
17 18 -5.0
18 19 -5.0
19 20 -5.0
20 21 -5.0
21 22 -5.0
22 23 -5.0
23 24 -5.0
24 25 -5.0
25 26 -5.0
26 27 -5.0
27 28 -5.0
28 29 -5.0
29 30 -5.0
30 31 -5.0
31 32 -5.0
32 33 -5.0
33 34 -5.0
34 35 -5.0
35 36 -5.0
36 37 -5.0
37 38 -5.0
38 39 -5.0
39 40 -5.0
40 41 -5.0
41 42 -5.0
42 43 -5.0
43 44 -5.0
44 45 -5.0
47 48 -5.0
48 49 -5.0
49 50 -5.0
50 51 -5.0
51 52 -5.0
52 53 -5.0
53 54 -5.0
54 55 -5.0
55 56 -5.0
56 57 -5.0
57 58 -5.0
58 59 -5.0
59 60 -5.0
60 61 -5.0
61 62 -5.0
62 63 -5.0
63 64 -5.0
64 65 -5.0
65 66 -5.0
66 67 -5.0
67 68 -5.0
68 69 -5.0
69 70 -5.0
70 71 -5.0
71 72 -5.0
72 73 -5.0
73 74 -5.0
74 75 -5.0
75 76 -5.0
76 77 -5.0
77 78 -5.0
78 79 -5.0
79 80 -5.0
80 81 -5.0
81 82 -5.0
82 83 -5.0
83 84 -5.0
84 85 -5.0
85 86 -5.0
86 87 -5.0
87 88 -5.0
88 89 -5.0
89 90 -5.0
90 91 -5.0
91 92 -5.0
92 93 -5.0
93 94 -5.0
94 95 -5.0
95 96 -5.0
96 97 -5.0
97 98 -5.0
98 99 -5.0
99 100 -5.0
100 101 -5.0
1 102 -13.0
2 103 -13.0
3 104 -13.0
4 105 -13.0
5 106 -13.0
6 107 -13.0
8 108 -13.0
10 109 -13.0
11 111 -13.0
12 112 -13.0
13 113 -13.0
14 114 -13.0
15 115 -13.0
16 116 -13.0
17 117 -13.0
18 118 -13.0
19 119 -13.0
20 120 -13.0
21 121 -13.0
22 122 -13.0
23 123 -13.0
24 124 -13.0
25 125 -13.0
26 126 -13.0
27 127 -13.0
28 128 -13.0
30 130 -13.0
32 132 -13.0
34 133 -13.0
35 134 -13.0
36 135 -13.0
37 136 -13.0
38 137 -13.0
39 138 -13.0
40 139 -13.0
41 140 -13.0
42 141 -13.0
43 142 -13.0
44 143 -13.0
45 144 -13.0
46 146 -13.0
47 147 -13.0
48 148 -13.0
49 149 -13.0
50 150 -13.0
51 151 -13.0
52 152 -13.0
53 153 -13.0
54 154 -13.0
55 155 -13.0
56 156 -13.0
57 157 -13.0
58 158 -13.0
59 159 -13.0
60 160 -13.0
61 161 -13.0
62 162 -13.0
63 163 -13.0
64 164 -13.0
65 165 -13.0
66 166 -13.0
67 167 -13.0
68 168 -13.0
69 169 -13.0
70 170 -13.0
71 171 -13.0
72 172 -13.0
73 173 -13.0
74 174 -13.0
75 175 -13.0
76 176 -13.0
77 177 -13.0
78 178 -13.0
79 179 -13.0
80 180 -13.0
81 181 -13.0
82 182 -13.0
84 183 -13.0
86 184 -13.0
87 185 -13.0
88 186 -13.0
89 187 -13.0
90 188 -13.0
91 189 -13.0
92 190 -13.0
93 191 -13.0
94 192 -13.0
95 193 -13.0
96 194 -13.0
97 195 -13.0
98 196 -13.0
99 197 -13.0
100 198 -13.0
101 199 -13.0
102 103 -5.0
103 104 -5.0
104 105 -5.0
105 106 -5.0
106 107 -5.0
109 110 -5.0
110 111 -5.0
112 113 -5.0
113 114 -5.0
115 116 -5.0
116 117 -5.0
117 118 -5.0
118 119 -5.0
119 120 -5.0
120 121 -5.0
121 122 -5.0
122 123 -5.0
123 124 -5.0
124 125 -5.0
125 126 -5.0
126 127 -5.0
127 128 -5.0
128 129 -5.0
129 130 -5.0
130 131 -5.0
131 132 -5.0
133 134 -5.0
134 135 -5.0
135 136 -5.0
136 137 -5.0
137 138 -5.0
138 139 -5.0
139 140 -5.0
140 141 -5.0
141 142 -5.0
142 143 -5.0
143 144 -5.0
144 145 -5.0
145 146 -5.0
147 148 -5.0
148 149 -5.0
149 150 -5.0
150 151 -5.0
151 152 -5.0
152 153 -5.0
153 154 -5.0
154 155 -5.0
155 156 -5.0
156 157 -5.0
157 158 -5.0
158 159 -5.0
159 160 -5.0
160 161 -5.0
161 162 -5.0
162 163 -5.0
163 164 -5.0
164 165 -5.0
165 166 -5.0
166 167 -5.0
167 168 -5.0
168 169 -5.0
169 170 -5.0
170 171 -5.0
171 172 -5.0
172 173 -5.0
173 174 -5.0
174 175 -5.0
175 176 -5.0
176 177 -5.0
177 178 -5.0
178 179 -5.0
179 180 -5.0
180 181 -5.0
181 182 -5.0
184 185 -5.0
185 186 -5.0
186 187 -5.0
187 188 -5.0
188 189 -5.0
189 190 -5.0
190 191 -5.0
191 192 -5.0
192 193 -5.0
193 194 -5.0
194 195 -5.0
195 196 -5.0
196 197 -5.0
197 198 -5.0
198 199 -5.0
102 200 -13.0
103 201 -13.0
104 202 -13.0
105 203 -13.0
106 204 -13.0
107 205 -13.0
108 206 -13.0
109 207 -13.0
110 208 -13.0
111 209 -13.0
112 211 -13.0
113 212 -13.0
114 213 -13.0
115 215 -13.0
116 216 -13.0
117 217 -13.0
118 218 -13.0
119 219 -13.0
120 220 -13.0
121 221 -13.0
122 222 -13.0
123 223 -13.0
124 224 -13.0
125 225 -13.0
126 226 -13.0
127 227 -13.0
128 228 -13.0
129 229 -13.0
130 230 -13.0
131 231 -13.0
132 232 -13.0
133 233 -13.0
143 234 -13.0
144 235 -13.0
145 236 -13.0
146 237 -13.0
147 239 -13.0
148 240 -13.0
149 241 -13.0
150 242 -13.0
152 243 -13.0
153 244 -13.0
154 245 -13.0
155 246 -13.0
156 247 -13.0
157 248 -13.0
158 249 -13.0
159 250 -13.0
160 251 -13.0
161 252 -13.0
162 253 -13.0
163 254 -13.0
164 255 -13.0
165 256 -13.0
166 257 -13.0
167 258 -13.0
168 259 -13.0
169 260 -13.0
170 261 -13.0
171 262 -13.0
175 263 -13.0
176 264 -13.0
177 265 -13.0
178 266 -13.0
179 267 -13.0
180 268 -13.0
181 269 -13.0
182 270 -13.0
183 271 -13.0
184 272 -13.0
185 273 -13.0
186 274 -13.0
187 275 -13.0
188 276 -13.0
189 277 -13.0
190 278 -13.0
191 279 -13.0
192 280 -13.0
193 281 -13.0
194 282 -13.0
195 283 -13.0
196 284 -13.0
197 285 -13.0
198 286 -13.0
199 287 -13.0
200 201 -5.0
201 202 -5.0
202 203 -5.0
203 204 -5.0
204 205 -5.0
207 208 -5.0
208 209 -5.0
209 210 -5.0
210 211 -5.0
211 212 -5.0
212 213 -5.0
213 214 -5.0
214 215 -5.0
215 216 -5.0
216 217 -5.0
217 218 -5.0
218 219 -5.0
219 220 -5.0
220 221 -5.0
221 222 -5.0
222 223 -5.0
223 224 -5.0
224 225 -5.0
225 226 -5.0
226 227 -5.0
227 228 -5.0
228 229 -5.0
229 230 -5.0
230 231 -5.0
231 232 -5.0
234 235 -5.0
235 236 -5.0
236 237 -5.0
237 238 -5.0
238 239 -5.0
239 240 -5.0
240 241 -5.0
241 242 -5.0
243 244 -5.0
244 245 -5.0
245 246 -5.0
246 247 -5.0
247 248 -5.0
248 249 -5.0
249 250 -5.0
250 251 -5.0
251 252 -5.0
252 253 -5.0
253 254 -5.0
254 255 -5.0
255 256 -5.0
256 257 -5.0
257 258 -5.0
258 259 -5.0
259 260 -5.0
260 261 -5.0
261 262 -5.0
263 264 -5.0
264 265 -5.0
265 266 -5.0
266 267 -5.0
267 268 -5.0
268 269 -5.0
269 270 -5.0
272 273 -5.0
273 274 -5.0
274 275 -5.0
275 276 -5.0
276 277 -5.0
277 278 -5.0
278 279 -5.0
279 280 -5.0
280 281 -5.0
281 282 -5.0
282 283 -5.0
283 284 -5.0
284 285 -5.0
285 286 -5.0
286 287 -5.0
200 288 -13.0
201 289 -13.0
202 290 -13.0
203 291 -13.0
204 292 -13.0
205 293 -13.0
206 295 -13.0
207 297 -13.0
208 298 -13.0
209 299 -13.0
210 300 -13.0
211 301 -13.0
212 302 -13.0
213 303 -13.0
214 304 -13.0
215 305 -13.0
216 306 -13.0
217 307 -13.0
218 308 -13.0
219 309 -13.0
220 310 -13.0
221 311 -13.0
222 312 -13.0
223 313 -13.0
224 314 -13.0
225 315 -13.0
226 316 -13.0
227 317 -13.0
228 318 -13.0
229 319 -13.0
230 320 -13.0
231 321 -13.0
232 322 -13.0
233 324 -13.0
234 325 -13.0
235 326 -13.0
236 327 -13.0
237 328 -13.0
238 329 -13.0
239 330 -13.0
241 331 -13.0
242 332 -13.0
243 333 -13.0
244 334 -13.0
245 335 -13.0
246 336 -13.0
247 337 -13.0
248 338 -13.0
249 339 -13.0
251 340 -13.0
252 341 -13.0
253 342 -13.0
254 343 -13.0
255 344 -13.0
256 345 -13.0
257 346 -13.0
258 347 -13.0
259 348 -13.0
260 349 -13.0
261 350 -13.0
262 351 -13.0
263 352 -13.0
264 353 -13.0
265 354 -13.0
266 355 -13.0
267 356 -13.0
268 357 -13.0
270 358 -13.0
271 360 -13.0
272 362 -13.0
274 363 -13.0
275 364 -13.0
276 365 -13.0
277 366 -13.0
278 367 -13.0
279 368 -13.0
280 369 -13.0
281 370 -13.0
282 371 -13.0
283 372 -13.0
284 373 -13.0
285 374 -13.0
286 375 -13.0
287 376 -13.0
288 289 -5.0
289 290 -5.0
290 291 -5.0
291 292 -5.0
292 293 -5.0
293 294 -5.0
294 295 -5.0
295 296 -5.0
296 297 -5.0
297 298 -5.0
298 299 -5.0
299 300 -5.0
300 301 -5.0
301 302 -5.0
302 303 -5.0
303 304 -5.0
304 305 -5.0
305 306 -5.0
306 307 -5.0
307 308 -5.0
308 309 -5.0
309 310 -5.0
310 311 -5.0
311 312 -5.0
312 313 -5.0
313 314 -5.0
314 315 -5.0
315 316 -5.0
316 317 -5.0
317 318 -5.0
318 319 -5.0
319 320 -5.0
320 321 -5.0
321 322 -5.0
322 323 -5.0
323 324 -5.0
325 326 -5.0
326 327 -5.0
327 328 -5.0
328 329 -5.0
329 330 -5.0
331 332 -5.0
333 334 -5.0
334 335 -5.0
335 336 -5.0
336 337 -5.0
337 338 -5.0
338 339 -5.0
340 341 -5.0
341 342 -5.0
342 343 -5.0
343 344 -5.0
344 345 -5.0
345 346 -5.0
346 347 -5.0
347 348 -5.0
348 349 -5.0
349 350 -5.0
350 351 -5.0
352 353 -5.0
353 354 -5.0
354 355 -5.0
355 356 -5.0
356 357 -5.0
358 359 -5.0
359 360 -5.0
360 361 -5.0
361 362 -5.0
363 364 -5.0
364 365 -5.0
365 366 -5.0
366 367 -5.0
367 368 -5.0
368 369 -5.0
369 370 -5.0
370 371 -5.0
371 372 -5.0
372 373 -5.0
373 374 -5.0
374 375 -5.0
375 376 -5.0
288 377 -13.0
289 378 -13.0
290 379 -13.0
291 380 -13.0
293 381 -13.0
294 382 -13.0
295 383 -13.0
296 384 -13.0
297 385 -13.0
299 386 -13.0
300 387 -13.0
301 388 -13.0
303 389 -13.0
304 390 -13.0
314 391 -13.0
315 392 -13.0
316 393 -13.0
317 394 -13.0
318 395 -13.0
319 396 -13.0
320 397 -13.0
321 398 -13.0
322 399 -13.0
323 400 -13.0
324 401 -13.0
325 402 -13.0
326 403 -13.0
327 404 -13.0
329 406 -13.0
330 407 -13.0
331 408 -13.0
332 409 -13.0
333 411 -13.0
334 412 -13.0
335 413 -13.0
337 414 -13.0
338 415 -13.0
339 416 -13.0
340 417 -13.0
341 418 -13.0
342 419 -13.0
343 420 -13.0
344 421 -13.0
345 422 -13.0
346 423 -13.0
347 424 -13.0
348 425 -13.0
349 426 -13.0
350 427 -13.0
351 428 -13.0
352 429 -13.0
353 430 -13.0
354 431 -13.0
355 432 -13.0
356 433 -13.0
357 434 -13.0
358 435 -13.0
359 436 -13.0
360 437 -13.0
361 438 -13.0
362 439 -13.0
363 440 -13.0
364 441 -13.0
365 442 -13.0
366 443 -13.0
367 444 -13.0
368 445 -13.0
369 446 -13.0
370 447 -13.0
371 448 -13.0
372 449 -13.0
373 450 -13.0
374 451 -13.0
375 452 -13.0
376 453 -13.0
377 378 -5.0
378 379 -5.0
379 380 -5.0
381 382 -5.0
382 383 -5.0
383 384 -5.0
384 385 -5.0
386 387 -5.0
387 388 -5.0
389 390 -5.0
391 392 -5.0
392 393 -5.0
393 394 -5.0
394 395 -5.0
395 396 -5.0
396 397 -5.0
397 398 -5.0
398 399 -5.0
399 400 -5.0
400 401 -5.0
402 403 -5.0
403 404 -5.0
404 405 -5.0
405 406 -5.0
406 407 -5.0
408 409 -5.0
409 410 -5.0
410 411 -5.0
411 412 -5.0
412 413 -5.0
414 415 -5.0
415 416 -5.0
417 418 -5.0
418 419 -5.0
419 420 -5.0
420 421 -5.0
421 422 -5.0
422 423 -5.0
423 424 -5.0
424 425 -5.0
425 426 -5.0
426 427 -5.0
427 428 -5.0
429 430 -5.0
430 431 -5.0
431 432 -5.0
432 433 -5.0
433 434 -5.0
435 436 -5.0
436 437 -5.0
437 438 -5.0
438 439 -5.0
440 441 -5.0
441 442 -5.0
442 443 -5.0
443 444 -5.0
444 445 -5.0
445 446 -5.0
446 447 -5.0
447 448 -5.0
448 449 -5.0
449 450 -5.0
450 451 -5.0
451 452 -5.0
452 453 -5.0
377 454 -13.0
378 455 -13.0
379 456 -13.0
380 457 -13.0
381 458 -13.0
382 459 -13.0
383 460 -13.0
385 461 -13.0
386 462 -13.0
388 463 -13.0
389 464 -13.0
390 465 -13.0
391 466 -13.0
392 467 -13.0
394 468 -13.0
395 469 -13.0
396 470 -13.0
397 471 -13.0
398 472 -13.0
399 473 -13.0
400 474 -13.0
401 475 -13.0
402 476 -13.0
403 477 -13.0
404 478 -13.0
405 479 -13.0
406 480 -13.0
407 481 -13.0
408 483 -13.0
409 484 -13.0
410 485 -13.0
411 486 -13.0
412 487 -13.0
413 488 -13.0
414 489 -13.0
415 490 -13.0
416 491 -13.0
417 493 -13.0
418 494 -13.0
419 495 -13.0
420 496 -13.0
421 497 -13.0
422 498 -13.0
423 499 -13.0
424 500 -13.0
425 501 -13.0
426 502 -13.0
427 503 -13.0
428 504 -13.0
429 505 -13.0
430 506 -13.0
431 507 -13.0
432 508 -13.0
433 509 -13.0
434 510 -13.0
435 512 -13.0
436 513 -13.0
437 514 -13.0
439 515 -13.0
440 517 -13.0
442 518 -13.0
443 519 -13.0
444 520 -13.0
445 521 -13.0
446 522 -13.0
447 523 -13.0
448 524 -13.0
449 525 -13.0
450 526 -13.0
451 527 -13.0
452 528 -13.0
453 529 -13.0
454 455 -5.0
455 456 -5.0
456 457 -5.0
458 459 -5.0
459 460 -5.0
464 465 -5.0
466 467 -5.0
468 469 -5.0
469 470 -5.0
470 471 -5.0
471 472 -5.0
472 473 -5.0
473 474 -5.0
474 475 -5.0
476 477 -5.0
477 478 -5.0
478 479 -5.0
479 480 -5.0
480 481 -5.0
481 482 -5.0
482 483 -5.0
483 484 -5.0
484 485 -5.0
485 486 -5.0
486 487 -5.0
487 488 -5.0
489 490 -5.0
490 491 -5.0
491 492 -5.0
492 493 -5.0
493 494 -5.0
494 495 -5.0
495 496 -5.0
496 497 -5.0
497 498 -5.0
498 499 -5.0
499 500 -5.0
500 501 -5.0
501 502 -5.0
502 503 -5.0
503 504 -5.0
505 506 -5.0
506 507 -5.0
507 508 -5.0
508 509 -5.0
509 510 -5.0
510 511 -5.0
511 512 -5.0
512 513 -5.0
513 514 -5.0
515 516 -5.0
516 517 -5.0
518 519 -5.0
519 520 -5.0
520 521 -5.0
521 522 -5.0
522 523 -5.0
523 524 -5.0
524 525 -5.0
525 526 -5.0
526 527 -5.0
527 528 -5.0
528 529 -5.0
454 530 -13.0
455 531 -13.0
456 532 -13.0
457 533 -13.0
458 535 -13.0
459 536 -13.0
460 537 -13.0
461 538 -13.0
462 540 -13.0
463 541 -13.0
464 543 -13.0
465 544 -13.0
466 545 -13.0
467 546 -13.0
468 547 -13.0
469 548 -13.0
470 549 -13.0
471 550 -13.0
472 551 -13.0
473 552 -13.0
474 553 -13.0
475 554 -13.0
476 564 -13.0
477 565 -13.0
478 566 -13.0
479 567 -13.0
480 568 -13.0
481 569 -13.0
482 570 -13.0
483 571 -13.0
484 572 -13.0
486 573 -13.0
487 574 -13.0
488 575 -13.0
489 577 -13.0
490 578 -13.0
491 579 -13.0
492 580 -13.0
493 581 -13.0
494 582 -13.0
495 583 -13.0
496 584 -13.0
497 585 -13.0
498 586 -13.0
499 587 -13.0
500 588 -13.0
501 589 -13.0
502 590 -13.0
503 591 -13.0
504 592 -13.0
505 596 -13.0
506 597 -13.0
507 598 -13.0
508 599 -13.0
509 600 -13.0
510 601 -13.0
511 602 -13.0
512 603 -13.0
514 604 -13.0
515 605 -13.0
516 606 -13.0
517 607 -13.0
518 608 -13.0
519 609 -13.0
520 610 -13.0
521 611 -13.0
522 612 -13.0
523 613 -13.0
524 614 -13.0
525 615 -13.0
526 616 -13.0
527 617 -13.0
528 618 -13.0
530 531 -5.0
531 532 -5.0
532 533 -5.0
533 534 -5.0
534 535 -5.0
535 536 -5.0
536 537 -5.0
538 539 -5.0
539 540 -5.0
541 542 -5.0
542 543 -5.0
543 544 -5.0
545 546 -5.0
547 548 -5.0
548 549 -5.0
549 550 -5.0
550 551 -5.0
551 552 -5.0
552 553 -5.0
553 554 -5.0
554 555 -5.0
555 556 -5.0
556 557 -5.0
557 558 -5.0
558 559 -5.0
559 560 -5.0
560 561 -5.0
561 562 -5.0
562 563 -5.0
563 564 -5.0
564 565 -5.0
565 566 -5.0
566 567 -5.0
567 568 -5.0
568 569 -5.0
569 570 -5.0
570 571 -5.0
571 572 -5.0
573 574 -5.0
574 575 -5.0
575 576 -5.0
576 577 -5.0
577 578 -5.0
578 579 -5.0
579 580 -5.0
580 581 -5.0
581 582 -5.0
582 583 -5.0
583 584 -5.0
584 585 -5.0
585 586 -5.0
586 587 -5.0
587 588 -5.0
588 589 -5.0
589 590 -5.0
590 591 -5.0
591 592 -5.0
592 593 -5.0
593 594 -5.0
594 595 -5.0
595 596 -5.0
596 597 -5.0
597 598 -5.0
598 599 -5.0
599 600 -5.0
600 601 -5.0
601 602 -5.0
602 603 -5.0
605 606 -5.0
606 607 -5.0
608 609 -5.0
609 610 -5.0
610 611 -5.0
611 612 -5.0
612 613 -5.0
613 614 -5.0
614 615 -5.0
615 616 -5.0
616 617 -5.0
617 618 -5.0
530 619 -13.0
531 620 -13.0
532 621 -13.0
533 622 -13.0
534 623 -13.0
535 624 -13.0
537 625 -13.0
538 627 -13.0
539 628 -13.0
540 629 -13.0
541 631 -13.0
542 632 -13.0
543 633 -13.0
544 634 -13.0
545 635 -13.0
546 636 -13.0
547 638 -13.0
548 639 -13.0
549 640 -13.0
550 641 -13.0
551 642 -13.0
552 643 -13.0
553 644 -13.0
554 645 -13.0
555 646 -13.0
556 647 -13.0
557 648 -13.0
558 649 -13.0
559 650 -13.0
560 651 -13.0
561 652 -13.0
562 653 -13.0
563 654 -13.0
564 655 -13.0
565 656 -13.0
566 657 -13.0
567 658 -13.0
568 659 -13.0
570 660 -13.0
571 661 -13.0
572 662 -13.0
573 663 -13.0
574 664 -13.0
575 665 -13.0
576 666 -13.0
577 667 -13.0
578 668 -13.0
579 669 -13.0
580 670 -13.0
581 671 -13.0
582 672 -13.0
583 673 -13.0
584 674 -13.0
585 675 -13.0
586 676 -13.0
587 677 -13.0
588 678 -13.0
589 679 -13.0
590 680 -13.0
591 681 -13.0
592 682 -13.0
593 683 -13.0
594 684 -13.0
595 685 -13.0
596 686 -13.0
597 687 -13.0
598 688 -13.0
599 689 -13.0
600 690 -13.0
601 691 -13.0
603 692 -13.0
604 693 -13.0
605 695 -13.0
606 696 -13.0
607 697 -13.0
608 699 -13.0
609 700 -13.0
611 701 -13.0
612 702 -13.0
613 703 -13.0
615 704 -13.0
616 705 -13.0
617 706 -13.0
618 707 -13.0
619 620 -5.0
620 621 -5.0
621 622 -5.0
622 623 -5.0
623 624 -5.0
625 626 -5.0
626 627 -5.0
627 628 -5.0
628 629 -5.0
629 630 -5.0
630 631 -5.0
631 632 -5.0
632 633 -5.0
633 634 -5.0
635 636 -5.0
636 637 -5.0
637 638 -5.0
638 639 -5.0
639 640 -5.0
640 641 -5.0
641 642 -5.0
642 643 -5.0
643 644 -5.0
644 645 -5.0
645 646 -5.0
646 647 -5.0
647 648 -5.0
648 649 -5.0
649 650 -5.0
650 651 -5.0
651 652 -5.0
652 653 -5.0
653 654 -5.0
654 655 -5.0
655 656 -5.0
656 657 -5.0
657 658 -5.0
658 659 -5.0
660 661 -5.0
661 662 -5.0
663 664 -5.0
664 665 -5.0
665 666 -5.0
666 667 -5.0
667 668 -5.0
668 669 -5.0
669 670 -5.0
670 671 -5.0
671 672 -5.0
672 673 -5.0
673 674 -5.0
674 675 -5.0
675 676 -5.0
676 677 -5.0
677 678 -5.0
678 679 -5.0
679 680 -5.0
680 681 -5.0
681 682 -5.0
682 683 -5.0
683 684 -5.0
684 685 -5.0
685 686 -5.0
686 687 -5.0
687 688 -5.0
688 689 -5.0
689 690 -5.0
690 691 -5.0
693 694 -5.0
694 695 -5.0
695 696 -5.0
696 697 -5.0
697 698 -5.0
698 699 -5.0
699 700 -5.0
701 702 -5.0
702 703 -5.0
704 705 -5.0
705 706 -5.0
706 707 -5.0
619 708 -13.0
620 709 -13.0
621 710 -13.0
622 711 -13.0
623 712 -13.0
624 713 -13.0
625 714 -13.0
626 715 -13.0
627 716 -13.0
629 717 -13.0
630 718 -13.0
631 719 -13.0
632 720 -13.0
633 721 -13.0
634 722 -13.0
635 732 -13.0
636 733 -13.0
637 734 -13.0
638 735 -13.0
640 736 -13.0
641 737 -13.0
642 738 -13.0
643 739 -13.0
645 741 -13.0
646 742 -13.0
647 743 -13.0
648 744 -13.0
649 745 -13.0
650 746 -13.0
651 747 -13.0
652 748 -13.0
653 749 -13.0
654 750 -13.0
656 752 -13.0
657 753 -13.0
658 754 -13.0
659 755 -13.0
660 756 -13.0
662 757 -13.0
663 759 -13.0
665 760 -13.0
666 761 -13.0
667 762 -13.0
668 763 -13.0
669 764 -13.0
670 765 -13.0
671 766 -13.0
672 767 -13.0
673 768 -13.0
674 769 -13.0
675 770 -13.0
676 771 -13.0
677 772 -13.0
678 773 -13.0
679 774 -13.0
680 775 -13.0
681 776 -13.0
682 777 -13.0
683 778 -13.0
684 779 -13.0
685 780 -13.0
686 781 -13.0
687 782 -13.0
689 783 -13.0
690 784 -13.0
691 785 -13.0
692 786 -13.0
693 788 -13.0
694 789 -13.0
695 790 -13.0
696 791 -13.0
697 792 -13.0
698 793 -13.0
699 794 -13.0
700 795 -13.0
701 796 -13.0
702 797 -13.0
703 798 -13.0
704 799 -13.0
705 800 -13.0
706 801 -13.0
707 802 -13.0
708 709 -5.0
709 710 -5.0
710 711 -5.0
711 712 -5.0
712 713 -5.0
714 715 -5.0
715 716 -5.0
717 718 -5.0
718 719 -5.0
719 720 -5.0
720 721 -5.0
721 722 -5.0
722 723 -5.0
723 724 -5.0
724 725 -5.0
725 726 -5.0
726 727 -5.0
727 728 -5.0
728 729 -5.0
729 730 -5.0
730 731 -5.0
731 732 -5.0
732 733 -5.0
733 734 -5.0
734 735 -5.0
736 737 -5.0
737 738 -5.0
738 739 -5.0
739 740 -5.0
740 741 -5.0
741 742 -5.0
742 743 -5.0
743 744 -5.0
744 745 -5.0
745 746 -5.0
746 747 -5.0
747 748 -5.0
748 749 -5.0
749 750 -5.0
750 751 -5.0
751 752 -5.0
752 753 -5.0
753 754 -5.0
754 755 -5.0
757 758 -5.0
758 759 -5.0
760 761 -5.0
761 762 -5.0
762 763 -5.0
763 764 -5.0
764 765 -5.0
765 766 -5.0
766 767 -5.0
767 768 -5.0
768 769 -5.0
769 770 -5.0
770 771 -5.0
771 772 -5.0
772 773 -5.0
773 774 -5.0
774 775 -5.0
775 776 -5.0
776 777 -5.0
777 778 -5.0
778 779 -5.0
779 780 -5.0
780 781 -5.0
781 782 -5.0
783 784 -5.0
784 785 -5.0
786 787 -5.0
787 788 -5.0
788 789 -5.0
789 790 -5.0
790 791 -5.0
791 792 -5.0
792 793 -5.0
793 794 -5.0
794 795 -5.0
796 797 -5.0
797 798 -5.0
799 800 -5.0
800 801 -5.0
801 802 -5.0
802 803 -5.0
708 804 -13.0
709 805 -13.0
710 806 -13.0
711 807 -13.0
712 808 -13.0
713 809 -13.0
714 811 -13.0
715 812 -13.0
716 813 -13.0
717 814 -13.0
718 815 -13.0
719 816 -13.0
720 817 -13.0
722 818 -13.0
723 819 -13.0
724 820 -13.0
725 821 -13.0
726 822 -13.0
727 823 -13.0
728 824 -13.0
729 825 -13.0
730 826 -13.0
731 827 -13.0
732 828 -13.0
733 829 -13.0
734 830 -13.0
735 831 -13.0
736 832 -13.0
737 833 -13.0
738 834 -13.0
739 835 -13.0
740 836 -13.0
741 837 -13.0
742 838 -13.0
743 839 -13.0
744 840 -13.0
745 841 -13.0
746 842 -13.0
747 843 -13.0
749 844 -13.0
750 845 -13.0
751 846 -13.0
752 847 -13.0
753 848 -13.0
754 849 -13.0
755 850 -13.0
756 852 -13.0
757 853 -13.0
758 854 -13.0
759 855 -13.0
760 856 -13.0
761 857 -13.0
762 858 -13.0
763 859 -13.0
764 860 -13.0
765 861 -13.0
766 862 -13.0
767 863 -13.0
768 864 -13.0
769 865 -13.0
770 866 -13.0
771 867 -13.0
772 868 -13.0
773 869 -13.0
774 870 -13.0
775 871 -13.0
776 872 -13.0
777 873 -13.0
778 874 -13.0
779 875 -13.0
780 876 -13.0
781 877 -13.0
782 878 -13.0
783 879 -13.0
784 880 -13.0
785 881 -13.0
786 883 -13.0
787 884 -13.0
788 885 -13.0
789 886 -13.0
790 887 -13.0
791 888 -13.0
792 889 -13.0
793 890 -13.0
795 891 -13.0
796 893 -13.0
798 894 -13.0
799 896 -13.0
801 897 -13.0
802 898 -13.0
803 899 -13.0
804 805 -5.0
805 806 -5.0
806 807 -5.0
807 808 -5.0
808 809 -5.0
809 810 -5.0
810 811 -5.0
811 812 -5.0
812 813 -5.0
814 815 -5.0
815 816 -5.0
816 817 -5.0
818 819 -5.0
819 820 -5.0
820 821 -5.0
821 822 -5.0
822 823 -5.0
823 824 -5.0
824 825 -5.0
825 826 -5.0
826 827 -5.0
827 828 -5.0
828 829 -5.0
829 830 -5.0
830 831 -5.0
832 833 -5.0
833 834 -5.0
834 835 -5.0
835 836 -5.0
836 837 -5.0
837 838 -5.0
838 839 -5.0
839 840 -5.0
840 841 -5.0
841 842 -5.0
842 843 -5.0
844 845 -5.0
845 846 -5.0
846 847 -5.0
847 848 -5.0
848 849 -5.0
849 850 -5.0
850 851 -5.0
851 852 -5.0
853 854 -5.0
854 855 -5.0
856 857 -5.0
857 858 -5.0
858 859 -5.0
859 860 -5.0
860 861 -5.0
861 862 -5.0
862 863 -5.0
863 864 -5.0
864 865 -5.0
865 866 -5.0
866 867 -5.0
867 868 -5.0
868 869 -5.0
869 870 -5.0
870 871 -5.0
871 872 -5.0
872 873 -5.0
873 874 -5.0
874 875 -5.0
875 876 -5.0
876 877 -5.0
877 878 -5.0
879 880 -5.0
880 881 -5.0
881 882 -5.0
882 883 -5.0
883 884 -5.0
884 885 -5.0
885 886 -5.0
886 887 -5.0
887 888 -5.0
888 889 -5.0
889 890 -5.0
891 892 -5.0
892 893 -5.0
894 895 -5.0
895 896 -5.0
897 898 -5.0
898 899 -5.0
804 900 -13.0
805 901 -13.0
806 902 -13.0
807 903 -13.0
808 904 -13.0
809 905 -13.0
810 906 -13.0
811 907 -13.0
812 908 -13.0
813 909 -13.0
814 911 -13.0
815 912 -13.0
817 913 -13.0
818 914 -13.0
819 915 -13.0
820 916 -13.0
821 917 -13.0
822 918 -13.0
823 919 -13.0
824 920 -13.0
825 921 -13.0
827 922 -13.0
828 923 -13.0
829 924 -13.0
830 925 -13.0
831 926 -13.0
832 928 -13.0
833 929 -13.0
834 930 -13.0
835 931 -13.0
836 932 -13.0
837 933 -13.0
838 934 -13.0
839 935 -13.0
840 936 -13.0
841 937 -13.0
842 938 -13.0
843 939 -13.0
844 940 -13.0
846 941 -13.0
848 942 -13.0
849 943 -13.0
850 944 -13.0
851 945 -13.0
852 946 -13.0
853 948 -13.0
855 949 -13.0
856 951 -13.0
857 952 -13.0
858 953 -13.0
859 954 -13.0
860 955 -13.0
861 956 -13.0
862 957 -13.0
863 958 -13.0
864 959 -13.0
865 960 -13.0
866 961 -13.0
867 962 -13.0
868 963 -13.0
869 964 -13.0
870 965 -13.0
871 966 -13.0
872 967 -13.0
873 968 -13.0
874 969 -13.0
875 970 -13.0
876 971 -13.0
877 972 -13.0
878 973 -13.0
879 975 -13.0
880 976 -13.0
881 977 -13.0
882 978 -13.0
883 979 -13.0
884 980 -13.0
886 981 -13.0
887 982 -13.0
888 983 -13.0
889 984 -13.0
890 985 -13.0
891 986 -13.0
892 987 -13.0
893 988 -13.0
894 989 -13.0
895 990 -13.0
896 991 -13.0
897 992 -13.0
898 993 -13.0
900 901 -5.0
901 902 -5.0
902 903 -5.0
903 904 -5.0
904 905 -5.0
905 906 -5.0
906 907 -5.0
907 908 -5.0
908 909 -5.0
909 910 -5.0
910 911 -5.0
911 912 -5.0
914 915 -5.0
915 916 -5.0
916 917 -5.0
917 918 -5.0
918 919 -5.0
919 920 -5.0
920 921 -5.0
922 923 -5.0
923 924 -5.0
924 925 -5.0
925 926 -5.0
926 927 -5.0
927 928 -5.0
928 929 -5.0
929 930 -5.0
930 931 -5.0
931 932 -5.0
932 933 -5.0
933 934 -5.0
934 935 -5.0
935 936 -5.0
936 937 -5.0
937 938 -5.0
938 939 -5.0
942 943 -5.0
943 944 -5.0
944 945 -5.0
945 946 -5.0
946 947 -5.0
947 948 -5.0
949 950 -5.0
950 951 -5.0
951 952 -5.0
952 953 -5.0
953 954 -5.0
954 955 -5.0
955 956 -5.0
956 957 -5.0
957 958 -5.0
958 959 -5.0
959 960 -5.0
960 961 -5.0
961 962 -5.0
962 963 -5.0
963 964 -5.0
964 965 -5.0
965 966 -5.0
966 967 -5.0
967 968 -5.0
968 969 -5.0
969 970 -5.0
970 971 -5.0
971 972 -5.0
972 973 -5.0
973 974 -5.0
974 975 -5.0
975 976 -5.0
976 977 -5.0
977 978 -5.0
978 979 -5.0
979 980 -5.0
981 982 -5.0
982 983 -5.0
983 984 -5.0
984 985 -5.0
986 987 -5.0
987 988 -5.0
989 990 -5.0
990 991 -5.0
992 993 -5.0
900 994 -13.0
901 995 -13.0
902 996 -13.0
903 997 -13.0
904 998 -13.0
905 999 -13.0
906 1000 -13.0
907 1001 -13.0
908 1002 -13.0
909 1003 -13.0
910 1004 -13.0
911 1005 -13.0
912 1006 -13.0
913 1007 -13.0
914 1009 -13.0
915 1010 -13.0
916 1011 -13.0
917 1012 -13.0
918 1013 -13.0
919 1014 -13.0
920 1015 -13.0
921 1016 -13.0
922 1017 -13.0
924 1018 -13.0
925 1019 -13.0
926 1020 -13.0
927 1021 -13.0
928 1022 -13.0
929 1023 -13.0
930 1024 -13.0
931 1025 -13.0
933 1027 -13.0
934 1028 -13.0
935 1029 -13.0
936 1030 -13.0
937 1031 -13.0
938 1032 -13.0
939 1033 -13.0
940 1035 -13.0
941 1036 -13.0
942 1037 -13.0
943 1038 -13.0
944 1039 -13.0
945 1040 -13.0
946 1041 -13.0
947 1042 -13.0
948 1043 -13.0
949 1044 -13.0
950 1045 -13.0
951 1046 -13.0
952 1047 -13.0
953 1048 -13.0
954 1049 -13.0
955 1050 -13.0
956 1051 -13.0
957 1052 -13.0
958 1053 -13.0
959 1054 -13.0
960 1055 -13.0
961 1056 -13.0
962 1057 -13.0
963 1058 -13.0
964 1059 -13.0
965 1060 -13.0
966 1061 -13.0
967 1062 -13.0
968 1063 -13.0
969 1064 -13.0
970 1065 -13.0
971 1066 -13.0
972 1067 -13.0
973 1068 -13.0
974 1069 -13.0
975 1070 -13.0
976 1071 -13.0
977 1072 -13.0
978 1073 -13.0
979 1074 -13.0
980 1075 -13.0
981 1076 -13.0
982 1077 -13.0
983 1078 -13.0
984 1079 -13.0
985 1080 -13.0
986 1082 -13.0
988 1083 -13.0
989 1085 -13.0
990 1086 -13.0
991 1087 -13.0
992 1089 -13.0
993 1090 -13.0
994 995 -5.0
995 996 -5.0
996 997 -5.0
997 998 -5.0
998 999 -5.0
999 1000 -5.0
1000 1001 -5.0
1001 1002 -5.0
1002 1003 -5.0
1003 1004 -5.0
1004 1005 -5.0
1005 1006 -5.0
1007 1008 -5.0
1008 1009 -5.0
1009 1010 -5.0
1010 1011 -5.0
1011 1012 -5.0
1012 1013 -5.0
1013 1014 -5.0
1014 1015 -5.0
1015 1016 -5.0
1018 1019 -5.0
1019 1020 -5.0
1020 1021 -5.0
1021 1022 -5.0
1022 1023 -5.0
1023 1024 -5.0
1024 1025 -5.0
1025 1026 -5.0
1026 1027 -5.0
1027 1028 -5.0
1028 1029 -5.0
1029 1030 -5.0
1030 1031 -5.0
1031 1032 -5.0
1032 1033 -5.0
1033 1034 -5.0
1034 1035 -5.0
1037 1038 -5.0
1038 1039 -5.0
1039 1040 -5.0
1040 1041 -5.0
1041 1042 -5.0
1042 1043 -5.0
1044 1045 -5.0
1045 1046 -5.0
1046 1047 -5.0
1047 1048 -5.0
1048 1049 -5.0
1049 1050 -5.0
1050 1051 -5.0
1051 1052 -5.0
1052 1053 -5.0
1053 1054 -5.0
1054 1055 -5.0
1055 1056 -5.0
1056 1057 -5.0
1057 1058 -5.0
1058 1059 -5.0
1059 1060 -5.0
1060 1061 -5.0
1061 1062 -5.0
1062 1063 -5.0
1063 1064 -5.0
1064 1065 -5.0
1065 1066 -5.0
1066 1067 -5.0
1067 1068 -5.0
1068 1069 -5.0
1069 1070 -5.0
1070 1071 -5.0
1071 1072 -5.0
1072 1073 -5.0
1073 1074 -5.0
1074 1075 -5.0
1076 1077 -5.0
1077 1078 -5.0
1078 1079 -5.0
1079 1080 -5.0
1080 1081 -5.0
1081 1082 -5.0
1083 1084 -5.0
1084 1085 -5.0
1085 1086 -5.0
1086 1087 -5.0
1087 1088 -5.0
1088 1089 -5.0
1089 1090 -5.0
994 1091 -13.0
996 1092 -13.0
997 1093 -13.0
998 1094 -13.0
999 1095 -13.0
1000 1096 -13.0
1001 1097 -13.0
1002 1098 -13.0
1003 1099 -13.0
1004 1100 -13.0
1005 1101 -13.0
1006 1102 -13.0
1007 1104 -13.0
1008 1105 -13.0
1009 1106 -13.0
1010 1107 -13.0
1011 1108 -13.0
1012 1109 -13.0
1013 1110 -13.0
1014 1111 -13.0
1015 1112 -13.0
1016 1113 -13.0
1017 1115 -13.0
1018 1116 -13.0
1019 1117 -13.0
1020 1118 -13.0
1021 1119 -13.0
1022 1120 -13.0
1023 1121 -13.0
1024 1122 -13.0
1025 1123 -13.0
1026 1124 -13.0
1027 1125 -13.0
1028 1126 -13.0
1029 1127 -13.0
1030 1128 -13.0
1031 1129 -13.0
1032 1130 -13.0
1033 1131 -13.0
1034 1132 -13.0
1035 1133 -13.0
1036 1135 -13.0
1037 1137 -13.0
1038 1138 -13.0
1039 1139 -13.0
1040 1140 -13.0
1041 1141 -13.0
1042 1142 -13.0
1043 1143 -13.0
1044 1145 -13.0
1045 1146 -13.0
1046 1147 -13.0
1056 1148 -13.0
1057 1149 -13.0
1058 1150 -13.0
1059 1151 -13.0
1060 1152 -13.0
1061 1153 -13.0
1062 1154 -13.0
1063 1155 -13.0
1064 1156 -13.0
1065 1157 -13.0
1066 1158 -13.0
1067 1159 -13.0
1068 1160 -13.0
1069 1161 -13.0
1070 1162 -13.0
1071 1163 -13.0
1072 1164 -13.0
1073 1165 -13.0
1074 1166 -13.0
1075 1167 -13.0
1076 1169 -13.0
1077 1170 -13.0
1078 1171 -13.0
1079 1172 -13.0
1080 1173 -13.0
1081 1174 -13.0
1082 1175 -13.0
1083 1176 -13.0
1084 1177 -13.0
1085 1178 -13.0
1087 1179 -13.0
1088 1180 -13.0
1089 1181 -13.0
1090 1182 -13.0
1092 1093 -5.0
1093 1094 -5.0
1094 1095 -5.0
1095 1096 -5.0
1096 1097 -5.0
1097 1098 -5.0
1098 1099 -5.0
1099 1100 -5.0
1100 1101 -5.0
1101 1102 -5.0
1102 1103 -5.0
1103 1104 -5.0
1104 1105 -5.0
1105 1106 -5.0
1106 1107 -5.0
1107 1108 -5.0
1108 1109 -5.0
1109 1110 -5.0
1110 1111 -5.0
1111 1112 -5.0
1112 1113 -5.0
1113 1114 -5.0
1114 1115 -5.0
1116 1117 -5.0
1117 1118 -5.0
1118 1119 -5.0
1119 1120 -5.0
1120 1121 -5.0
1121 1122 -5.0
1122 1123 -5.0
1123 1124 -5.0
1124 1125 -5.0
1125 1126 -5.0
1126 1127 -5.0
1127 1128 -5.0
1128 1129 -5.0
1129 1130 -5.0
1130 1131 -5.0
1131 1132 -5.0
1132 1133 -5.0
1133 1134 -5.0
1134 1135 -5.0
1135 1136 -5.0
1136 1137 -5.0
1137 1138 -5.0
1138 1139 -5.0
1139 1140 -5.0
1140 1141 -5.0
1141 1142 -5.0
1142 1143 -5.0
1143 1144 -5.0
1144 1145 -5.0
1145 1146 -5.0
1146 1147 -5.0
1148 1149 -5.0
1149 1150 -5.0
1150 1151 -5.0
1151 1152 -5.0
1152 1153 -5.0
1153 1154 -5.0
1154 1155 -5.0
1155 1156 -5.0
1156 1157 -5.0
1157 1158 -5.0
1158 1159 -5.0
1159 1160 -5.0
1160 1161 -5.0
1161 1162 -5.0
1162 1163 -5.0
1163 1164 -5.0
1164 1165 -5.0
1165 1166 -5.0
1166 1167 -5.0
1167 1168 -5.0
1168 1169 -5.0
1169 1170 -5.0
1170 1171 -5.0
1171 1172 -5.0
1172 1173 -5.0
1173 1174 -5.0
1174 1175 -5.0
1176 1177 -5.0
1177 1178 -5.0
1179 1180 -5.0
1180 1181 -5.0
1181 1182 -5.0
1182 1183 -5.0
1091 1184 -13.0
1092 1185 -13.0
1093 1186 -13.0
1094 1187 -13.0
1095 1188 -13.0
1096 1189 -13.0
1097 1190 -13.0
1098 1191 -13.0
1099 1192 -13.0
1100 1193 -13.0
1101 1194 -13.0
1102 1195 -13.0
1103 1196 -13.0
1104 1197 -13.0
1105 1198 -13.0
1106 1199 -13.0
1107 1200 -13.0
1108 1201 -13.0
1109 1202 -13.0
1110 1203 -13.0
1111 1204 -13.0
1112 1205 -13.0
1113 1206 -13.0
1114 1207 -13.0
1115 1208 -13.0
1116 1210 -13.0
1117 1211 -13.0
1118 1212 -13.0
1119 1213 -13.0
1120 1214 -13.0
1121 1215 -13.0
1122 1216 -13.0
1123 1217 -13.0
1124 1218 -13.0
1125 1219 -13.0
1126 1220 -13.0
1127 1221 -13.0
1128 1222 -13.0
1129 1223 -13.0
1130 1224 -13.0
1131 1225 -13.0
1132 1226 -13.0
1133 1227 -13.0
1134 1228 -13.0
1135 1229 -13.0
1136 1230 -13.0
1137 1231 -13.0
1138 1232 -13.0
1139 1233 -13.0
1140 1234 -13.0
1141 1235 -13.0
1142 1236 -13.0
1143 1237 -13.0
1144 1238 -13.0
1145 1239 -13.0
1146 1240 -13.0
1147 1241 -13.0
1148 1242 -13.0
1149 1243 -13.0
1150 1244 -13.0
1151 1245 -13.0
1152 1246 -13.0
1153 1247 -13.0
1154 1248 -13.0
1155 1249 -13.0
1156 1250 -13.0
1157 1251 -13.0
1158 1252 -13.0
1160 1253 -13.0
1161 1254 -13.0
1162 1255 -13.0
1163 1256 -13.0
1164 1257 -13.0
1165 1258 -13.0
1166 1259 -13.0
1167 1260 -13.0
1168 1261 -13.0
1169 1262 -13.0
1170 1263 -13.0
1171 1264 -13.0
1172 1265 -13.0
1173 1266 -13.0
1175 1267 -13.0
1176 1269 -13.0
1178 1270 -13.0
1179 1271 -13.0
1181 1272 -13.0
1182 1273 -13.0
1183 1274 -13.0
1185 1186 -5.0
1186 1187 -5.0
1187 1188 -5.0
1188 1189 -5.0
1189 1190 -5.0
1190 1191 -5.0
1191 1192 -5.0
1192 1193 -5.0
1193 1194 -5.0
1194 1195 -5.0
1195 1196 -5.0
1196 1197 -5.0
1197 1198 -5.0
1198 1199 -5.0
1199 1200 -5.0
1200 1201 -5.0
1201 1202 -5.0
1202 1203 -5.0
1203 1204 -5.0
1204 1205 -5.0
1205 1206 -5.0
1206 1207 -5.0
1207 1208 -5.0
1208 1209 -5.0
1209 1210 -5.0
1210 1211 -5.0
1211 1212 -5.0
1212 1213 -5.0
1213 1214 -5.0
1214 1215 -5.0
1215 1216 -5.0
1216 1217 -5.0
1217 1218 -5.0
1218 1219 -5.0
1219 1220 -5.0
1220 1221 -5.0
1221 1222 -5.0
1222 1223 -5.0
1223 1224 -5.0
1224 1225 -5.0
1225 1226 -5.0
1226 1227 -5.0
1227 1228 -5.0
1228 1229 -5.0
1229 1230 -5.0
1230 1231 -5.0
1231 1232 -5.0
1232 1233 -5.0
1233 1234 -5.0
1234 1235 -5.0
1235 1236 -5.0
1236 1237 -5.0
1237 1238 -5.0
1238 1239 -5.0
1239 1240 -5.0
1240 1241 -5.0
1242 1243 -5.0
1243 1244 -5.0
1244 1245 -5.0
1245 1246 -5.0
1246 1247 -5.0
1247 1248 -5.0
1248 1249 -5.0
1249 1250 -5.0
1250 1251 -5.0
1251 1252 -5.0
1253 1254 -5.0
1254 1255 -5.0
1255 1256 -5.0
1256 1257 -5.0
1257 1258 -5.0
1258 1259 -5.0
1259 1260 -5.0
1260 1261 -5.0
1261 1262 -5.0
1262 1263 -5.0
1263 1264 -5.0
1264 1265 -5.0
1265 1266 -5.0
1267 1268 -5.0
1268 1269 -5.0
1272 1273 -5.0
1273 1274 -5.0
1184 1275 -13.0
1185 1277 -13.0
1186 1278 -13.0
1187 1279 -13.0
1188 1280 -13.0
1189 1281 -13.0
1190 1282 -13.0
1191 1283 -13.0
1192 1284 -13.0
1193 1285 -13.0
1194 1286 -13.0
1195 1287 -13.0
1196 1288 -13.0
1197 1289 -13.0
1198 1290 -13.0
1199 1291 -13.0
1200 1292 -13.0
1201 1293 -13.0
1202 1294 -13.0
1203 1295 -13.0
1204 1296 -13.0
1205 1297 -13.0
1206 1298 -13.0
1207 1299 -13.0
1208 1300 -13.0
1209 1301 -13.0
1210 1302 -13.0
1211 1303 -13.0
1212 1304 -13.0
1213 1305 -13.0
1214 1306 -13.0
1215 1307 -13.0
1216 1308 -13.0
1217 1309 -13.0
1218 1310 -13.0
1219 1311 -13.0
1220 1312 -13.0
1221 1313 -13.0
1222 1314 -13.0
1223 1315 -13.0
1224 1316 -13.0
1225 1317 -13.0
1226 1318 -13.0
1227 1319 -13.0
1228 1320 -13.0
1229 1321 -13.0
1230 1322 -13.0
1231 1323 -13.0
1232 1324 -13.0
1233 1325 -13.0
1234 1326 -13.0
1235 1327 -13.0
1236 1328 -13.0
1237 1329 -13.0
1238 1330 -13.0
1239 1331 -13.0
1240 1332 -13.0
1241 1333 -13.0
1242 1334 -13.0
1243 1335 -13.0
1244 1336 -13.0
1245 1337 -13.0
1246 1338 -13.0
1247 1339 -13.0
1248 1340 -13.0
1249 1341 -13.0
1250 1342 -13.0
1251 1343 -13.0
1252 1344 -13.0
1253 1345 -13.0
1263 1346 -13.0
1264 1347 -13.0
1265 1348 -13.0
1266 1349 -13.0
1267 1350 -13.0
1268 1351 -13.0
1269 1352 -13.0
1270 1353 -13.0
1271 1355 -13.0
1272 1356 -13.0
1273 1357 -13.0
1275 1276 -5.0
1276 1277 -5.0
1277 1278 -5.0
1278 1279 -5.0
1279 1280 -5.0
1280 1281 -5.0
1281 1282 -5.0
1282 1283 -5.0
1283 1284 -5.0
1284 1285 -5.0
1285 1286 -5.0
1286 1287 -5.0
1287 1288 -5.0
1288 1289 -5.0
1289 1290 -5.0
1290 1291 -5.0
1291 1292 -5.0
1292 1293 -5.0
1293 1294 -5.0
1294 1295 -5.0
1295 1296 -5.0
1296 1297 -5.0
1297 1298 -5.0
1298 1299 -5.0
1299 1300 -5.0
1300 1301 -5.0
1301 1302 -5.0
1302 1303 -5.0
1303 1304 -5.0
1304 1305 -5.0
1305 1306 -5.0
1306 1307 -5.0
1307 1308 -5.0
1308 1309 -5.0
1309 1310 -5.0
1310 1311 -5.0
1311 1312 -5.0
1312 1313 -5.0
1313 1314 -5.0
1314 1315 -5.0
1315 1316 -5.0
1316 1317 -5.0
1317 1318 -5.0
1318 1319 -5.0
1319 1320 -5.0
1320 1321 -5.0
1321 1322 -5.0
1322 1323 -5.0
1323 1324 -5.0
1324 1325 -5.0
1325 1326 -5.0
1326 1327 -5.0
1327 1328 -5.0
1328 1329 -5.0
1329 1330 -5.0
1330 1331 -5.0
1331 1332 -5.0
1332 1333 -5.0
1334 1335 -5.0
1335 1336 -5.0
1336 1337 -5.0
1337 1338 -5.0
1338 1339 -5.0
1339 1340 -5.0
1340 1341 -5.0
1341 1342 -5.0
1342 1343 -5.0
1343 1344 -5.0
1346 1347 -5.0
1347 1348 -5.0
1348 1349 -5.0
1350 1351 -5.0
1351 1352 -5.0
1353 1354 -5.0
1354 1355 -5.0
1356 1357 -5.0
1275 1358 -13.0
1276 1359 -13.0
1277 1360 -13.0
1278 1361 -13.0
1280 1362 -13.0
1281 1363 -13.0
1282 1364 -13.0
1283 1365 -13.0
1284 1366 -13.0
1286 1368 -13.0
1287 1369 -13.0
1288 1370 -13.0
1289 1371 -13.0
1290 1372 -13.0
1291 1373 -13.0
1292 1374 -13.0
1293 1375 -13.0
1294 1376 -13.0
1295 1377 -13.0
1296 1378 -13.0
1297 1379 -13.0
1298 1380 -13.0
1299 1381 -13.0
1300 1382 -13.0
1301 1383 -13.0
1302 1384 -13.0
1303 1385 -13.0
1304 1386 -13.0
1305 1387 -13.0
1306 1388 -13.0
1307 1389 -13.0
1308 1390 -13.0
1309 1391 -13.0
1310 1392 -13.0
1311 1393 -13.0
1312 1394 -13.0
1313 1395 -13.0
1314 1396 -13.0
1315 1397 -13.0
1316 1398 -13.0
1317 1399 -13.0
1318 1400 -13.0
1319 1401 -13.0
1320 1402 -13.0
1321 1403 -13.0
1322 1404 -13.0
1323 1405 -13.0
1325 1407 -13.0
1326 1408 -13.0
1327 1409 -13.0
1328 1410 -13.0
1329 1411 -13.0
1330 1412 -13.0
1331 1413 -13.0
1332 1414 -13.0
1333 1415 -13.0
1334 1416 -13.0
1335 1417 -13.0
1336 1418 -13.0
1337 1419 -13.0
1338 1420 -13.0
1339 1421 -13.0
1340 1422 -13.0
1341 1423 -13.0
1342 1424 -13.0
1344 1426 -13.0
1345 1428 -13.0
1346 1429 -13.0
1347 1430 -13.0
1348 1431 -13.0
1349 1432 -13.0
1350 1434 -13.0
1351 1435 -13.0
1352 1436 -13.0
1353 1438 -13.0
1354 1439 -13.0
1355 1440 -13.0
1356 1442 -13.0
1357 1443 -13.0
1358 1359 -5.0
1359 1360 -5.0
1360 1361 -5.0
1362 1363 -5.0
1363 1364 -5.0
1364 1365 -5.0
1365 1366 -5.0
1366 1367 -5.0
1367 1368 -5.0
1368 1369 -5.0
1369 1370 -5.0
1370 1371 -5.0
1371 1372 -5.0
1372 1373 -5.0
1373 1374 -5.0
1374 1375 -5.0
1375 1376 -5.0
1376 1377 -5.0
1377 1378 -5.0
1378 1379 -5.0
1379 1380 -5.0
1380 1381 -5.0
1381 1382 -5.0
1382 1383 -5.0
1383 1384 -5.0
1384 1385 -5.0
1385 1386 -5.0
1386 1387 -5.0
1387 1388 -5.0
1388 1389 -5.0
1389 1390 -5.0
1390 1391 -5.0
1391 1392 -5.0
1392 1393 -5.0
1393 1394 -5.0
1394 1395 -5.0
1395 1396 -5.0
1396 1397 -5.0
1397 1398 -5.0
1398 1399 -5.0
1399 1400 -5.0
1400 1401 -5.0
1401 1402 -5.0
1402 1403 -5.0
1403 1404 -5.0
1404 1405 -5.0
1405 1406 -5.0
1406 1407 -5.0
1407 1408 -5.0
1408 1409 -5.0
1409 1410 -5.0
1410 1411 -5.0
1411 1412 -5.0
1412 1413 -5.0
1413 1414 -5.0
1414 1415 -5.0
1416 1417 -5.0
1417 1418 -5.0
1418 1419 -5.0
1419 1420 -5.0
1420 1421 -5.0
1421 1422 -5.0
1422 1423 -5.0
1423 1424 -5.0
1424 1425 -5.0
1425 1426 -5.0
1426 1427 -5.0
1427 1428 -5.0
1429 1430 -5.0
1430 1431 -5.0
1431 1432 -5.0
1432 1433 -5.0
1433 1434 -5.0
1434 1435 -5.0
1435 1436 -5.0
1436 1437 -5.0
1437 1438 -5.0
1438 1439 -5.0
1439 1440 -5.0
1440 1441 -5.0
1441 1442 -5.0
1442 1443 -5.0
1358 1444 -13.0
1360 1445 -13.0
1361 1446 -13.0
1362 1447 -13.0
1363 1448 -13.0
1364 1449 -13.0
1365 1450 -13.0
1366 1451 -13.0
1367 1452 -13.0
1368 1453 -13.0
1369 1454 -13.0
1370 1455 -13.0
1371 1456 -13.0
1372 1457 -13.0
1373 1458 -13.0
1374 1459 -13.0
1375 1460 -13.0
1376 1461 -13.0
1377 1462 -13.0
1378 1463 -13.0
1379 1464 -13.0
1380 1465 -13.0
1381 1466 -13.0
1382 1467 -13.0
1383 1468 -13.0
1384 1469 -13.0
1385 1470 -13.0
1386 1471 -13.0
1387 1472 -13.0
1388 1473 -13.0
1389 1474 -13.0
1390 1475 -13.0
1391 1476 -13.0
1392 1477 -13.0
1393 1478 -13.0
1394 1479 -13.0
1395 1480 -13.0
1396 1481 -13.0
1397 1482 -13.0
1398 1483 -13.0
1399 1484 -13.0
1400 1485 -13.0
1401 1486 -13.0
1402 1487 -13.0
1403 1488 -13.0
1404 1489 -13.0
1405 1490 -13.0
1406 1491 -13.0
1407 1492 -13.0
1408 1493 -13.0
1409 1494 -13.0
1410 1495 -13.0
1411 1496 -13.0
1412 1497 -13.0
1413 1498 -13.0
1414 1499 -13.0
1415 1500 -13.0
1416 1510 -13.0
1417 1511 -13.0
1418 1512 -13.0
1419 1513 -13.0
1420 1514 -13.0
1421 1515 -13.0
1422 1516 -13.0
1423 1517 -13.0
1424 1518 -13.0
1425 1519 -13.0
1426 1520 -13.0
1427 1521 -13.0
1428 1522 -13.0
1429 1523 -13.0
1430 1524 -13.0
1431 1525 -13.0
1432 1526 -13.0
1433 1527 -13.0
1434 1528 -13.0
1435 1529 -13.0
1436 1530 -13.0
1437 1531 -13.0
1438 1532 -13.0
1439 1533 -13.0
1440 1534 -13.0
1441 1535 -13.0
1442 1536 -13.0
1443 1537 -13.0
1445 1446 -5.0
1447 1448 -5.0
1448 1449 -5.0
1449 1450 -5.0
1450 1451 -5.0
1451 1452 -5.0
1452 1453 -5.0
1453 1454 -5.0
1454 1455 -5.0
1455 1456 -5.0
1456 1457 -5.0
1457 1458 -5.0
1458 1459 -5.0
1459 1460 -5.0
1460 1461 -5.0
1461 1462 -5.0
1462 1463 -5.0
1463 1464 -5.0
1464 1465 -5.0
1465 1466 -5.0
1466 1467 -5.0
1467 1468 -5.0
1468 1469 -5.0
1469 1470 -5.0
1470 1471 -5.0
1471 1472 -5.0
1472 1473 -5.0
1473 1474 -5.0
1474 1475 -5.0
1475 1476 -5.0
1476 1477 -5.0
1477 1478 -5.0
1478 1479 -5.0
1479 1480 -5.0
1480 1481 -5.0
1481 1482 -5.0
1482 1483 -5.0
1483 1484 -5.0
1484 1485 -5.0
1485 1486 -5.0
1486 1487 -5.0
1487 1488 -5.0
1488 1489 -5.0
1489 1490 -5.0
1490 1491 -5.0
1491 1492 -5.0
1492 1493 -5.0
1493 1494 -5.0
1494 1495 -5.0
1495 1496 -5.0
1496 1497 -5.0
1497 1498 -5.0
1498 1499 -5.0
1499 1500 -5.0
1500 1501 -5.0
1501 1502 -5.0
1502 1503 -5.0
1503 1504 -5.0
1504 1505 -5.0
1505 1506 -5.0
1506 1507 -5.0
1507 1508 -5.0
1508 1509 -5.0
1509 1510 -5.0
1510 1511 -5.0
1511 1512 -5.0
1512 1513 -5.0
1513 1514 -5.0
1514 1515 -5.0
1515 1516 -5.0
1516 1517 -5.0
1517 1518 -5.0
1518 1519 -5.0
1519 1520 -5.0
1520 1521 -5.0
1521 1522 -5.0
1523 1524 -5.0
1524 1525 -5.0
1525 1526 -5.0
1526 1527 -5.0
1527 1528 -5.0
1528 1529 -5.0
1529 1530 -5.0
1530 1531 -5.0
1531 1532 -5.0
1532 1533 -5.0
1533 1534 -5.0
1534 1535 -5.0
1535 1536 -5.0
1536 1537 -5.0
1537 1538 -5.0
1444 1539 -13.0
1445 1540 -13.0
1446 1541 -13.0
1447 1543 -13.0
1448 1544 -13.0
1449 1545 -13.0
1450 1546 -13.0
1451 1547 -13.0
1452 1548 -13.0
1453 1549 -13.0
1454 1550 -13.0
1455 1551 -13.0
1456 1552 -13.0
1457 1553 -13.0
1458 1554 -13.0
1459 1555 -13.0
1460 1556 -13.0
1461 1557 -13.0
1462 1558 -13.0
1463 1559 -13.0
1464 1560 -13.0
1465 1561 -13.0
1466 1562 -13.0
1467 1563 -13.0
1468 1564 -13.0
1469 1565 -13.0
1470 1566 -13.0
1471 1567 -13.0
1472 1568 -13.0
1473 1569 -13.0
1474 1570 -13.0
1475 1571 -13.0
1476 1572 -13.0
1477 1573 -13.0
1478 1574 -13.0
1479 1575 -13.0
1480 1576 -13.0
1481 1577 -13.0
1482 1578 -13.0
1484 1580 -13.0
1485 1581 -13.0
1486 1582 -13.0
1487 1583 -13.0
1488 1584 -13.0
1489 1585 -13.0
1490 1586 -13.0
1491 1587 -13.0
1492 1588 -13.0
1493 1589 -13.0
1494 1590 -13.0
1495 1591 -13.0
1496 1592 -13.0
1497 1593 -13.0
1498 1594 -13.0
1499 1595 -13.0
1500 1596 -13.0
1501 1597 -13.0
1502 1598 -13.0
1503 1599 -13.0
1504 1600 -13.0
1505 1601 -13.0
1506 1602 -13.0
1507 1603 -13.0
1508 1604 -13.0
1509 1605 -13.0
1510 1606 -13.0
1511 1607 -13.0
1512 1608 -13.0
1513 1609 -13.0
1514 1610 -13.0
1516 1612 -13.0
1517 1613 -13.0
1519 1615 -13.0
1520 1616 -13.0
1521 1617 -13.0
1522 1618 -13.0
1523 1619 -13.0
1524 1620 -13.0
1525 1621 -13.0
1535 1622 -13.0
1536 1623 -13.0
1537 1624 -13.0
1538 1625 -13.0
1540 1541 -5.0
1541 1542 -5.0
1542 1543 -5.0
1543 1544 -5.0
1544 1545 -5.0
1545 1546 -5.0
1546 1547 -5.0
1547 1548 -5.0
1548 1549 -5.0
1549 1550 -5.0
1550 1551 -5.0
1551 1552 -5.0
1552 1553 -5.0
1553 1554 -5.0
1554 1555 -5.0
1555 1556 -5.0
1556 1557 -5.0
1557 1558 -5.0
1558 1559 -5.0
1559 1560 -5.0
1560 1561 -5.0
1561 1562 -5.0
1562 1563 -5.0
1563 1564 -5.0
1564 1565 -5.0
1565 1566 -5.0
1566 1567 -5.0
1567 1568 -5.0
1568 1569 -5.0
1569 1570 -5.0
1570 1571 -5.0
1571 1572 -5.0
1572 1573 -5.0
1573 1574 -5.0
1574 1575 -5.0
1575 1576 -5.0
1576 1577 -5.0
1577 1578 -5.0
1578 1579 -5.0
1579 1580 -5.0
1580 1581 -5.0
1581 1582 -5.0
1582 1583 -5.0
1583 1584 -5.0
1584 1585 -5.0
1585 1586 -5.0
1586 1587 -5.0
1587 1588 -5.0
1588 1589 -5.0
1589 1590 -5.0
1590 1591 -5.0
1591 1592 -5.0
1592 1593 -5.0
1593 1594 -5.0
1594 1595 -5.0
1595 1596 -5.0
1596 1597 -5.0
1597 1598 -5.0
1598 1599 -5.0
1599 1600 -5.0
1600 1601 -5.0
1601 1602 -5.0
1602 1603 -5.0
1603 1604 -5.0
1604 1605 -5.0
1605 1606 -5.0
1606 1607 -5.0
1607 1608 -5.0
1608 1609 -5.0
1609 1610 -5.0
1610 1611 -5.0
1611 1612 -5.0
1612 1613 -5.0
1613 1614 -5.0
1614 1615 -5.0
1615 1616 -5.0
1616 1617 -5.0
1617 1618 -5.0
1619 1620 -5.0
1620 1621 -5.0
1622 1623 -5.0
1623 1624 -5.0
1624 1625 -5.0
1539 1626 -13.0
1540 1628 -13.0
1541 1629 -13.0
1542 1630 -13.0
1543 1631 -13.0
1544 1632 -13.0
1545 1633 -13.0
1546 1634 -13.0
1547 1635 -13.0
1548 1636 -13.0
1549 1637 -13.0
1550 1638 -13.0
1551 1639 -13.0
1552 1640 -13.0
1553 1641 -13.0
1554 1642 -13.0
1555 1643 -13.0
1556 1644 -13.0
1557 1645 -13.0
1558 1646 -13.0
1559 1647 -13.0
1560 1648 -13.0
1561 1649 -13.0
1562 1650 -13.0
1563 1651 -13.0
1564 1652 -13.0
1565 1653 -13.0
1566 1654 -13.0
1567 1655 -13.0
1568 1656 -13.0
1569 1657 -13.0
1570 1658 -13.0
1571 1659 -13.0
1572 1660 -13.0
1573 1661 -13.0
1574 1662 -13.0
1575 1663 -13.0
1577 1665 -13.0
1578 1666 -13.0
1579 1667 -13.0
1580 1668 -13.0
1581 1669 -13.0
1582 1670 -13.0
1583 1671 -13.0
1584 1672 -13.0
1585 1673 -13.0
1586 1674 -13.0
1587 1675 -13.0
1588 1676 -13.0
1589 1677 -13.0
1590 1678 -13.0
1591 1679 -13.0
1592 1680 -13.0
1593 1681 -13.0
1594 1682 -13.0
1595 1683 -13.0
1596 1684 -13.0
1597 1685 -13.0
1598 1686 -13.0
1599 1687 -13.0
1600 1688 -13.0
1601 1689 -13.0
1602 1690 -13.0
1603 1691 -13.0
1604 1692 -13.0
1605 1693 -13.0
1606 1694 -13.0
1607 1695 -13.0
1608 1696 -13.0
1609 1697 -13.0
1610 1698 -13.0
1611 1699 -13.0
1612 1700 -13.0
1613 1701 -13.0
1614 1702 -13.0
1615 1703 -13.0
1616 1704 -13.0
1617 1705 -13.0
1618 1706 -13.0
1619 1716 -13.0
1620 1717 -13.0
1621 1718 -13.0
1622 1719 -13.0
1623 1720 -13.0
1624 1721 -13.0
1625 1722 -13.0
1626 1627 -5.0
1627 1628 -5.0
1628 1629 -5.0
1629 1630 -5.0
1630 1631 -5.0
1631 1632 -5.0
1632 1633 -5.0
1633 1634 -5.0
1634 1635 -5.0
1635 1636 -5.0
1636 1637 -5.0
1637 1638 -5.0
1638 1639 -5.0
1639 1640 -5.0
1640 1641 -5.0
1641 1642 -5.0
1642 1643 -5.0
1643 1644 -5.0
1644 1645 -5.0
1645 1646 -5.0
1646 1647 -5.0
1647 1648 -5.0
1648 1649 -5.0
1649 1650 -5.0
1650 1651 -5.0
1651 1652 -5.0
1652 1653 -5.0
1653 1654 -5.0
1654 1655 -5.0
1655 1656 -5.0
1656 1657 -5.0
1657 1658 -5.0
1658 1659 -5.0
1659 1660 -5.0
1660 1661 -5.0
1661 1662 -5.0
1662 1663 -5.0
1663 1664 -5.0
1664 1665 -5.0
1665 1666 -5.0
1666 1667 -5.0
1667 1668 -5.0
1668 1669 -5.0
1669 1670 -5.0
1670 1671 -5.0
1671 1672 -5.0
1672 1673 -5.0
1673 1674 -5.0
1674 1675 -5.0
1675 1676 -5.0
1676 1677 -5.0
1677 1678 -5.0
1678 1679 -5.0
1679 1680 -5.0
1680 1681 -5.0
1681 1682 -5.0
1682 1683 -5.0
1683 1684 -5.0
1684 1685 -5.0
1685 1686 -5.0
1686 1687 -5.0
1687 1688 -5.0
1688 1689 -5.0
1689 1690 -5.0
1690 1691 -5.0
1691 1692 -5.0
1692 1693 -5.0
1693 1694 -5.0
1694 1695 -5.0
1695 1696 -5.0
1696 1697 -5.0
1697 1698 -5.0
1698 1699 -5.0
1699 1700 -5.0
1700 1701 -5.0
1701 1702 -5.0
1702 1703 -5.0
1703 1704 -5.0
1704 1705 -5.0
1705 1706 -5.0
1706 1707 -5.0
1707 1708 -5.0
1708 1709 -5.0
1709 1710 -5.0
1710 1711 -5.0
1711 1712 -5.0
1712 1713 -5.0
1713 1714 -5.0
1714 1715 -5.0
1715 1716 -5.0
1716 1717 -5.0
1717 1718 -5.0
1719 1720 -5.0
1720 1721 -5.0
1721 1722 -5.0
1626 1723 -13.0
1627 1724 -13.0
1628 1725 -13.0
1629 1726 -13.0
1630 1727 -13.0
1631 1728 -13.0
1632 1729 -13.0
1633 1730 -13.0
1634 1731 -13.0
1635 1732 -13.0
1636 1733 -13.0
1637 1734 -13.0
1638 1735 -13.0
1639 1736 -13.0
1640 1737 -13.0
1641 1738 -13.0
1642 1739 -13.0
1643 1740 -13.0
1644 1741 -13.0
1645 1742 -13.0
1646 1743 -13.0
1647 1744 -13.0
1648 1745 -13.0
1649 1746 -13.0
1650 1747 -13.0
1651 1748 -13.0
1652 1749 -13.0
1653 1750 -13.0
1654 1751 -13.0
1655 1752 -13.0
1656 1753 -13.0
1657 1754 -13.0
1658 1755 -13.0
1659 1756 -13.0
1660 1757 -13.0
1661 1758 -13.0
1662 1759 -13.0
1663 1760 -13.0
1664 1761 -13.0
1665 1762 -13.0
1666 1763 -13.0
1667 1764 -13.0
1668 1765 -13.0
1669 1766 -13.0
1670 1767 -13.0
1671 1768 -13.0
1672 1769 -13.0
1673 1770 -13.0
1674 1771 -13.0
1675 1772 -13.0
1676 1773 -13.0
1677 1774 -13.0
1678 1775 -13.0
1679 1776 -13.0
1680 1777 -13.0
1681 1778 -13.0
1682 1779 -13.0
1683 1780 -13.0
1684 1781 -13.0
1685 1782 -13.0
1686 1783 -13.0
1687 1784 -13.0
1688 1785 -13.0
1689 1786 -13.0
1690 1787 -13.0
1691 1788 -13.0
1692 1789 -13.0
1693 1790 -13.0
1694 1791 -13.0
1695 1792 -13.0
1696 1793 -13.0
1697 1794 -13.0
1698 1795 -13.0
1699 1796 -13.0
1700 1797 -13.0
1701 1798 -13.0
1702 1799 -13.0
1703 1800 -13.0
1704 1801 -13.0
1705 1802 -13.0
1706 1803 -13.0
1707 1804 -13.0
1708 1805 -13.0
1709 1806 -13.0
1710 1807 -13.0
1711 1808 -13.0
1712 1809 -13.0
1713 1810 -13.0
1714 1811 -13.0
1715 1812 -13.0
1716 1813 -13.0
1717 1814 -13.0
1718 1815 -13.0
1719 1816 -13.0
1720 1817 -13.0
1721 1818 -13.0
1722 1819 -13.0
1723 1724 -5.0
1724 1725 -5.0
1725 1726 -5.0
1726 1727 -5.0
1727 1728 -5.0
1728 1729 -5.0
1729 1730 -5.0
1730 1731 -5.0
1731 1732 -5.0
1732 1733 -5.0
1733 1734 -5.0
1734 1735 -5.0
1735 1736 -5.0
1736 1737 -5.0
1737 1738 -5.0
1738 1739 -5.0
1739 1740 -5.0
1740 1741 -5.0
1741 1742 -5.0
1742 1743 -5.0
1743 1744 -5.0
1744 1745 -5.0
1745 1746 -5.0
1746 1747 -5.0
1747 1748 -5.0
1748 1749 -5.0
1749 1750 -5.0
1750 1751 -5.0
1751 1752 -5.0
1752 1753 -5.0
1753 1754 -5.0
1754 1755 -5.0
1755 1756 -5.0
1756 1757 -5.0
1757 1758 -5.0
1758 1759 -5.0
1759 1760 -5.0
1760 1761 -5.0
1761 1762 -5.0
1762 1763 -5.0
1763 1764 -5.0
1764 1765 -5.0
1765 1766 -5.0
1766 1767 -5.0
1767 1768 -5.0
1768 1769 -5.0
1769 1770 -5.0
1770 1771 -5.0
1771 1772 -5.0
1772 1773 -5.0
1773 1774 -5.0
1774 1775 -5.0
1775 1776 -5.0
1776 1777 -5.0
1777 1778 -5.0
1778 1779 -5.0
1779 1780 -5.0
1780 1781 -5.0
1781 1782 -5.0
1782 1783 -5.0
1783 1784 -5.0
1784 1785 -5.0
1785 1786 -5.0
1786 1787 -5.0
1787 1788 -5.0
1788 1789 -5.0
1789 1790 -5.0
1790 1791 -5.0
1791 1792 -5.0
1792 1793 -5.0
1793 1794 -5.0
1794 1795 -5.0
1795 1796 -5.0
1796 1797 -5.0
1797 1798 -5.0
1798 1799 -5.0
1799 1800 -5.0
1800 1801 -5.0
1801 1802 -5.0
1802 1803 -5.0
1803 1804 -5.0
1804 1805 -5.0
1805 1806 -5.0
1806 1807 -5.0
1807 1808 -5.0
1808 1809 -5.0
1809 1810 -5.0
1810 1811 -5.0
1811 1812 -5.0
1812 1813 -5.0
1813 1814 -5.0
1814 1815 -5.0
1816 1817 -5.0
1817 1818 -5.0
1818 1819 -5.0
1723 1820 -13.0
1724 1821 -13.0
1725 1822 -13.0
1726 1823 -13.0
1727 1824 -13.0
1728 1825 -13.0
1729 1826 -13.0
1730 1827 -13.0
1731 1828 -13.0
1732 1829 -13.0
1733 1830 -13.0
1734 1831 -13.0
1735 1832 -13.0
1736 1833 -13.0
1737 1834 -13.0
1738 1835 -13.0
1739 1836 -13.0
1740 1837 -13.0
1741 1838 -13.0
1742 1839 -13.0
1743 1840 -13.0
1744 1841 -13.0
1745 1842 -13.0
1746 1843 -13.0
1747 1844 -13.0
1748 1845 -13.0
1749 1846 -13.0
1750 1847 -13.0
1751 1848 -13.0
1752 1849 -13.0
1753 1850 -13.0
1754 1851 -13.0
1755 1852 -13.0
1756 1853 -13.0
1757 1854 -13.0
1758 1855 -13.0
1759 1856 -13.0
1760 1857 -13.0
1761 1858 -13.0
1762 1859 -13.0
1763 1860 -13.0
1764 1861 -13.0
1765 1862 -13.0
1766 1863 -13.0
1767 1864 -13.0
1768 1865 -13.0
1769 1866 -13.0
1770 1867 -13.0
1771 1868 -13.0
1772 1869 -13.0
1773 1870 -13.0
1774 1871 -13.0
1775 1872 -13.0
1776 1873 -13.0
1777 1874 -13.0
1778 1875 -13.0
1779 1876 -13.0
1780 1877 -13.0
1781 1878 -13.0
1782 1879 -13.0
1783 1880 -13.0
1784 1881 -13.0
1785 1882 -13.0
1786 1883 -13.0
1787 1884 -13.0
1788 1885 -13.0
1789 1886 -13.0
1790 1887 -13.0
1791 1888 -13.0
1792 1889 -13.0
1793 1890 -13.0
1794 1891 -13.0
1795 1892 -13.0
1796 1893 -13.0
1798 1895 -13.0
1799 1896 -13.0
1801 1898 -13.0
1802 1899 -13.0
1803 1900 -13.0
1804 1901 -13.0
1805 1902 -13.0
1806 1903 -13.0
1807 1904 -13.0
1808 1905 -13.0
1809 1906 -13.0
1810 1907 -13.0
1811 1908 -13.0
1812 1909 -13.0
1813 1910 -13.0
1814 1911 -13.0
1815 1912 -13.0
1816 1913 -13.0
1817 1914 -13.0
1818 1915 -13.0
1819 1916 -13.0
1820 1821 -5.0
1821 1822 -5.0
1822 1823 -5.0
1823 1824 -5.0
1824 1825 -5.0
1825 1826 -5.0
1826 1827 -5.0
1827 1828 -5.0
1828 1829 -5.0
1829 1830 -5.0
1830 1831 -5.0
1831 1832 -5.0
1832 1833 -5.0
1833 1834 -5.0
1834 1835 -5.0
1835 1836 -5.0
1836 1837 -5.0
1837 1838 -5.0
1838 1839 -5.0
1839 1840 -5.0
1840 1841 -5.0
1841 1842 -5.0
1842 1843 -5.0
1843 1844 -5.0
1844 1845 -5.0
1845 1846 -5.0
1846 1847 -5.0
1847 1848 -5.0
1848 1849 -5.0
1849 1850 -5.0
1850 1851 -5.0
1851 1852 -5.0
1852 1853 -5.0
1853 1854 -5.0
1854 1855 -5.0
1855 1856 -5.0
1856 1857 -5.0
1857 1858 -5.0
1858 1859 -5.0
1859 1860 -5.0
1860 1861 -5.0
1861 1862 -5.0
1862 1863 -5.0
1863 1864 -5.0
1864 1865 -5.0
1865 1866 -5.0
1866 1867 -5.0
1867 1868 -5.0
1868 1869 -5.0
1869 1870 -5.0
1870 1871 -5.0
1871 1872 -5.0
1872 1873 -5.0
1873 1874 -5.0
1874 1875 -5.0
1875 1876 -5.0
1876 1877 -5.0
1877 1878 -5.0
1878 1879 -5.0
1879 1880 -5.0
1880 1881 -5.0
1881 1882 -5.0
1882 1883 -5.0
1883 1884 -5.0
1884 1885 -5.0
1885 1886 -5.0
1886 1887 -5.0
1887 1888 -5.0
1888 1889 -5.0
1889 1890 -5.0
1890 1891 -5.0
1891 1892 -5.0
1892 1893 -5.0
1893 1894 -5.0
1894 1895 -5.0
1895 1896 -5.0
1896 1897 -5.0
1897 1898 -5.0
1898 1899 -5.0
1899 1900 -5.0
1900 1901 -5.0
1901 1902 -5.0
1902 1903 -5.0
1903 1904 -5.0
1904 1905 -5.0
1905 1906 -5.0
1906 1907 -5.0
1907 1908 -5.0
1908 1909 -5.0
1909 1910 -5.0
1910 1911 -5.0
1911 1912 -5.0
1913 1914 -5.0
1914 1915 -5.0
1915 1916 -5.0
1820 1917 -13.0
1821 1918 -13.0
1822 1919 -13.0
1823 1920 -13.0
1824 1921 -13.0
1825 1922 -13.0
1826 1923 -13.0
1827 1924 -13.0
1828 1925 -13.0
1829 1926 -13.0
1830 1927 -13.0
1831 1928 -13.0
1832 1929 -13.0
1833 1930 -13.0
1834 1931 -13.0
1835 1932 -13.0
1836 1933 -13.0
1837 1934 -13.0
1838 1935 -13.0
1839 1936 -13.0
1840 1937 -13.0
1841 1938 -13.0
1842 1939 -13.0
1843 1940 -13.0
1844 1941 -13.0
1845 1942 -13.0
1846 1943 -13.0
1847 1944 -13.0
1848 1945 -13.0
1849 1946 -13.0
1850 1947 -13.0
1851 1948 -13.0
1852 1949 -13.0
1853 1950 -13.0
1854 1951 -13.0
1855 1952 -13.0
1856 1953 -13.0
1857 1954 -13.0
1858 1955 -13.0
1859 1956 -13.0
1860 1957 -13.0
1861 1958 -13.0
1862 1959 -13.0
1863 1960 -13.0
1864 1961 -13.0
1865 1962 -13.0
1866 1963 -13.0
1867 1964 -13.0
1868 1965 -13.0
1869 1966 -13.0
1870 1967 -13.0
1871 1968 -13.0
1872 1969 -13.0
1873 1970 -13.0
1874 1971 -13.0
1875 1972 -13.0
1876 1973 -13.0
1877 1974 -13.0
1878 1975 -13.0
1879 1976 -13.0
1880 1977 -13.0
1881 1978 -13.0
1882 1979 -13.0
1883 1980 -13.0
1884 1981 -13.0
1885 1982 -13.0
1886 1983 -13.0
1887 1984 -13.0
1888 1985 -13.0
1889 1986 -13.0
1890 1987 -13.0
1891 1988 -13.0
1892 1989 -13.0
1893 1990 -13.0
1894 1991 -13.0
1895 1992 -13.0
1896 1993 -13.0
1897 1994 -13.0
1898 1995 -13.0
1899 1996 -13.0
1900 1997 -13.0
1901 1998 -13.0
1902 1999 -13.0
1903 2000 -13.0
1905 2002 -13.0
1906 2003 -13.0
1907 2004 -13.0
1908 2005 -13.0
1909 2006 -13.0
1910 2007 -13.0
1911 2008 -13.0
1912 2009 -13.0
1913 2019 -13.0
1914 2020 -13.0
1915 2021 -13.0
1916 2022 -13.0
1917 1918 -5.0
1918 1919 -5.0
1919 1920 -5.0
1920 1921 -5.0
1921 1922 -5.0
1922 1923 -5.0
1923 1924 -5.0
1924 1925 -5.0
1925 1926 -5.0
1926 1927 -5.0
1927 1928 -5.0
1928 1929 -5.0
1929 1930 -5.0
1930 1931 -5.0
1931 1932 -5.0
1932 1933 -5.0
1933 1934 -5.0
1934 1935 -5.0
1935 1936 -5.0
1936 1937 -5.0
1937 1938 -5.0
1938 1939 -5.0
1939 1940 -5.0
1940 1941 -5.0
1941 1942 -5.0
1942 1943 -5.0
1943 1944 -5.0
1944 1945 -5.0
1945 1946 -5.0
1946 1947 -5.0
1947 1948 -5.0
1948 1949 -5.0
1949 1950 -5.0
1950 1951 -5.0
1951 1952 -5.0
1952 1953 -5.0
1953 1954 -5.0
1954 1955 -5.0
1955 1956 -5.0
1956 1957 -5.0
1957 1958 -5.0
1958 1959 -5.0
1959 1960 -5.0
1960 1961 -5.0
1961 1962 -5.0
1962 1963 -5.0
1963 1964 -5.0
1964 1965 -5.0
1965 1966 -5.0
1966 1967 -5.0
1967 1968 -5.0
1968 1969 -5.0
1969 1970 -5.0
1970 1971 -5.0
1971 1972 -5.0
1972 1973 -5.0
1973 1974 -5.0
1974 1975 -5.0
1975 1976 -5.0
1976 1977 -5.0
1977 1978 -5.0
1978 1979 -5.0
1979 1980 -5.0
1980 1981 -5.0
1981 1982 -5.0
1982 1983 -5.0
1983 1984 -5.0
1984 1985 -5.0
1985 1986 -5.0
1986 1987 -5.0
1987 1988 -5.0
1988 1989 -5.0
1989 1990 -5.0
1990 1991 -5.0
1991 1992 -5.0
1992 1993 -5.0
1993 1994 -5.0
1994 1995 -5.0
1995 1996 -5.0
1996 1997 -5.0
1997 1998 -5.0
1998 1999 -5.0
1999 2000 -5.0
2000 2001 -5.0
2001 2002 -5.0
2002 2003 -5.0
2003 2004 -5.0
2004 2005 -5.0
2005 2006 -5.0
2006 2007 -5.0
2007 2008 -5.0
2008 2009 -5.0
2009 2010 -5.0
2010 2011 -5.0
2011 2012 -5.0
2012 2013 -5.0
2013 2014 -5.0
2014 2015 -5.0
2015 2016 -5.0
2016 2017 -5.0
2017 2018 -5.0
2018 2019 -5.0
2019 2020 -5.0
2020 2021 -5.0
2021 2022 -5.0
1917 2023 -13.0
1918 2024 -13.0
1919 2025 -13.0
1920 2026 -13.0
1921 2027 -13.0
1922 2028 -13.0
1923 2029 -13.0
1924 2030 -13.0
1925 2031 -13.0
1926 2032 -13.0
1927 2033 -13.0
1928 2034 -13.0
1929 2035 -13.0
1930 2036 -13.0
1931 2037 -13.0
1932 2038 -13.0
1933 2039 -13.0
1934 2040 -13.0
1935 2041 -13.0
1936 2042 -13.0
1937 2043 -13.0
1938 2044 -13.0
1939 2045 -13.0
1940 2046 -13.0
1941 2047 -13.0
1942 2048 -13.0
1943 2049 -13.0
1944 2050 -13.0
1945 2051 -13.0
1946 2052 -13.0
1947 2053 -13.0
1948 2054 -13.0
1949 2055 -13.0
1950 2056 -13.0
1951 2057 -13.0
1952 2058 -13.0
1953 2059 -13.0
1954 2060 -13.0
1955 2061 -13.0
1956 2062 -13.0
1957 2063 -13.0
1958 2064 -13.0
1959 2065 -13.0
1960 2066 -13.0
1961 2067 -13.0
1962 2068 -13.0
1963 2069 -13.0
1964 2070 -13.0
1965 2071 -13.0
1966 2072 -13.0
1967 2073 -13.0
1968 2074 -13.0
1969 2075 -13.0
1970 2076 -13.0
1971 2077 -13.0
1972 2078 -13.0
1973 2079 -13.0
1974 2080 -13.0
1975 2081 -13.0
1976 2082 -13.0
1977 2083 -13.0
1978 2084 -13.0
1979 2085 -13.0
1980 2086 -13.0
1981 2087 -13.0
1982 2088 -13.0
1983 2089 -13.0
1984 2090 -13.0
1985 2091 -13.0
1986 2092 -13.0
1987 2093 -13.0
1988 2094 -13.0
1989 2095 -13.0
1990 2096 -13.0
1991 2097 -13.0
1992 2098 -13.0
1993 2099 -13.0
1994 2100 -13.0
1995 2101 -13.0
1996 2102 -13.0
1997 2103 -13.0
1998 2104 -13.0
1999 2105 -13.0
2000 2106 -13.0
2001 2107 -13.0
2002 2108 -13.0
2003 2109 -13.0
2004 2110 -13.0
2005 2111 -13.0
2006 2112 -13.0
2007 2113 -13.0
2008 2114 -13.0
2009 2115 -13.0
2010 2116 -13.0
2011 2117 -13.0
2012 2118 -13.0
2013 2119 -13.0
2014 2120 -13.0
2015 2121 -13.0
2016 2122 -13.0
2017 2123 -13.0
2018 2124 -13.0
2019 2125 -13.0
2020 2126 -13.0
2021 2127 -13.0
2022 2128 -13.0
2023 2024 -5.0
2024 2025 -5.0
2025 2026 -5.0
2026 2027 -5.0
2027 2028 -5.0
2028 2029 -5.0
2029 2030 -5.0
2030 2031 -5.0
2031 2032 -5.0
2032 2033 -5.0
2033 2034 -5.0
2034 2035 -5.0
2035 2036 -5.0
2036 2037 -5.0
2037 2038 -5.0
2038 2039 -5.0
2039 2040 -5.0
2040 2041 -5.0
2041 2042 -5.0
2042 2043 -5.0
2043 2044 -5.0
2044 2045 -5.0
2045 2046 -5.0
2046 2047 -5.0
2047 2048 -5.0
2048 2049 -5.0
2049 2050 -5.0
2050 2051 -5.0
2051 2052 -5.0
2052 2053 -5.0
2053 2054 -5.0
2054 2055 -5.0
2055 2056 -5.0
2056 2057 -5.0
2057 2058 -5.0
2058 2059 -5.0
2059 2060 -5.0
2060 2061 -5.0
2061 2062 -5.0
2062 2063 -5.0
2063 2064 -5.0
2064 2065 -5.0
2065 2066 -5.0
2066 2067 -5.0
2067 2068 -5.0
2068 2069 -5.0
2069 2070 -5.0
2070 2071 -5.0
2071 2072 -5.0
2072 2073 -5.0
2073 2074 -5.0
2074 2075 -5.0
2075 2076 -5.0
2076 2077 -5.0
2077 2078 -5.0
2078 2079 -5.0
2079 2080 -5.0
2080 2081 -5.0
2081 2082 -5.0
2082 2083 -5.0
2083 2084 -5.0
2084 2085 -5.0
2085 2086 -5.0
2086 2087 -5.0
2087 2088 -5.0
2088 2089 -5.0
2089 2090 -5.0
2090 2091 -5.0
2091 2092 -5.0
2092 2093 -5.0
2093 2094 -5.0
2094 2095 -5.0
2095 2096 -5.0
2096 2097 -5.0
2097 2098 -5.0
2098 2099 -5.0
2099 2100 -5.0
2100 2101 -5.0
2101 2102 -5.0
2102 2103 -5.0
2103 2104 -5.0
2104 2105 -5.0
2105 2106 -5.0
2106 2107 -5.0
2107 2108 -5.0
2108 2109 -5.0
2109 2110 -5.0
2110 2111 -5.0
2111 2112 -5.0
2112 2113 -5.0
2113 2114 -5.0
2114 2115 -5.0
2115 2116 -5.0
2116 2117 -5.0
2117 2118 -5.0
2118 2119 -5.0
2119 2120 -5.0
2120 2121 -5.0
2121 2122 -5.0
2122 2123 -5.0
2123 2124 -5.0
2124 2125 -5.0
2125 2126 -5.0
2126 2127 -5.0
2127 2128 -5.0
2023 2129 -13.0
2024 2130 -13.0
2025 2131 -13.0
2026 2132 -13.0
2027 2133 -13.0
2028 2134 -13.0
2029 2135 -13.0
2030 2136 -13.0
2031 2137 -13.0
2032 2138 -13.0
2033 2139 -13.0
2034 2140 -13.0
2035 2141 -13.0
2036 2142 -13.0
2037 2143 -13.0
2038 2144 -13.0
2039 2145 -13.0
2040 2146 -13.0
2041 2147 -13.0
2042 2148 -13.0
2043 2149 -13.0
2044 2150 -13.0
2045 2151 -13.0
2046 2152 -13.0
2047 2153 -13.0
2048 2154 -13.0
2050 2155 -13.0
2051 2156 -13.0
2052 2157 -13.0
2053 2158 -13.0
2054 2159 -13.0
2055 2160 -13.0
2056 2161 -13.0
2057 2162 -13.0
2058 2163 -13.0
2059 2164 -13.0
2060 2165 -13.0
2061 2166 -13.0
2062 2167 -13.0
2063 2168 -13.0
2064 2169 -13.0
2065 2170 -13.0
2066 2171 -13.0
2067 2172 -13.0
2068 2173 -13.0
2071 2174 -13.0
2072 2175 -13.0
2073 2176 -13.0
2074 2177 -13.0
2075 2178 -13.0
2076 2179 -13.0
2077 2180 -13.0
2078 2181 -13.0
2079 2182 -13.0
2080 2183 -13.0
2081 2184 -13.0
2082 2185 -13.0
2083 2186 -13.0
2084 2187 -13.0
2085 2188 -13.0
2086 2189 -13.0
2087 2190 -13.0
2088 2191 -13.0
2089 2192 -13.0
2090 2193 -13.0
2091 2194 -13.0
2092 2195 -13.0
2093 2196 -13.0
2094 2197 -13.0
2095 2198 -13.0
2096 2199 -13.0
2097 2200 -13.0
2098 2201 -13.0
2099 2202 -13.0
2100 2203 -13.0
2101 2204 -13.0
2103 2206 -13.0
2104 2207 -13.0
2105 2208 -13.0
2106 2209 -13.0
2108 2211 -13.0
2109 2212 -13.0
2110 2213 -13.0
2111 2214 -13.0
2112 2215 -13.0
2113 2216 -13.0
2114 2217 -13.0
2115 2218 -13.0
2116 2219 -13.0
2117 2220 -13.0
2118 2221 -13.0
2119 2222 -13.0
2120 2223 -13.0
2121 2224 -13.0
2122 2225 -13.0
2123 2226 -13.0
2124 2227 -13.0
2125 2228 -13.0
2126 2229 -13.0
2127 2230 -13.0
2128 2231 -13.0
2129 2130 -5.0
2130 2131 -5.0
2131 2132 -5.0
2132 2133 -5.0
2133 2134 -5.0
2134 2135 -5.0
2135 2136 -5.0
2136 2137 -5.0
2137 2138 -5.0
2138 2139 -5.0
2139 2140 -5.0
2140 2141 -5.0
2141 2142 -5.0
2142 2143 -5.0
2143 2144 -5.0
2144 2145 -5.0
2145 2146 -5.0
2146 2147 -5.0
2147 2148 -5.0
2148 2149 -5.0
2149 2150 -5.0
2150 2151 -5.0
2151 2152 -5.0
2152 2153 -5.0
2153 2154 -5.0
2155 2156 -5.0
2156 2157 -5.0
2157 2158 -5.0
2158 2159 -5.0
2159 2160 -5.0
2160 2161 -5.0
2161 2162 -5.0
2162 2163 -5.0
2163 2164 -5.0
2164 2165 -5.0
2165 2166 -5.0
2166 2167 -5.0
2167 2168 -5.0
2168 2169 -5.0
2169 2170 -5.0
2170 2171 -5.0
2171 2172 -5.0
2172 2173 -5.0
2174 2175 -5.0
2175 2176 -5.0
2176 2177 -5.0
2177 2178 -5.0
2178 2179 -5.0
2179 2180 -5.0
2180 2181 -5.0
2181 2182 -5.0
2182 2183 -5.0
2183 2184 -5.0
2184 2185 -5.0
2185 2186 -5.0
2186 2187 -5.0
2187 2188 -5.0
2188 2189 -5.0
2189 2190 -5.0
2190 2191 -5.0
2191 2192 -5.0
2192 2193 -5.0
2193 2194 -5.0
2194 2195 -5.0
2195 2196 -5.0
2196 2197 -5.0
2197 2198 -5.0
2198 2199 -5.0
2199 2200 -5.0
2200 2201 -5.0
2201 2202 -5.0
2202 2203 -5.0
2203 2204 -5.0
2204 2205 -5.0
2205 2206 -5.0
2206 2207 -5.0
2207 2208 -5.0
2208 2209 -5.0
2209 2210 -5.0
2210 2211 -5.0
2211 2212 -5.0
2212 2213 -5.0
2213 2214 -5.0
2214 2215 -5.0
2215 2216 -5.0
2216 2217 -5.0
2217 2218 -5.0
2218 2219 -5.0
2219 2220 -5.0
2220 2221 -5.0
2221 2222 -5.0
2222 2223 -5.0
2223 2224 -5.0
2224 2225 -5.0
2225 2226 -5.0
2226 2227 -5.0
2227 2228 -5.0
2228 2229 -5.0
2229 2230 -5.0
2230 2231 -5.0
2129 2232 -13.0
2130 2233 -13.0
2131 2234 -13.0
2132 2235 -13.0
2133 2236 -13.0
2134 2237 -13.0
2135 2238 -13.0
2136 2239 -13.0
2137 2240 -13.0
2138 2241 -13.0
2139 2242 -13.0
2140 2243 -13.0
2141 2244 -13.0
2142 2245 -13.0
2143 2246 -13.0
2144 2247 -13.0
2145 2248 -13.0
2146 2249 -13.0
2147 2250 -13.0
2148 2251 -13.0
2149 2252 -13.0
2150 2253 -13.0
2151 2254 -13.0
2152 2255 -13.0
2153 2256 -13.0
2154 2257 -13.0
2155 2258 -13.0
2156 2259 -13.0
2157 2260 -13.0
2158 2261 -13.0
2159 2262 -13.0
2160 2263 -13.0
2161 2264 -13.0
2162 2265 -13.0
2163 2266 -13.0
2164 2267 -13.0
2165 2268 -13.0
2166 2269 -13.0
2167 2270 -13.0
2168 2271 -13.0
2169 2272 -13.0
2170 2273 -13.0
2171 2274 -13.0
2172 2275 -13.0
2173 2276 -13.0
2174 2277 -13.0
2175 2278 -13.0
2176 2279 -13.0
2177 2280 -13.0
2178 2281 -13.0
2179 2282 -13.0
2180 2283 -13.0
2181 2284 -13.0
2182 2285 -13.0
2183 2286 -13.0
2184 2287 -13.0
2185 2288 -13.0
2186 2289 -13.0
2187 2290 -13.0
2188 2291 -13.0
2189 2292 -13.0
2190 2293 -13.0
2191 2294 -13.0
2192 2295 -13.0
2193 2296 -13.0
2194 2297 -13.0
2195 2298 -13.0
2196 2299 -13.0
2197 2300 -13.0
2198 2301 -13.0
2199 2302 -13.0
2200 2303 -13.0
2201 2304 -13.0
2202 2305 -13.0
2203 2306 -13.0
2204 2307 -13.0
2205 2308 -13.0
2206 2309 -13.0
2207 2310 -13.0
2208 2311 -13.0
2209 2312 -13.0
2210 2313 -13.0
2211 2314 -13.0
2212 2315 -13.0
2213 2316 -13.0
2214 2317 -13.0
2215 2318 -13.0
2216 2319 -13.0
2217 2320 -13.0
2218 2321 -13.0
2219 2322 -13.0
2220 2323 -13.0
2221 2324 -13.0
2222 2325 -13.0
2223 2326 -13.0
2224 2327 -13.0
2225 2328 -13.0
2226 2329 -13.0
2227 2330 -13.0
2228 2331 -13.0
2229 2332 -13.0
2230 2333 -13.0
2231 2334 -13.0
2232 2233 -5.0
2233 2234 -5.0
2234 2235 -5.0
2235 2236 -5.0
2236 2237 -5.0
2237 2238 -5.0
2238 2239 -5.0
2239 2240 -5.0
2240 2241 -5.0
2241 2242 -5.0
2242 2243 -5.0
2243 2244 -5.0
2244 2245 -5.0
2245 2246 -5.0
2246 2247 -5.0
2247 2248 -5.0
2248 2249 -5.0
2249 2250 -5.0
2250 2251 -5.0
2251 2252 -5.0
2252 2253 -5.0
2253 2254 -5.0
2254 2255 -5.0
2255 2256 -5.0
2256 2257 -5.0
2258 2259 -5.0
2259 2260 -5.0
2260 2261 -5.0
2261 2262 -5.0
2262 2263 -5.0
2263 2264 -5.0
2264 2265 -5.0
2265 2266 -5.0
2266 2267 -5.0
2267 2268 -5.0
2268 2269 -5.0
2269 2270 -5.0
2270 2271 -5.0
2271 2272 -5.0
2272 2273 -5.0
2273 2274 -5.0
2274 2275 -5.0
2275 2276 -5.0
2277 2278 -5.0
2278 2279 -5.0
2279 2280 -5.0
2280 2281 -5.0
2281 2282 -5.0
2282 2283 -5.0
2283 2284 -5.0
2284 2285 -5.0
2285 2286 -5.0
2286 2287 -5.0
2287 2288 -5.0
2288 2289 -5.0
2289 2290 -5.0
2290 2291 -5.0
2291 2292 -5.0
2292 2293 -5.0
2293 2294 -5.0
2294 2295 -5.0
2295 2296 -5.0
2296 2297 -5.0
2297 2298 -5.0
2298 2299 -5.0
2299 2300 -5.0
2300 2301 -5.0
2301 2302 -5.0
2302 2303 -5.0
2303 2304 -5.0
2304 2305 -5.0
2305 2306 -5.0
2306 2307 -5.0
2307 2308 -5.0
2308 2309 -5.0
2309 2310 -5.0
2310 2311 -5.0
2311 2312 -5.0
2312 2313 -5.0
2313 2314 -5.0
2314 2315 -5.0
2315 2316 -5.0
2316 2317 -5.0
2317 2318 -5.0
2318 2319 -5.0
2319 2320 -5.0
2320 2321 -5.0
2321 2322 -5.0
2322 2323 -5.0
2323 2324 -5.0
2324 2325 -5.0
2325 2326 -5.0
2326 2327 -5.0
2327 2328 -5.0
2328 2329 -5.0
2329 2330 -5.0
2330 2331 -5.0
2331 2332 -5.0
2332 2333 -5.0
2333 2334 -5.0
2232 2335 -13.0
2233 2336 -13.0
2234 2337 -13.0
2235 2338 -13.0
2236 2339 -13.0
2237 2340 -13.0
2238 2341 -13.0
2239 2342 -13.0
2240 2343 -13.0
2241 2344 -13.0
2242 2345 -13.0
2243 2346 -13.0
2244 2347 -13.0
2245 2348 -13.0
2246 2349 -13.0
2247 2350 -13.0
2248 2351 -13.0
2249 2352 -13.0
2250 2353 -13.0
2251 2354 -13.0
2252 2355 -13.0
2253 2356 -13.0
2254 2357 -13.0
2255 2358 -13.0
2256 2359 -13.0
2257 2360 -13.0
2258 2362 -13.0
2260 2363 -13.0
2261 2364 -13.0
2262 2365 -13.0
2263 2366 -13.0
2264 2367 -13.0
2265 2368 -13.0
2266 2369 -13.0
2267 2370 -13.0
2268 2371 -13.0
2269 2372 -13.0
2270 2373 -13.0
2271 2374 -13.0
2272 2375 -13.0
2273 2376 -13.0
2274 2377 -13.0
2275 2378 -13.0
2276 2379 -13.0
2277 2382 -13.0
2278 2383 -13.0
2279 2384 -13.0
2280 2385 -13.0
2281 2386 -13.0
2282 2387 -13.0
2283 2388 -13.0
2284 2389 -13.0
2285 2390 -13.0
2286 2391 -13.0
2287 2392 -13.0
2288 2393 -13.0
2289 2394 -13.0
2290 2395 -13.0
2291 2396 -13.0
2292 2397 -13.0
2293 2398 -13.0
2294 2399 -13.0
2295 2400 -13.0
2296 2401 -13.0
2297 2402 -13.0
2299 2404 -13.0
2300 2405 -13.0
2301 2406 -13.0
2302 2407 -13.0
2303 2408 -13.0
2304 2409 -13.0
2305 2410 -13.0
2306 2411 -13.0
2307 2412 -13.0
2308 2413 -13.0
2309 2414 -13.0
2310 2415 -13.0
2311 2416 -13.0
2312 2417 -13.0
2313 2418 -13.0
2314 2419 -13.0
2315 2420 -13.0
2316 2421 -13.0
2317 2422 -13.0
2318 2423 -13.0
2319 2424 -13.0
2320 2425 -13.0
2321 2426 -13.0
2322 2427 -13.0
2323 2428 -13.0
2324 2429 -13.0
2325 2430 -13.0
2326 2431 -13.0
2327 2432 -13.0
2328 2433 -13.0
2329 2434 -13.0
2330 2435 -13.0
2331 2436 -13.0
2332 2437 -13.0
2333 2438 -13.0
2334 2439 -13.0
2335 2336 -5.0
2336 2337 -5.0
2337 2338 -5.0
2338 2339 -5.0
2339 2340 -5.0
2340 2341 -5.0
2341 2342 -5.0
2342 2343 -5.0
2343 2344 -5.0
2344 2345 -5.0
2345 2346 -5.0
2346 2347 -5.0
2347 2348 -5.0
2348 2349 -5.0
2349 2350 -5.0
2350 2351 -5.0
2351 2352 -5.0
2352 2353 -5.0
2353 2354 -5.0
2354 2355 -5.0
2355 2356 -5.0
2356 2357 -5.0
2357 2358 -5.0
2358 2359 -5.0
2359 2360 -5.0
2360 2361 -5.0
2361 2362 -5.0
2363 2364 -5.0
2364 2365 -5.0
2365 2366 -5.0
2366 2367 -5.0
2367 2368 -5.0
2368 2369 -5.0
2369 2370 -5.0
2370 2371 -5.0
2371 2372 -5.0
2372 2373 -5.0
2373 2374 -5.0
2374 2375 -5.0
2375 2376 -5.0
2376 2377 -5.0
2377 2378 -5.0
2378 2379 -5.0
2379 2380 -5.0
2380 2381 -5.0
2381 2382 -5.0
2382 2383 -5.0
2383 2384 -5.0
2384 2385 -5.0
2385 2386 -5.0
2386 2387 -5.0
2387 2388 -5.0
2388 2389 -5.0
2389 2390 -5.0
2390 2391 -5.0
2391 2392 -5.0
2392 2393 -5.0
2393 2394 -5.0
2394 2395 -5.0
2395 2396 -5.0
2396 2397 -5.0
2397 2398 -5.0
2398 2399 -5.0
2399 2400 -5.0
2400 2401 -5.0
2401 2402 -5.0
2402 2403 -5.0
2403 2404 -5.0
2404 2405 -5.0
2405 2406 -5.0
2406 2407 -5.0
2407 2408 -5.0
2408 2409 -5.0
2409 2410 -5.0
2410 2411 -5.0
2411 2412 -5.0
2412 2413 -5.0
2413 2414 -5.0
2414 2415 -5.0
2415 2416 -5.0
2416 2417 -5.0
2417 2418 -5.0
2418 2419 -5.0
2419 2420 -5.0
2420 2421 -5.0
2421 2422 -5.0
2422 2423 -5.0
2423 2424 -5.0
2424 2425 -5.0
2425 2426 -5.0
2426 2427 -5.0
2427 2428 -5.0
2428 2429 -5.0
2429 2430 -5.0
2430 2431 -5.0
2431 2432 -5.0
2432 2433 -5.0
2433 2434 -5.0
2434 2435 -5.0
2435 2436 -5.0
2436 2437 -5.0
2437 2438 -5.0
2438 2439 -5.0
2335 2440 -13.0
2336 2441 -13.0
2337 2442 -13.0
2338 2443 -13.0
2339 2444 -13.0
2340 2445 -13.0
2341 2446 -13.0
2342 2447 -13.0
2343 2448 -13.0
2344 2449 -13.0
2345 2450 -13.0
2346 2451 -13.0
2347 2452 -13.0
2348 2453 -13.0
2349 2454 -13.0
2350 2455 -13.0
2351 2456 -13.0
2352 2457 -13.0
2353 2458 -13.0
2354 2459 -13.0
2355 2460 -13.0
2356 2461 -13.0
2357 2462 -13.0
2358 2463 -13.0
2360 2464 -13.0
2361 2465 -13.0
2362 2466 -13.0
2363 2467 -13.0
2364 2468 -13.0
2366 2469 -13.0
2368 2470 -13.0
2369 2471 -13.0
2370 2472 -13.0
2371 2473 -13.0
2372 2474 -13.0
2374 2475 -13.0
2376 2476 -13.0
2377 2477 -13.0
2378 2478 -13.0
2379 2479 -13.0
2380 2480 -13.0
2381 2481 -13.0
2382 2482 -13.0
2383 2483 -13.0
2384 2484 -13.0
2385 2485 -13.0
2386 2486 -13.0
2387 2487 -13.0
2388 2488 -13.0
2389 2489 -13.0
2390 2490 -13.0
2391 2491 -13.0
2392 2492 -13.0
2393 2493 -13.0
2394 2494 -13.0
2395 2495 -13.0
2396 2496 -13.0
2397 2497 -13.0
2398 2498 -13.0
2399 2499 -13.0
2400 2500 -13.0
2401 2501 -13.0
2402 2502 -13.0
2403 2503 -13.0
2404 2504 -13.0
2405 2505 -13.0
2406 2506 -13.0
2407 2507 -13.0
2408 2508 -13.0
2409 2509 -13.0
2410 2510 -13.0
2411 2511 -13.0
2412 2512 -13.0
2413 2513 -13.0
2414 2514 -13.0
2415 2515 -13.0
2416 2516 -13.0
2417 2517 -13.0
2418 2518 -13.0
2419 2519 -13.0
2420 2520 -13.0
2421 2521 -13.0
2422 2522 -13.0
2423 2523 -13.0
2424 2524 -13.0
2425 2525 -13.0
2426 2526 -13.0
2427 2527 -13.0
2428 2528 -13.0
2429 2529 -13.0
2430 2530 -13.0
2431 2531 -13.0
2432 2532 -13.0
2433 2533 -13.0
2434 2534 -13.0
2435 2535 -13.0
2436 2536 -13.0
2437 2537 -13.0
2438 2538 -13.0
2439 2539 -13.0
2440 2441 -5.0
2441 2442 -5.0
2442 2443 -5.0
2443 2444 -5.0
2444 2445 -5.0
2445 2446 -5.0
2446 2447 -5.0
2447 2448 -5.0
2448 2449 -5.0
2449 2450 -5.0
2450 2451 -5.0
2451 2452 -5.0
2452 2453 -5.0
2453 2454 -5.0
2454 2455 -5.0
2455 2456 -5.0
2456 2457 -5.0
2457 2458 -5.0
2458 2459 -5.0
2459 2460 -5.0
2460 2461 -5.0
2461 2462 -5.0
2462 2463 -5.0
2464 2465 -5.0
2465 2466 -5.0
2467 2468 -5.0
2470 2471 -5.0
2471 2472 -5.0
2472 2473 -5.0
2473 2474 -5.0
2476 2477 -5.0
2477 2478 -5.0
2478 2479 -5.0
2479 2480 -5.0
2480 2481 -5.0
2481 2482 -5.0
2482 2483 -5.0
2483 2484 -5.0
2484 2485 -5.0
2485 2486 -5.0
2486 2487 -5.0
2487 2488 -5.0
2488 2489 -5.0
2489 2490 -5.0
2490 2491 -5.0
2491 2492 -5.0
2492 2493 -5.0
2493 2494 -5.0
2494 2495 -5.0
2495 2496 -5.0
2496 2497 -5.0
2497 2498 -5.0
2498 2499 -5.0
2499 2500 -5.0
2500 2501 -5.0
2501 2502 -5.0
2502 2503 -5.0
2503 2504 -5.0
2504 2505 -5.0
2505 2506 -5.0
2506 2507 -5.0
2507 2508 -5.0
2508 2509 -5.0
2509 2510 -5.0
2510 2511 -5.0
2511 2512 -5.0
2512 2513 -5.0
2513 2514 -5.0
2514 2515 -5.0
2515 2516 -5.0
2516 2517 -5.0
2517 2518 -5.0
2518 2519 -5.0
2519 2520 -5.0
2520 2521 -5.0
2521 2522 -5.0
2522 2523 -5.0
2523 2524 -5.0
2524 2525 -5.0
2525 2526 -5.0
2526 2527 -5.0
2527 2528 -5.0
2528 2529 -5.0
2529 2530 -5.0
2530 2531 -5.0
2531 2532 -5.0
2532 2533 -5.0
2533 2534 -5.0
2534 2535 -5.0
2535 2536 -5.0
2536 2537 -5.0
2537 2538 -5.0
2538 2539 -5.0
2440 2540 -13.0
2441 2541 -13.0
2442 2542 -13.0
2443 2543 -13.0
2444 2544 -13.0
2445 2545 -13.0
2446 2546 -13.0
2447 2547 -13.0
2448 2548 -13.0
2449 2549 -13.0
2450 2550 -13.0
2451 2551 -13.0
2452 2552 -13.0
2453 2553 -13.0
2454 2554 -13.0
2455 2555 -13.0
2457 2556 -13.0
2458 2557 -13.0
2459 2558 -13.0
2461 2559 -13.0
2462 2560 -13.0
2463 2561 -13.0
2464 2562 -13.0
2466 2563 -13.0
2467 2565 -13.0
2468 2566 -13.0
2469 2567 -13.0
2470 2568 -13.0
2471 2569 -13.0
2472 2570 -13.0
2473 2571 -13.0
2474 2572 -13.0
2475 2573 -13.0
2476 2574 -13.0
2477 2575 -13.0
2478 2576 -13.0
2479 2577 -13.0
2480 2578 -13.0
2481 2579 -13.0
2482 2580 -13.0
2483 2581 -13.0
2484 2582 -13.0
2485 2583 -13.0
2486 2584 -13.0
2487 2585 -13.0
2488 2586 -13.0
2489 2587 -13.0
2490 2588 -13.0
2491 2589 -13.0
2492 2590 -13.0
2493 2591 -13.0
2494 2592 -13.0
2495 2593 -13.0
2496 2594 -13.0
2497 2595 -13.0
2498 2596 -13.0
2499 2597 -13.0
2500 2598 -13.0
2501 2599 -13.0
2502 2600 -13.0
2503 2601 -13.0
2504 2602 -13.0
2505 2603 -13.0
2506 2604 -13.0
2507 2605 -13.0
2508 2606 -13.0
2509 2607 -13.0
2510 2608 -13.0
2511 2609 -13.0
2512 2610 -13.0
2513 2611 -13.0
2514 2612 -13.0
2515 2613 -13.0
2516 2614 -13.0
2517 2615 -13.0
2518 2616 -13.0
2519 2617 -13.0
2520 2618 -13.0
2521 2619 -13.0
2522 2620 -13.0
2523 2621 -13.0
2524 2622 -13.0
2525 2623 -13.0
2526 2624 -13.0
2527 2625 -13.0
2528 2626 -13.0
2529 2627 -13.0
2530 2628 -13.0
2531 2629 -13.0
2532 2630 -13.0
2533 2631 -13.0
2534 2632 -13.0
2535 2633 -13.0
2536 2634 -13.0
2537 2635 -13.0
2538 2636 -13.0
2539 2637 -13.0
2540 2541 -5.0
2541 2542 -5.0
2542 2543 -5.0
2543 2544 -5.0
2544 2545 -5.0
2545 2546 -5.0
2546 2547 -5.0
2547 2548 -5.0
2548 2549 -5.0
2549 2550 -5.0
2550 2551 -5.0
2551 2552 -5.0
2552 2553 -5.0
2553 2554 -5.0
2554 2555 -5.0
2556 2557 -5.0
2557 2558 -5.0
2559 2560 -5.0
2560 2561 -5.0
2563 2564 -5.0
2564 2565 -5.0
2565 2566 -5.0
2568 2569 -5.0
2569 2570 -5.0
2570 2571 -5.0
2571 2572 -5.0
2574 2575 -5.0
2575 2576 -5.0
2576 2577 -5.0
2577 2578 -5.0
2578 2579 -5.0
2579 2580 -5.0
2580 2581 -5.0
2581 2582 -5.0
2582 2583 -5.0
2583 2584 -5.0
2584 2585 -5.0
2585 2586 -5.0
2586 2587 -5.0
2587 2588 -5.0
2588 2589 -5.0
2589 2590 -5.0
2590 2591 -5.0
2591 2592 -5.0
2592 2593 -5.0
2593 2594 -5.0
2594 2595 -5.0
2595 2596 -5.0
2596 2597 -5.0
2597 2598 -5.0
2598 2599 -5.0
2599 2600 -5.0
2600 2601 -5.0
2601 2602 -5.0
2602 2603 -5.0
2603 2604 -5.0
2604 2605 -5.0
2605 2606 -5.0
2606 2607 -5.0
2607 2608 -5.0
2608 2609 -5.0
2609 2610 -5.0
2610 2611 -5.0
2611 2612 -5.0
2612 2613 -5.0
2613 2614 -5.0
2614 2615 -5.0
2615 2616 -5.0
2616 2617 -5.0
2617 2618 -5.0
2618 2619 -5.0
2619 2620 -5.0
2620 2621 -5.0
2621 2622 -5.0
2622 2623 -5.0
2623 2624 -5.0
2624 2625 -5.0
2625 2626 -5.0
2626 2627 -5.0
2627 2628 -5.0
2628 2629 -5.0
2629 2630 -5.0
2630 2631 -5.0
2631 2632 -5.0
2632 2633 -5.0
2633 2634 -5.0
2634 2635 -5.0
2635 2636 -5.0
2636 2637 -5.0
2540 2638 -13.0
2541 2639 -13.0
2542 2640 -13.0
2543 2641 -13.0
2544 2642 -13.0
2545 2643 -13.0
2546 2644 -13.0
2547 2645 -13.0
2548 2646 -13.0
2549 2647 -13.0
2550 2648 -13.0
2551 2649 -13.0
2552 2650 -13.0
2553 2651 -13.0
2554 2652 -13.0
2555 2653 -13.0
2556 2654 -13.0
2558 2655 -13.0
2559 2656 -13.0
2561 2657 -13.0
2562 2659 -13.0
2563 2660 -13.0
2564 2661 -13.0
2565 2662 -13.0
2566 2663 -13.0
2567 2665 -13.0
2568 2667 -13.0
2569 2668 -13.0
2570 2669 -13.0
2571 2670 -13.0
2572 2671 -13.0
2573 2673 -13.0
2574 2675 -13.0
2575 2676 -13.0
2576 2677 -13.0
2577 2678 -13.0
2578 2679 -13.0
2579 2680 -13.0
2580 2681 -13.0
2581 2682 -13.0
2582 2683 -13.0
2583 2684 -13.0
2584 2685 -13.0
2585 2686 -13.0
2586 2687 -13.0
2587 2688 -13.0
2588 2689 -13.0
2589 2690 -13.0
2590 2691 -13.0
2591 2692 -13.0
2592 2693 -13.0
2593 2694 -13.0
2594 2695 -13.0
2595 2696 -13.0
2596 2697 -13.0
2597 2698 -13.0
2598 2699 -13.0
2599 2700 -13.0
2600 2701 -13.0
2601 2702 -13.0
2602 2703 -13.0
2603 2704 -13.0
2604 2705 -13.0
2605 2706 -13.0
2606 2707 -13.0
2607 2708 -13.0
2608 2709 -13.0
2609 2710 -13.0
2610 2711 -13.0
2611 2712 -13.0
2612 2713 -13.0
2613 2714 -13.0
2614 2715 -13.0
2615 2716 -13.0
2616 2717 -13.0
2617 2718 -13.0
2618 2719 -13.0
2619 2720 -13.0
2620 2721 -13.0
2621 2722 -13.0
2622 2723 -13.0
2623 2724 -13.0
2624 2725 -13.0
2625 2726 -13.0
2626 2727 -13.0
2627 2728 -13.0
2628 2729 -13.0
2629 2730 -13.0
2630 2731 -13.0
2631 2732 -13.0
2632 2733 -13.0
2633 2734 -13.0
2634 2735 -13.0
2635 2736 -13.0
2636 2737 -13.0
2637 2738 -13.0
2638 2639 -5.0
2639 2640 -5.0
2640 2641 -5.0
2641 2642 -5.0
2642 2643 -5.0
2643 2644 -5.0
2644 2645 -5.0
2645 2646 -5.0
2646 2647 -5.0
2647 2648 -5.0
2648 2649 -5.0
2649 2650 -5.0
2650 2651 -5.0
2651 2652 -5.0
2652 2653 -5.0
2657 2658 -5.0
2658 2659 -5.0
2660 2661 -5.0
2661 2662 -5.0
2662 2663 -5.0
2663 2664 -5.0
2664 2665 -5.0
2665 2666 -5.0
2666 2667 -5.0
2667 2668 -5.0
2668 2669 -5.0
2669 2670 -5.0
2670 2671 -5.0
2671 2672 -5.0
2672 2673 -5.0
2673 2674 -5.0
2674 2675 -5.0
2675 2676 -5.0
2676 2677 -5.0
2677 2678 -5.0
2678 2679 -5.0
2679 2680 -5.0
2680 2681 -5.0
2681 2682 -5.0
2682 2683 -5.0
2683 2684 -5.0
2684 2685 -5.0
2685 2686 -5.0
2686 2687 -5.0
2687 2688 -5.0
2688 2689 -5.0
2689 2690 -5.0
2690 2691 -5.0
2691 2692 -5.0
2692 2693 -5.0
2693 2694 -5.0
2694 2695 -5.0
2695 2696 -5.0
2696 2697 -5.0
2697 2698 -5.0
2698 2699 -5.0
2699 2700 -5.0
2700 2701 -5.0
2701 2702 -5.0
2702 2703 -5.0
2703 2704 -5.0
2704 2705 -5.0
2705 2706 -5.0
2706 2707 -5.0
2707 2708 -5.0
2708 2709 -5.0
2709 2710 -5.0
2710 2711 -5.0
2711 2712 -5.0
2712 2713 -5.0
2713 2714 -5.0
2714 2715 -5.0
2715 2716 -5.0
2716 2717 -5.0
2717 2718 -5.0
2718 2719 -5.0
2719 2720 -5.0
2720 2721 -5.0
2721 2722 -5.0
2722 2723 -5.0
2723 2724 -5.0
2724 2725 -5.0
2725 2726 -5.0
2726 2727 -5.0
2727 2728 -5.0
2728 2729 -5.0
2729 2730 -5.0
2730 2731 -5.0
2731 2732 -5.0
2732 2733 -5.0
2733 2734 -5.0
2734 2735 -5.0
2735 2736 -5.0
2736 2737 -5.0
2737 2738 -5.0
2638 2739 -13.0
2639 2740 -13.0
2640 2741 -13.0
2641 2742 -13.0
2642 2743 -13.0
2643 2744 -13.0
2645 2745 -13.0
2646 2746 -13.0
2647 2747 -13.0
2648 2748 -13.0
2649 2749 -13.0
2650 2750 -13.0
2651 2751 -13.0
2652 2752 -13.0
2653 2753 -13.0
2654 2755 -13.0
2655 2756 -13.0
2656 2758 -13.0
2657 2759 -13.0
2658 2760 -13.0
2659 2761 -13.0
2660 2763 -13.0
2661 2764 -13.0
2662 2765 -13.0
2663 2766 -13.0
2664 2767 -13.0
2665 2768 -13.0
2666 2769 -13.0
2667 2770 -13.0
2669 2771 -13.0
2670 2772 -13.0
2671 2773 -13.0
2672 2774 -13.0
2673 2775 -13.0
2674 2776 -13.0
2675 2777 -13.0
2677 2778 -13.0
2678 2779 -13.0
2679 2780 -13.0
2680 2781 -13.0
2681 2782 -13.0
2682 2783 -13.0
2683 2784 -13.0
2684 2785 -13.0
2685 2786 -13.0
2686 2787 -13.0
2687 2788 -13.0
2688 2789 -13.0
2689 2790 -13.0
2690 2791 -13.0
2691 2792 -13.0
2692 2793 -13.0
2693 2794 -13.0
2694 2795 -13.0
2695 2796 -13.0
2696 2797 -13.0
2697 2798 -13.0
2698 2799 -13.0
2699 2800 -13.0
2700 2801 -13.0
2701 2802 -13.0
2702 2803 -13.0
2703 2804 -13.0
2704 2805 -13.0
2705 2806 -13.0
2706 2807 -13.0
2707 2808 -13.0
2708 2809 -13.0
2709 2810 -13.0
2710 2811 -13.0
2711 2812 -13.0
2712 2813 -13.0
2713 2814 -13.0
2714 2815 -13.0
2715 2816 -13.0
2716 2817 -13.0
2717 2818 -13.0
2718 2819 -13.0
2719 2820 -13.0
2720 2821 -13.0
2721 2822 -13.0
2722 2823 -13.0
2723 2824 -13.0
2724 2825 -13.0
2725 2826 -13.0
2726 2827 -13.0
2727 2828 -13.0
2728 2829 -13.0
2729 2830 -13.0
2730 2831 -13.0
2731 2832 -13.0
2732 2833 -13.0
2733 2834 -13.0
2734 2835 -13.0
2735 2836 -13.0
2736 2837 -13.0
2737 2838 -13.0
2738 2839 -13.0
2739 2740 -5.0
2740 2741 -5.0
2741 2742 -5.0
2742 2743 -5.0
2743 2744 -5.0
2745 2746 -5.0
2746 2747 -5.0
2747 2748 -5.0
2748 2749 -5.0
2749 2750 -5.0
2750 2751 -5.0
2751 2752 -5.0
2752 2753 -5.0
2753 2754 -5.0
2754 2755 -5.0
2756 2757 -5.0
2757 2758 -5.0
2759 2760 -5.0
2760 2761 -5.0
2761 2762 -5.0
2762 2763 -5.0
2763 2764 -5.0
2764 2765 -5.0
2765 2766 -5.0
2766 2767 -5.0
2767 2768 -5.0
2768 2769 -5.0
2769 2770 -5.0
2771 2772 -5.0
2772 2773 -5.0
2773 2774 -5.0
2774 2775 -5.0
2775 2776 -5.0
2776 2777 -5.0
2778 2779 -5.0
2779 2780 -5.0
2780 2781 -5.0
2781 2782 -5.0
2782 2783 -5.0
2783 2784 -5.0
2784 2785 -5.0
2785 2786 -5.0
2786 2787 -5.0
2787 2788 -5.0
2788 2789 -5.0
2789 2790 -5.0
2790 2791 -5.0
2791 2792 -5.0
2792 2793 -5.0
2793 2794 -5.0
2794 2795 -5.0
2795 2796 -5.0
2796 2797 -5.0
2797 2798 -5.0
2798 2799 -5.0
2799 2800 -5.0
2800 2801 -5.0
2801 2802 -5.0
2802 2803 -5.0
2803 2804 -5.0
2804 2805 -5.0
2805 2806 -5.0
2806 2807 -5.0
2807 2808 -5.0
2808 2809 -5.0
2809 2810 -5.0
2810 2811 -5.0
2811 2812 -5.0
2812 2813 -5.0
2813 2814 -5.0
2814 2815 -5.0
2815 2816 -5.0
2816 2817 -5.0
2817 2818 -5.0
2818 2819 -5.0
2819 2820 -5.0
2820 2821 -5.0
2821 2822 -5.0
2822 2823 -5.0
2823 2824 -5.0
2824 2825 -5.0
2825 2826 -5.0
2826 2827 -5.0
2827 2828 -5.0
2828 2829 -5.0
2829 2830 -5.0
2830 2831 -5.0
2831 2832 -5.0
2832 2833 -5.0
2833 2834 -5.0
2834 2835 -5.0
2835 2836 -5.0
2836 2837 -5.0
2837 2838 -5.0
2838 2839 -5.0
2739 2840 -13.0
2740 2841 -13.0
2741 2842 -13.0
2742 2843 -13.0
2743 2844 -13.0
2744 2845 -13.0
2745 2846 -13.0
2747 2847 -13.0
2748 2848 -13.0
2749 2849 -13.0
2750 2850 -13.0
2751 2851 -13.0
2752 2852 -13.0
2753 2853 -13.0
2754 2854 -13.0
2755 2855 -13.0
2756 2857 -13.0
2757 2858 -13.0
2758 2859 -13.0
2759 2861 -13.0
2761 2862 -13.0
2762 2863 -13.0
2763 2864 -13.0
2765 2865 -13.0
2766 2866 -13.0
2767 2867 -13.0
2768 2868 -13.0
2769 2869 -13.0
2770 2870 -13.0
2771 2871 -13.0
2772 2872 -13.0
2773 2873 -13.0
2774 2874 -13.0
2775 2875 -13.0
2776 2876 -13.0
2777 2877 -13.0
2778 2878 -13.0
2779 2879 -13.0
2780 2880 -13.0
2781 2881 -13.0
2782 2882 -13.0
2783 2883 -13.0
2784 2884 -13.0
2785 2885 -13.0
2786 2886 -13.0
2787 2887 -13.0
2788 2888 -13.0
2789 2889 -13.0
2790 2890 -13.0
2791 2891 -13.0
2792 2892 -13.0
2793 2893 -13.0
2794 2894 -13.0
2795 2895 -13.0
2796 2896 -13.0
2797 2897 -13.0
2798 2898 -13.0
2799 2899 -13.0
2800 2900 -13.0
2801 2901 -13.0
2802 2902 -13.0
2803 2903 -13.0
2804 2904 -13.0
2805 2905 -13.0
2806 2906 -13.0
2807 2907 -13.0
2808 2908 -13.0
2809 2909 -13.0
2810 2910 -13.0
2811 2911 -13.0
2812 2912 -13.0
2813 2913 -13.0
2814 2914 -13.0
2815 2915 -13.0
2816 2916 -13.0
2817 2917 -13.0
2818 2918 -13.0
2819 2919 -13.0
2820 2920 -13.0
2822 2921 -13.0
2824 2922 -13.0
2825 2923 -13.0
2826 2924 -13.0
2827 2925 -13.0
2828 2926 -13.0
2829 2927 -13.0
2830 2928 -13.0
2831 2929 -13.0
2832 2930 -13.0
2833 2931 -13.0
2835 2932 -13.0
2836 2933 -13.0
2837 2934 -13.0
2839 2935 -13.0
2840 2841 -5.0
2841 2842 -5.0
2842 2843 -5.0
2843 2844 -5.0
2844 2845 -5.0
2847 2848 -5.0
2848 2849 -5.0
2849 2850 -5.0
2850 2851 -5.0
2851 2852 -5.0
2852 2853 -5.0
2853 2854 -5.0
2854 2855 -5.0
2855 2856 -5.0
2856 2857 -5.0
2857 2858 -5.0
2858 2859 -5.0
2859 2860 -5.0
2860 2861 -5.0
2862 2863 -5.0
2863 2864 -5.0
2865 2866 -5.0
2866 2867 -5.0
2867 2868 -5.0
2868 2869 -5.0
2869 2870 -5.0
2871 2872 -5.0
2872 2873 -5.0
2873 2874 -5.0
2874 2875 -5.0
2875 2876 -5.0
2876 2877 -5.0
2878 2879 -5.0
2879 2880 -5.0
2880 2881 -5.0
2881 2882 -5.0
2882 2883 -5.0
2883 2884 -5.0
2884 2885 -5.0
2885 2886 -5.0
2886 2887 -5.0
2887 2888 -5.0
2888 2889 -5.0
2889 2890 -5.0
2890 2891 -5.0
2891 2892 -5.0
2892 2893 -5.0
2893 2894 -5.0
2894 2895 -5.0
2895 2896 -5.0
2896 2897 -5.0
2897 2898 -5.0
2898 2899 -5.0
2899 2900 -5.0
2900 2901 -5.0
2901 2902 -5.0
2902 2903 -5.0
2903 2904 -5.0
2904 2905 -5.0
2905 2906 -5.0
2906 2907 -5.0
2907 2908 -5.0
2908 2909 -5.0
2909 2910 -5.0
2910 2911 -5.0
2911 2912 -5.0
2912 2913 -5.0
2913 2914 -5.0
2914 2915 -5.0
2915 2916 -5.0
2916 2917 -5.0
2917 2918 -5.0
2918 2919 -5.0
2919 2920 -5.0
2922 2923 -5.0
2923 2924 -5.0
2924 2925 -5.0
2925 2926 -5.0
2926 2927 -5.0
2927 2928 -5.0
2928 2929 -5.0
2929 2930 -5.0
2930 2931 -5.0
2932 2933 -5.0
2933 2934 -5.0
2840 2936 -13.0
2841 2937 -13.0
2842 2938 -13.0
2843 2939 -13.0
2844 2940 -13.0
2845 2941 -13.0
2846 2943 -13.0
2847 2944 -13.0
2848 2945 -13.0
2849 2946 -13.0
2850 2947 -13.0
2851 2948 -13.0
2852 2949 -13.0
2853 2950 -13.0
2855 2951 -13.0
2856 2952 -13.0
2857 2953 -13.0
2859 2954 -13.0
2860 2955 -13.0
2861 2956 -13.0
2862 2957 -13.0
2863 2958 -13.0
2864 2959 -13.0
2865 2960 -13.0
2866 2961 -13.0
2867 2962 -13.0
2868 2963 -13.0
2870 2964 -13.0
2871 2966 -13.0
2872 2967 -13.0
2873 2968 -13.0
2875 2969 -13.0
2876 2970 -13.0
2877 2971 -13.0
2878 2973 -13.0
2879 2974 -13.0
2880 2975 -13.0
2881 2976 -13.0
2882 2977 -13.0
2883 2978 -13.0
2884 2979 -13.0
2885 2980 -13.0
2886 2981 -13.0
2887 2982 -13.0
2888 2983 -13.0
2889 2984 -13.0
2890 2985 -13.0
2891 2986 -13.0
2892 2987 -13.0
2893 2988 -13.0
2894 2989 -13.0
2895 2990 -13.0
2896 2991 -13.0
2897 2992 -13.0
2899 2993 -13.0
2900 2994 -13.0
2901 2995 -13.0
2902 2996 -13.0
2903 2997 -13.0
2905 2998 -13.0
2906 2999 -13.0
2907 3000 -13.0
2908 3001 -13.0
2909 3002 -13.0
2910 3003 -13.0
2911 3004 -13.0
2912 3005 -13.0
2913 3006 -13.0
2914 3007 -13.0
2915 3008 -13.0
2916 3009 -13.0
2917 3010 -13.0
2918 3011 -13.0
2919 3012 -13.0
2920 3013 -13.0
2921 3014 -13.0
2922 3015 -13.0
2923 3016 -13.0
2924 3017 -13.0
2925 3018 -13.0
2926 3019 -13.0
2927 3020 -13.0
2928 3021 -13.0
2929 3022 -13.0
2930 3023 -13.0
2931 3024 -13.0
2932 3025 -13.0
2933 3026 -13.0
2934 3027 -13.0
2935 3028 -13.0
2936 2937 -5.0
2937 2938 -5.0
2938 2939 -5.0
2939 2940 -5.0
2940 2941 -5.0
2941 2942 -5.0
2942 2943 -5.0
2944 2945 -5.0
2945 2946 -5.0
2946 2947 -5.0
2947 2948 -5.0
2948 2949 -5.0
2949 2950 -5.0
2951 2952 -5.0
2952 2953 -5.0
2954 2955 -5.0
2955 2956 -5.0
2957 2958 -5.0
2958 2959 -5.0
2960 2961 -5.0
2961 2962 -5.0
2962 2963 -5.0
2964 2965 -5.0
2965 2966 -5.0
2966 2967 -5.0
2967 2968 -5.0
2969 2970 -5.0
2970 2971 -5.0
2971 2972 -5.0
2972 2973 -5.0
2973 2974 -5.0
2974 2975 -5.0
2975 2976 -5.0
2976 2977 -5.0
2977 2978 -5.0
2978 2979 -5.0
2979 2980 -5.0
2980 2981 -5.0
2981 2982 -5.0
2982 2983 -5.0
2983 2984 -5.0
2984 2985 -5.0
2985 2986 -5.0
2986 2987 -5.0
2987 2988 -5.0
2988 2989 -5.0
2989 2990 -5.0
2990 2991 -5.0
2991 2992 -5.0
2993 2994 -5.0
2994 2995 -5.0
2995 2996 -5.0
2996 2997 -5.0
2998 2999 -5.0
2999 3000 -5.0
3000 3001 -5.0
3001 3002 -5.0
3002 3003 -5.0
3003 3004 -5.0
3004 3005 -5.0
3005 3006 -5.0
3006 3007 -5.0
3007 3008 -5.0
3008 3009 -5.0
3009 3010 -5.0
3010 3011 -5.0
3011 3012 -5.0
3012 3013 -5.0
3015 3016 -5.0
3016 3017 -5.0
3017 3018 -5.0
3018 3019 -5.0
3019 3020 -5.0
3020 3021 -5.0
3021 3022 -5.0
3022 3023 -5.0
3023 3024 -5.0
3025 3026 -5.0
3026 3027 -5.0
2936 3029 -13.0
2937 3030 -13.0
2938 3031 -13.0
2939 3032 -13.0
2940 3033 -13.0
2941 3034 -13.0
2942 3035 -13.0
2943 3036 -13.0
2944 3038 -13.0
2945 3039 -13.0
2946 3040 -13.0
2947 3041 -13.0
2948 3042 -13.0
2949 3043 -13.0
2950 3044 -13.0
2951 3045 -13.0
2953 3046 -13.0
2954 3047 -13.0
2955 3048 -13.0
2956 3049 -13.0
2957 3051 -13.0
2959 3052 -13.0
2960 3054 -13.0
2961 3055 -13.0
2962 3056 -13.0
2963 3057 -13.0
2964 3058 -13.0
2965 3059 -13.0
2966 3060 -13.0
2967 3061 -13.0
2968 3062 -13.0
2969 3063 -13.0
2971 3065 -13.0
2972 3066 -13.0
2973 3067 -13.0
2974 3068 -13.0
2975 3069 -13.0
2976 3070 -13.0
2977 3071 -13.0
2978 3072 -13.0
2979 3073 -13.0
2980 3074 -13.0
2981 3075 -13.0
2982 3076 -13.0
2983 3077 -13.0
2984 3078 -13.0
2985 3079 -13.0
2986 3080 -13.0
2987 3081 -13.0
2988 3082 -13.0
2989 3083 -13.0
2990 3084 -13.0
2991 3085 -13.0
2992 3086 -13.0
2993 3087 -13.0
2994 3088 -13.0
2995 3089 -13.0
2996 3090 -13.0
2997 3091 -13.0
2998 3092 -13.0
2999 3093 -13.0
3000 3094 -13.0
3001 3095 -13.0
3002 3096 -13.0
3003 3097 -13.0
3004 3098 -13.0
3005 3099 -13.0
3006 3100 -13.0
3008 3102 -13.0
3009 3103 -13.0
3010 3104 -13.0
3011 3105 -13.0
3013 3106 -13.0
3014 3108 -13.0
3015 3110 -13.0
3016 3111 -13.0
3017 3112 -13.0
3018 3113 -13.0
3019 3114 -13.0
3020 3115 -13.0
3021 3116 -13.0
3023 3117 -13.0
3024 3118 -13.0
3025 3120 -13.0
3027 3121 -13.0
3028 3123 -13.0
3029 3030 -5.0
3030 3031 -5.0
3031 3032 -5.0
3032 3033 -5.0
3033 3034 -5.0
3034 3035 -5.0
3035 3036 -5.0
3036 3037 -5.0
3037 3038 -5.0
3038 3039 -5.0
3039 3040 -5.0
3040 3041 -5.0
3041 3042 -5.0
3042 3043 -5.0
3043 3044 -5.0
3047 3048 -5.0
3048 3049 -5.0
3049 3050 -5.0
3050 3051 -5.0
3052 3053 -5.0
3053 3054 -5.0
3054 3055 -5.0
3055 3056 -5.0
3056 3057 -5.0
3058 3059 -5.0
3059 3060 -5.0
3060 3061 -5.0
3061 3062 -5.0
3063 3064 -5.0
3064 3065 -5.0
3065 3066 -5.0
3066 3067 -5.0
3067 3068 -5.0
3068 3069 -5.0
3069 3070 -5.0
3070 3071 -5.0
3071 3072 -5.0
3072 3073 -5.0
3073 3074 -5.0
3074 3075 -5.0
3075 3076 -5.0
3076 3077 -5.0
3077 3078 -5.0
3078 3079 -5.0
3079 3080 -5.0
3080 3081 -5.0
3081 3082 -5.0
3082 3083 -5.0
3083 3084 -5.0
3084 3085 -5.0
3085 3086 -5.0
3087 3088 -5.0
3088 3089 -5.0
3089 3090 -5.0
3090 3091 -5.0
3092 3093 -5.0
3093 3094 -5.0
3094 3095 -5.0
3095 3096 -5.0
3096 3097 -5.0
3097 3098 -5.0
3098 3099 -5.0
3099 3100 -5.0
3100 3101 -5.0
3101 3102 -5.0
3102 3103 -5.0
3103 3104 -5.0
3104 3105 -5.0
3106 3107 -5.0
3107 3108 -5.0
3108 3109 -5.0
3109 3110 -5.0
3110 3111 -5.0
3111 3112 -5.0
3112 3113 -5.0
3113 3114 -5.0
3114 3115 -5.0
3115 3116 -5.0
3117 3118 -5.0
3118 3119 -5.0
3119 3120 -5.0
3121 3122 -5.0
3122 3123 -5.0
3029 3124 -13.0
3030 3125 -13.0
3031 3126 -13.0
3032 3127 -13.0
3033 3128 -13.0
3035 3129 -13.0
3036 3130 -13.0
3037 3131 -13.0
3038 3132 -13.0
3039 3133 -13.0
3040 3134 -13.0
3041 3135 -13.0
3042 3136 -13.0
3043 3137 -13.0
3044 3138 -13.0
3045 3140 -13.0
3046 3141 -13.0
3047 3143 -13.0
3048 3144 -13.0
3049 3145 -13.0
3050 3146 -13.0
3051 3147 -13.0
3052 3148 -13.0
3053 3149 -13.0
3054 3150 -13.0
3055 3151 -13.0
3056 3152 -13.0
3057 3153 -13.0
3058 3155 -13.0
3060 3157 -13.0
3061 3158 -13.0
3062 3159 -13.0
3063 3161 -13.0
3064 3162 -13.0
3065 3163 -13.0
3066 3164 -13.0
3068 3166 -13.0
3069 3167 -13.0
3070 3168 -13.0
3071 3169 -13.0
3072 3170 -13.0
3073 3171 -13.0
3074 3172 -13.0
3075 3173 -13.0
3076 3174 -13.0
3078 3176 -13.0
3079 3177 -13.0
3080 3178 -13.0
3081 3179 -13.0
3082 3180 -13.0
3083 3181 -13.0
3084 3182 -13.0
3085 3183 -13.0
3086 3184 -13.0
3087 3186 -13.0
3089 3187 -13.0
3091 3188 -13.0
3092 3190 -13.0
3093 3191 -13.0
3094 3192 -13.0
3095 3193 -13.0
3096 3194 -13.0
3097 3195 -13.0
3098 3196 -13.0
3099 3197 -13.0
3100 3198 -13.0
3101 3199 -13.0
3102 3200 -13.0
3103 3201 -13.0
3104 3202 -13.0
3105 3203 -13.0
3106 3204 -13.0
3107 3205 -13.0
3108 3206 -13.0
3109 3207 -13.0
3110 3208 -13.0
3111 3209 -13.0
3112 3210 -13.0
3113 3211 -13.0
3114 3212 -13.0
3115 3213 -13.0
3116 3214 -13.0
3117 3215 -13.0
3118 3216 -13.0
3119 3217 -13.0
3120 3218 -13.0
3121 3219 -13.0
3122 3220 -13.0
3123 3221 -13.0
3124 3125 -5.0
3125 3126 -5.0
3126 3127 -5.0
3127 3128 -5.0
3129 3130 -5.0
3130 3131 -5.0
3131 3132 -5.0
3132 3133 -5.0
3133 3134 -5.0
3134 3135 -5.0
3135 3136 -5.0
3136 3137 -5.0
3137 3138 -5.0
3138 3139 -5.0
3139 3140 -5.0
3141 3142 -5.0
3142 3143 -5.0
3143 3144 -5.0
3144 3145 -5.0
3145 3146 -5.0
3146 3147 -5.0
3148 3149 -5.0
3149 3150 -5.0
3150 3151 -5.0
3151 3152 -5.0
3152 3153 -5.0
3153 3154 -5.0
3154 3155 -5.0
3155 3156 -5.0
3156 3157 -5.0
3157 3158 -5.0
3158 3159 -5.0
3159 3160 -5.0
3160 3161 -5.0
3161 3162 -5.0
3162 3163 -5.0
3163 3164 -5.0
3164 3165 -5.0
3165 3166 -5.0
3166 3167 -5.0
3167 3168 -5.0
3168 3169 -5.0
3169 3170 -5.0
3170 3171 -5.0
3171 3172 -5.0
3172 3173 -5.0
3173 3174 -5.0
3174 3175 -5.0
3175 3176 -5.0
3176 3177 -5.0
3177 3178 -5.0
3178 3179 -5.0
3179 3180 -5.0
3180 3181 -5.0
3181 3182 -5.0
3182 3183 -5.0
3183 3184 -5.0
3184 3185 -5.0
3185 3186 -5.0
3188 3189 -5.0
3189 3190 -5.0
3190 3191 -5.0
3191 3192 -5.0
3192 3193 -5.0
3193 3194 -5.0
3194 3195 -5.0
3195 3196 -5.0
3196 3197 -5.0
3197 3198 -5.0
3198 3199 -5.0
3199 3200 -5.0
3200 3201 -5.0
3201 3202 -5.0
3202 3203 -5.0
3204 3205 -5.0
3205 3206 -5.0
3206 3207 -5.0
3207 3208 -5.0
3208 3209 -5.0
3209 3210 -5.0
3210 3211 -5.0
3211 3212 -5.0
3212 3213 -5.0
3213 3214 -5.0
3215 3216 -5.0
3216 3217 -5.0
3217 3218 -5.0
3219 3220 -5.0
3220 3221 -5.0
