MULTICUT
1 2881 -1.0
1 121 -1.0
1 120 -1.0
1 2 -1.0
2 2882 -1.0
2 122 -1.0
2 3 -1.0
3 2883 -1.0
3 123 -1.0
3 4 -1.0
4 2884 -1.0
4 124 -1.0
4 5 -1.0
5 2885 -1.0
5 125 -1.0
5 6 -1.0
6 2886 -1.0
6 126 -1.0
6 7 -1.0
7 2887 -1.0
7 127 -1.0
7 8 -1.0
8 2888 -1.0
8 128 -1.0
8 9 -1.0
9 2889 -1.0
9 129 -1.0
9 10 -1.0
10 2890 -1.0
10 130 -1.0
10 11 -1.0
11 2891 -1.0
11 131 -1.0
11 12 -1.0
12 2892 -1.0
12 132 -1.0
12 13 -1.0
13 2893 -1.0
13 133 -1.0
13 14 -1.0
14 2894 -1.0
14 134 -1.0
14 15 -1.0
15 2895 -1.0
15 135 -1.0
15 16 -1.0
16 2896 -1.0
16 136 -1.0
16 17 -1.0
17 2897 -1.0
17 137 -1.0
17 18 -1.0
18 2898 -1.0
18 138 -1.0
18 19 -1.0
19 2899 -1.0
19 139 -1.0
19 20 -1.0
20 2900 -1.0
20 140 -1.0
20 21 -1.0
21 2901 -1.0
21 141 -1.0
21 22 -1.0
22 2902 -1.0
22 142 -1.0
22 23 -1.0
23 2903 -1.0
23 143 -1.0
23 24 -1.0
24 2904 -1.0
24 144 -1.0
24 25 -1.0
25 2905 -1.0
25 145 -1.0
25 26 -1.0
26 2906 -1.0
26 146 -1.0
26 27 -1.0
27 2907 -1.0
27 147 -1.0
27 28 -1.0
28 2908 -1.0
28 148 -1.0
28 29 -1.0
29 2909 -1.0
29 149 -1.0
29 30 -1.0
30 2910 -1.0
30 150 -1.0
30 31 -1.0
31 2911 -1.0
31 151 -1.0
31 32 -1.0
32 2912 -1.0
32 152 -1.0
32 33 -1.0
33 2913 -1.0
33 153 -1.0
33 34 -1.0
34 2914 -1.0
34 154 -1.0
34 35 -1.0
35 2915 -1.0
35 155 -1.0
35 36 -1.0
36 2916 -1.0
36 156 -1.0
36 37 -1.0
37 2917 -1.0
37 157 -1.0
37 38 -1.0
38 2918 -1.0
38 158 -1.0
38 39 -1.0
39 2919 -1.0
39 159 -1.0
39 40 -1.0
40 2920 -1.0
40 160 -1.0
40 41 -1.0
41 2921 -1.0
41 161 -1.0
41 42 -1.0
42 2922 -1.0
42 162 -1.0
42 43 -1.0
43 2923 -1.0
43 163 -1.0
43 44 -1.0
44 2924 -1.0
44 164 -1.0
44 45 -1.0
45 2925 -1.0
45 165 -1.0
45 46 -1.0
46 2926 -1.0
46 166 -1.0
46 47 -1.0
47 2927 -1.0
47 167 -1.0
47 48 -1.0
48 2928 -1.0
48 168 -1.0
48 49 -1.0
49 2929 -1.0
49 169 -1.0
49 50 -1.0
50 2930 -1.0
50 170 -1.0
50 51 -1.0
51 2931 -1.0
51 171 -1.0
51 52 -1.0
52 2932 -1.0
52 172 -1.0
52 53 -1.0
53 2933 -1.0
53 173 -1.0
53 54 -1.0
54 2934 -1.0
54 174 -1.0
54 55 -1.0
55 2935 -1.0
55 175 -1.0
55 56 -1.0
56 2936 -1.0
56 176 -1.0
56 57 -1.0
57 2937 -1.0
57 177 -1.0
57 58 -1.0
58 2938 -1.0
58 178 -1.0
58 59 -1.0
59 2939 -1.0
59 179 -1.0
59 60 -1.0
60 2940 -1.0
60 180 -1.0
60 61 -1.0
61 2941 -1.0
61 181 -1.0
61 62 -1.0
62 2942 -1.0
62 182 -1.0
62 63 -1.0
63 2943 -1.0
63 183 -1.0
63 64 -1.0
64 2944 -1.0
64 184 -1.0
64 65 -1.0
65 2945 -1.0
65 185 -1.0
65 66 -1.0
66 2946 -1.0
66 186 -1.0
66 67 -1.0
67 2947 -1.0
67 187 -1.0
67 68 -1.0
68 2948 -1.0
68 188 -1.0
68 69 -1.0
69 2949 -1.0
69 189 -1.0
69 70 -1.0
70 2950 -1.0
70 190 -1.0
70 71 -1.0
71 2951 -1.0
71 191 -1.0
71 72 -1.0
72 2952 -1.0
72 192 -1.0
72 73 -1.0
73 2953 -1.0
73 193 -1.0
73 74 -1.0
74 2954 -1.0
74 194 -1.0
74 75 -1.0
75 2955 -1.0
75 195 -1.0
75 76 -1.0
76 2956 -1.0
76 196 -1.0
76 77 -1.0
77 2957 -1.0
77 197 -1.0
77 78 -1.0
78 2958 -1.0
78 198 -1.0
78 79 -1.0
79 2959 -1.0
79 199 -1.0
79 80 -1.0
80 2960 -1.0
80 200 -1.0
80 81 -1.0
81 2961 -1.0
81 201 -1.0
81 82 -1.0
82 2962 -1.0
82 202 -1.0
82 83 -1.0
83 2963 -1.0
83 203 -1.0
83 84 -1.0
84 2964 -1.0
84 204 -1.0
84 85 -1.0
85 2965 -1.0
85 205 -1.0
85 86 -1.0
86 2966 -1.0
86 206 -1.0
86 87 -1.0
87 2967 -1.0
87 207 -1.0
87 88 -1.0
88 2968 -1.0
88 208 -1.0
88 89 -1.0
89 2969 -1.0
89 209 -1.0
89 90 -1.0
90 2970 -1.0
90 210 -1.0
90 91 -1.0
91 2971 -1.0
91 211 -1.0
91 92 -1.0
92 2972 -1.0
92 212 -1.0
92 93 -1.0
93 2973 -1.0
93 213 -1.0
93 94 -1.0
94 2974 -1.0
94 214 -1.0
94 95 -1.0
95 2975 -1.0
95 215 -1.0
95 96 -1.0
96 2976 -1.0
96 216 -1.0
96 97 -1.0
97 2977 -1.0
97 217 -1.0
97 98 -1.0
98 2978 -1.0
98 218 -1.0
98 99 -1.0
99 2979 -1.0
99 219 -1.0
99 100 -1.0
100 2980 -1.0
100 220 -1.0
100 101 -1.0
101 2981 -1.0
101 221 -1.0
101 102 -1.0
102 2982 -1.0
102 222 -1.0
102 103 -1.0
103 2983 -1.0
103 223 -1.0
103 104 -1.0
104 2984 -1.0
104 224 -1.0
104 105 -1.0
105 2985 -1.0
105 225 -1.0
105 106 -1.0
106 2986 -1.0
106 226 -1.0
106 107 -1.0
107 2987 -1.0
107 227 -1.0
107 108 -1.0
108 2988 -1.0
108 228 -1.0
108 109 -1.0
109 2989 -1.0
109 229 -1.0
109 110 -1.0
110 2990 -1.0
110 230 -1.0
110 111 -1.0
111 2991 -1.0
111 231 -1.0
111 112 -1.0
112 2992 -1.0
112 232 -1.0
112 113 -1.0
113 2993 -1.0
113 233 -1.0
113 114 -1.0
114 2994 -1.0
114 234 -1.0
114 115 -1.0
115 2995 -1.0
115 235 -1.0
115 116 -1.0
116 2996 -1.0
116 236 -1.0
116 117 -1.0
117 2997 -1.0
117 237 -1.0
117 118 -1.0
118 2998 -1.0
118 238 -1.0
118 119 -1.0
119 2999 -1.0
119 239 -1.0
119 120 -1.0
120 3000 -1.0
120 240 -1.0
121 241 -1.0
121 240 -1.0
121 122 -1.0
122 242 -1.0
122 123 -1.0
123 243 -1.0
123 124 -1.0
124 244 -1.0
124 125 -1.0
125 245 -1.0
125 126 -1.0
126 246 -1.0
126 127 -1.0
127 247 -1.0
127 128 -1.0
128 248 -1.0
128 129 -1.0
129 249 -1.0
129 130 -1.0
130 250 -1.0
130 131 -1.0
131 251 -1.0
131 132 -1.0
132 252 -1.0
132 133 -1.0
133 253 -1.0
133 134 -1.0
134 254 -1.0
134 135 -1.0
135 255 -1.0
135 136 -1.0
136 256 -1.0
136 137 -1.0
137 257 -1.0
137 138 -1.0
138 258 -1.0
138 139 -1.0
139 259 -1.0
139 140 -1.0
140 260 -1.0
140 141 -1.0
141 261 -1.0
141 142 -1.0
142 262 -1.0
142 143 -1.0
143 263 -1.0
143 144 -1.0
144 264 -1.0
144 145 -1.0
145 265 -1.0
145 146 -1.0
146 266 -1.0
146 147 -1.0
147 267 -1.0
147 148 -1.0
148 268 -1.0
148 149 -1.0
149 269 -1.0
149 150 -1.0
150 270 -1.0
150 151 -1.0
151 271 -1.0
151 152 -1.0
152 272 -1.0
152 153 -1.0
153 273 -1.0
153 154 -1.0
154 274 -1.0
154 155 -1.0
155 275 -1.0
155 156 -1.0
156 276 -1.0
156 157 -1.0
157 277 -1.0
157 158 -1.0
158 278 -1.0
158 159 -1.0
159 279 -1.0
159 160 -1.0
160 280 -1.0
160 161 -1.0
161 281 -1.0
161 162 -1.0
162 282 -1.0
162 163 -1.0
163 283 -1.0
163 164 -1.0
164 284 -1.0
164 165 -1.0
165 285 -1.0
165 166 -1.0
166 286 -1.0
166 167 -1.0
167 287 -1.0
167 168 -1.0
168 288 -1.0
168 169 -1.0
169 289 -1.0
169 170 -1.0
170 290 -1.0
170 171 -1.0
171 291 -1.0
171 172 -1.0
172 292 -1.0
172 173 -1.0
173 293 -1.0
173 174 -1.0
174 294 -1.0
174 175 -1.0
175 295 -1.0
175 176 -1.0
176 296 -1.0
176 177 -1.0
177 297 -1.0
177 178 -1.0
178 298 -1.0
178 179 -1.0
179 299 -1.0
179 180 -1.0
180 300 -1.0
180 181 -1.0
181 301 -1.0
181 182 -1.0
182 302 -1.0
182 183 -1.0
183 303 -1.0
183 184 -1.0
184 304 -1.0
184 185 -1.0
185 305 -1.0
185 186 -1.0
186 306 -1.0
186 187 -1.0
187 307 -1.0
187 188 -1.0
188 308 -1.0
188 189 -1.0
189 309 -1.0
189 190 -1.0
190 310 -1.0
190 191 -1.0
191 311 -1.0
191 192 -1.0
192 312 -1.0
192 193 -1.0
193 313 -1.0
193 194 -1.0
194 314 -1.0
194 195 -1.0
195 315 -1.0
195 196 -1.0
196 316 -1.0
196 197 -1.0
197 317 -1.0
197 198 -1.0
198 318 -1.0
198 199 -1.0
199 319 -1.0
199 200 -1.0
200 320 -1.0
200 201 -1.0
201 321 -1.0
201 202 -1.0
202 322 -1.0
202 203 -1.0
203 323 -1.0
203 204 -1.0
204 324 -1.0
204 205 -1.0
205 325 -1.0
205 206 -1.0
206 326 -1.0
206 207 -1.0
207 327 -1.0
207 208 -1.0
208 328 -1.0
208 209 -1.0
209 329 -1.0
209 210 -1.0
210 330 -1.0
210 211 -1.0
211 331 -1.0
211 212 -1.0
212 332 -1.0
212 213 -1.0
213 333 -1.0
213 214 -1.0
214 334 -1.0
214 215 -1.0
215 335 -1.0
215 216 -1.0
216 336 -1.0
216 217 -1.0
217 337 -1.0
217 218 -1.0
218 338 -1.0
218 219 -1.0
219 339 -1.0
219 220 -1.0
220 340 -1.0
220 221 -1.0
221 341 -1.0
221 222 -1.0
222 342 -1.0
222 223 -1.0
223 343 -1.0
223 224 -1.0
224 344 -1.0
224 225 -1.0
225 345 -1.0
225 226 -1.0
226 346 -1.0
226 227 -1.0
227 347 -1.0
227 228 -1.0
228 348 -1.0
228 229 -1.0
229 349 -1.0
229 230 -1.0
230 350 -1.0
230 231 -1.0
231 351 -1.0
231 232 -1.0
232 352 -1.0
232 233 -1.0
233 353 -1.0
233 234 -1.0
234 354 -1.0
234 235 -1.0
235 355 -1.0
235 236 -1.0
236 356 -1.0
236 237 -1.0
237 357 -1.0
237 238 -1.0
238 358 -1.0
238 239 -1.0
239 359 -1.0
239 240 -1.0
240 360 -1.0
241 361 -1.0
241 360 -1.0
241 242 -1.0
242 362 -1.0
242 243 -1.0
243 363 -1.0
243 244 -1.0
244 364 -1.0
244 245 -1.0
245 365 -1.0
245 246 -1.0
246 366 -1.0
246 247 -1.0
247 367 -1.0
247 248 -1.0
248 368 -1.0
248 249 -1.0
249 369 -1.0
249 250 -1.0
250 370 -1.0
250 251 -1.0
251 371 -1.0
251 252 -1.0
252 372 -1.0
252 253 -1.0
253 373 -1.0
253 254 -1.0
254 374 -1.0
254 255 -1.0
255 375 -1.0
255 256 -1.0
256 376 -1.0
256 257 -1.0
257 377 -1.0
257 258 -1.0
258 378 -1.0
258 259 -1.0
259 379 -1.0
259 260 -1.0
260 380 -1.0
260 261 -1.0
261 381 -1.0
261 262 -1.0
262 382 -1.0
262 263 -1.0
263 383 -1.0
263 264 -1.0
264 384 -1.0
264 265 -1.0
265 385 -1.0
265 266 -1.0
266 386 -1.0
266 267 -1.0
267 387 -1.0
267 268 -1.0
268 388 -1.0
268 269 -1.0
269 389 -1.0
269 270 -1.0
270 390 -1.0
270 271 -1.0
271 391 -1.0
271 272 -1.0
272 392 -1.0
272 273 -1.0
273 393 -1.0
273 274 -1.0
274 394 -1.0
274 275 -1.0
275 395 -1.0
275 276 -1.0
276 396 -1.0
276 277 -1.0
277 397 -1.0
277 278 -1.0
278 398 -1.0
278 279 -1.0
279 399 -1.0
279 280 -1.0
280 400 -1.0
280 281 -1.0
281 401 -1.0
281 282 -1.0
282 402 -1.0
282 283 -1.0
283 403 -1.0
283 284 -1.0
284 404 -1.0
284 285 -1.0
285 405 -1.0
285 286 -1.0
286 406 -1.0
286 287 -1.0
287 407 -1.0
287 288 -1.0
288 408 -1.0
288 289 -1.0
289 409 -1.0
289 290 -1.0
290 410 -1.0
290 291 -1.0
291 411 -1.0
291 292 -1.0
292 412 -1.0
292 293 -1.0
293 413 -1.0
293 294 -1.0
294 414 -1.0
294 295 -1.0
295 415 -1.0
295 296 -1.0
296 416 -1.0
296 297 -1.0
297 417 -1.0
297 298 -1.0
298 418 -1.0
298 299 -1.0
299 419 -1.0
299 300 -1.0
300 420 -1.0
300 301 -1.0
301 421 -1.0
301 302 -1.0
302 422 -1.0
302 303 -1.0
303 423 -1.0
303 304 -1.0
304 424 -1.0
304 305 -1.0
305 425 -1.0
305 306 -1.0
306 426 -1.0
306 307 -1.0
307 427 -1.0
307 308 -1.0
308 428 -1.0
308 309 -1.0
309 429 -1.0
309 310 -1.0
310 430 -1.0
310 311 -1.0
311 431 -1.0
311 312 -1.0
312 432 -1.0
312 313 -1.0
313 433 -1.0
313 314 -1.0
314 434 -1.0
314 315 -1.0
315 435 -1.0
315 316 -1.0
316 436 -1.0
316 317 -1.0
317 437 -1.0
317 318 -1.0
318 438 -1.0
318 319 -1.0
319 439 -1.0
319 320 -1.0
320 440 -1.0
320 321 -1.0
321 441 -1.0
321 322 -1.0
322 442 -1.0
322 323 -1.0
323 443 -1.0
323 324 -1.0
324 444 -1.0
324 325 -1.0
325 445 -1.0
325 326 -1.0
326 446 -1.0
326 327 -1.0
327 447 -1.0
327 328 -1.0
328 448 -1.0
328 329 -1.0
329 449 -1.0
329 330 -1.0
330 450 -1.0
330 331 -1.0
331 451 -1.0
331 332 -1.0
332 452 -1.0
332 333 -1.0
333 453 -1.0
333 334 -1.0
334 454 -1.0
334 335 -1.0
335 455 -1.0
335 336 -1.0
336 456 -1.0
336 337 -1.0
337 457 -1.0
337 338 -1.0
338 458 -1.0
338 339 -1.0
339 459 -1.0
339 340 -1.0
340 460 -1.0
340 341 -1.0
341 461 -1.0
341 342 -1.0
342 462 -1.0
342 343 -1.0
343 463 -1.0
343 344 -1.0
344 464 -1.0
344 345 -1.0
345 465 -1.0
345 346 -1.0
346 466 -1.0
346 347 -1.0
347 467 -1.0
347 348 -1.0
348 468 -1.0
348 349 -1.0
349 469 -1.0
349 350 -1.0
350 470 -1.0
350 351 -1.0
351 471 -1.0
351 352 -1.0
352 472 -1.0
352 353 -1.0
353 473 -1.0
353 354 -1.0
354 474 -1.0
354 355 -1.0
355 475 -1.0
355 356 -1.0
356 476 -1.0
356 357 -1.0
357 477 -1.0
357 358 -1.0
358 478 -1.0
358 359 -1.0
359 479 -1.0
359 360 -1.0
360 480 -1.0
361 481 -1.0
361 480 -1.0
361 362 -1.0
362 482 -1.0
362 363 -1.0
363 483 -1.0
363 364 -1.0
364 484 -1.0
364 365 -1.0
365 485 -1.0
365 366 -1.0
366 486 -1.0
366 367 -1.0
367 487 -1.0
367 368 -1.0
368 488 -1.0
368 369 -1.0
369 489 -1.0
369 370 -1.0
370 490 -1.0
370 371 -1.0
371 491 -1.0
371 372 -1.0
372 492 -1.0
372 373 -1.0
373 493 -1.0
373 374 -1.0
374 494 -1.0
374 375 -1.0
375 495 -1.0
375 376 -1.0
376 496 -1.0
376 377 -1.0
377 497 -1.0
377 378 -1.0
378 498 -1.0
378 379 -1.0
379 499 -1.0
379 380 -1.0
380 500 -1.0
380 381 -1.0
381 501 -1.0
381 382 -1.0
382 502 -1.0
382 383 -1.0
383 503 -1.0
383 384 -1.0
384 504 -1.0
384 385 -1.0
385 505 -1.0
385 386 -1.0
386 506 -1.0
386 387 -1.0
387 507 -1.0
387 388 -1.0
388 508 -1.0
388 389 -1.0
389 509 -1.0
389 390 -1.0
390 510 -1.0
390 391 -1.0
391 511 -1.0
391 392 -1.0
392 512 -1.0
392 393 -1.0
393 513 -1.0
393 394 -1.0
394 514 -1.0
394 395 -1.0
395 515 -1.0
395 396 -1.0
396 516 -1.0
396 397 -1.0
397 517 -1.0
397 398 -1.0
398 518 -1.0
398 399 -1.0
399 519 -1.0
399 400 -1.0
400 520 -1.0
400 401 -1.0
401 521 -1.0
401 402 -1.0
402 522 -1.0
402 403 -1.0
403 523 -1.0
403 404 -1.0
404 524 -1.0
404 405 -1.0
405 525 -1.0
405 406 -1.0
406 526 -1.0
406 407 -1.0
407 527 -1.0
407 408 -1.0
408 528 -1.0
408 409 -1.0
409 529 -1.0
409 410 -1.0
410 530 -1.0
410 411 -1.0
411 531 -1.0
411 412 -1.0
412 532 -1.0
412 413 -1.0
413 533 -1.0
413 414 -1.0
414 534 -1.0
414 415 -1.0
415 535 -1.0
415 416 -1.0
416 536 -1.0
416 417 -1.0
417 537 -1.0
417 418 -1.0
418 538 -1.0
418 419 -1.0
419 539 -1.0
419 420 -1.0
420 540 -1.0
420 421 -1.0
421 541 -1.0
421 422 -1.0
422 542 -1.0
422 423 -1.0
423 543 -1.0
423 424 -1.0
424 544 -1.0
424 425 -1.0
425 545 -1.0
425 426 -1.0
426 546 -1.0
426 427 -1.0
427 547 -1.0
427 428 -1.0
428 548 -1.0
428 429 -1.0
429 549 -1.0
429 430 -1.0
430 550 -1.0
430 431 -1.0
431 551 -1.0
431 432 -1.0
432 552 -1.0
432 433 -1.0
433 553 -1.0
433 434 -1.0
434 554 -1.0
434 435 -1.0
435 555 -1.0
435 436 -1.0
436 556 -1.0
436 437 -1.0
437 557 -1.0
437 438 -1.0
438 558 -1.0
438 439 -1.0
439 559 -1.0
439 440 -1.0
440 560 -1.0
440 441 -1.0
441 561 -1.0
441 442 -1.0
442 562 -1.0
442 443 -1.0
443 563 -1.0
443 444 -1.0
444 564 -1.0
444 445 -1.0
445 565 -1.0
445 446 -1.0
446 566 -1.0
446 447 -1.0
447 567 -1.0
447 448 -1.0
448 568 -1.0
448 449 -1.0
449 569 -1.0
449 450 -1.0
450 570 -1.0
450 451 -1.0
451 571 -1.0
451 452 -1.0
452 572 -1.0
452 453 -1.0
453 573 -1.0
453 454 -1.0
454 574 -1.0
454 455 -1.0
455 575 -1.0
455 456 -1.0
456 576 -1.0
456 457 -1.0
457 577 -1.0
457 458 -1.0
458 578 -1.0
458 459 -1.0
459 579 -1.0
459 460 -1.0
460 580 -1.0
460 461 -1.0
461 581 -1.0
461 462 -1.0
462 582 -1.0
462 463 -1.0
463 583 -1.0
463 464 -1.0
464 584 -1.0
464 465 -1.0
465 585 -1.0
465 466 -1.0
466 586 -1.0
466 467 -1.0
467 587 -1.0
467 468 -1.0
468 588 -1.0
468 469 -1.0
469 589 -1.0
469 470 -1.0
470 590 -1.0
470 471 -1.0
471 591 -1.0
471 472 -1.0
472 592 -1.0
472 473 -1.0
473 593 -1.0
473 474 -1.0
474 594 -1.0
474 475 -1.0
475 595 -1.0
475 476 -1.0
476 596 -1.0
476 477 -1.0
477 597 -1.0
477 478 -1.0
478 598 -1.0
478 479 -1.0
479 599 -1.0
479 480 -1.0
480 600 -1.0
481 601 -1.0
481 600 -1.0
481 482 -1.0
482 602 -1.0
482 483 -1.0
483 603 -1.0
483 484 -1.0
484 604 -1.0
484 485 -1.0
485 605 -1.0
485 486 -1.0
486 606 -1.0
486 487 -1.0
487 607 -1.0
487 488 -1.0
488 608 -1.0
488 489 -1.0
489 609 -1.0
489 490 -1.0
490 610 -1.0
490 491 -1.0
491 611 -1.0
491 492 -1.0
492 612 -1.0
492 493 -1.0
493 613 -1.0
493 494 -1.0
494 614 -1.0
494 495 -1.0
495 615 -1.0
495 496 -1.0
496 616 -1.0
496 497 -1.0
497 617 -1.0
497 498 -1.0
498 618 -1.0
498 499 -1.0
499 619 -1.0
499 500 -1.0
500 620 -1.0
500 501 -1.0
501 621 -1.0
501 502 -1.0
502 622 -1.0
502 503 -1.0
503 623 -1.0
503 504 -1.0
504 624 -1.0
504 505 -1.0
505 625 -1.0
505 506 -1.0
506 626 -1.0
506 507 -1.0
507 627 -1.0
507 508 -1.0
508 628 -1.0
508 509 -1.0
509 629 -1.0
509 510 -1.0
510 630 -1.0
510 511 -1.0
511 631 -1.0
511 512 -1.0
512 632 -1.0
512 513 -1.0
513 633 -1.0
513 514 -1.0
514 634 -1.0
514 515 -1.0
515 635 -1.0
515 516 -1.0
516 636 -1.0
516 517 -1.0
517 637 -1.0
517 518 -1.0
518 638 -1.0
518 519 -1.0
519 639 -1.0
519 520 -1.0
520 640 -1.0
520 521 -1.0
521 641 -1.0
521 522 -1.0
522 642 -1.0
522 523 -1.0
523 643 -1.0
523 524 -1.0
524 644 -1.0
524 525 -1.0
525 645 -1.0
525 526 -1.0
526 646 -1.0
526 527 -1.0
527 647 -1.0
527 528 -1.0
528 648 -1.0
528 529 -1.0
529 649 -1.0
529 530 -1.0
530 650 -1.0
530 531 -1.0
531 651 -1.0
531 532 -1.0
532 652 -1.0
532 533 -1.0
533 653 -1.0
533 534 -1.0
534 654 -1.0
534 535 -1.0
535 655 -1.0
535 536 -1.0
536 656 -1.0
536 537 -1.0
537 657 -1.0
537 538 -1.0
538 658 -1.0
538 539 -1.0
539 659 -1.0
539 540 -1.0
540 660 -1.0
540 541 -1.0
541 661 -1.0
541 542 -1.0
542 662 -1.0
542 543 -1.0
543 663 -1.0
543 544 -1.0
544 664 -1.0
544 545 -1.0
545 665 -1.0
545 546 -1.0
546 666 -1.0
546 547 -1.0
547 667 -1.0
547 548 -1.0
548 668 -1.0
548 549 -1.0
549 669 -1.0
549 550 -1.0
550 670 -1.0
550 551 -1.0
551 671 -1.0
551 552 -1.0
552 672 -1.0
552 553 -1.0
553 673 -1.0
553 554 -1.0
554 674 -1.0
554 555 -1.0
555 675 -1.0
555 556 -1.0
556 676 -1.0
556 557 -1.0
557 677 -1.0
557 558 -1.0
558 678 -1.0
558 559 -1.0
559 679 -1.0
559 560 -1.0
560 680 -1.0
560 561 -1.0
561 681 -1.0
561 562 -1.0
562 682 -1.0
562 563 -1.0
563 683 -1.0
563 564 -1.0
564 684 -1.0
564 565 -1.0
565 685 -1.0
565 566 -1.0
566 686 -1.0
566 567 -1.0
567 687 -1.0
567 568 -1.0
568 688 -1.0
568 569 -1.0
569 689 -1.0
569 570 -1.0
570 690 -1.0
570 571 -1.0
571 691 -1.0
571 572 -1.0
572 692 -1.0
572 573 -1.0
573 693 -1.0
573 574 -1.0
574 694 -1.0
574 575 -1.0
575 695 -1.0
575 576 -1.0
576 696 -1.0
576 577 -1.0
577 697 -1.0
577 578 -1.0
578 698 -1.0
578 579 -1.0
579 699 -1.0
579 580 -1.0
580 700 -1.0
580 581 -1.0
581 701 -1.0
581 582 -1.0
582 702 -1.0
582 583 -1.0
583 703 -1.0
583 584 -1.0
584 704 -1.0
584 585 -1.0
585 705 -1.0
585 586 -1.0
586 706 -1.0
586 587 -1.0
587 707 -1.0
587 588 -1.0
588 708 -1.0
588 589 -1.0
589 709 -1.0
589 590 -1.0
590 710 -1.0
590 591 -1.0
591 711 -1.0
591 592 -1.0
592 712 -1.0
592 593 -1.0
593 713 -1.0
593 594 -1.0
594 714 -1.0
594 595 -1.0
595 715 -1.0
595 596 -1.0
596 716 -1.0
596 597 -1.0
597 717 -1.0
597 598 -1.0
598 718 -1.0
598 599 -1.0
599 719 -1.0
599 600 -1.0
600 720 -1.0
601 721 -1.0
601 720 -1.0
601 602 -1.0
602 722 -1.0
602 603 -1.0
603 723 -1.0
603 604 -1.0
604 724 -1.0
604 605 -1.0
605 725 -1.0
605 606 -1.0
606 726 -1.0
606 607 -1.0
607 727 -1.0
607 608 -1.0
608 728 -1.0
608 609 -1.0
609 729 -1.0
609 610 -1.0
610 730 -1.0
610 611 -1.0
611 731 -1.0
611 612 -1.0
612 732 -1.0
612 613 -1.0
613 733 -1.0
613 614 -1.0
614 734 -1.0
614 615 -1.0
615 735 -1.0
615 616 -1.0
616 736 -1.0
616 617 -1.0
617 737 -1.0
617 618 -1.0
618 738 -1.0
618 619 -1.0
619 739 -1.0
619 620 -1.0
620 740 -1.0
620 621 -1.0
621 741 -1.0
621 622 -1.0
622 742 -1.0
622 623 -1.0
623 743 -1.0
623 624 -1.0
624 744 -1.0
624 625 -1.0
625 745 -1.0
625 626 -1.0
626 746 -1.0
626 627 -1.0
627 747 -1.0
627 628 -1.0
628 748 -1.0
628 629 -1.0
629 749 -1.0
629 630 -1.0
630 750 -1.0
630 631 -1.0
631 751 -1.0
631 632 -1.0
632 752 -1.0
632 633 -1.0
633 753 -1.0
633 634 -1.0
634 754 -1.0
634 635 -1.0
635 755 -1.0
635 636 -1.0
636 756 -1.0
636 637 -1.0
637 757 -1.0
637 638 -1.0
638 758 -1.0
638 639 -1.0
639 759 -1.0
639 640 -1.0
640 760 -1.0
640 641 -1.0
641 761 -1.0
641 642 -1.0
642 762 -1.0
642 643 -1.0
643 763 -1.0
643 644 -1.0
644 764 -1.0
644 645 -1.0
645 765 -1.0
645 646 -1.0
646 766 -1.0
646 647 -1.0
647 767 -1.0
647 648 -1.0
648 768 -1.0
648 649 -1.0
649 769 -1.0
649 650 -1.0
650 770 -1.0
650 651 -1.0
651 771 -1.0
651 652 -1.0
652 772 -1.0
652 653 -1.0
653 773 -1.0
653 654 -1.0
654 774 -1.0
654 655 -1.0
655 775 -1.0
655 656 -1.0
656 776 -1.0
656 657 -1.0
657 777 -1.0
657 658 -1.0
658 778 -1.0
658 659 -1.0
659 779 -1.0
659 660 -1.0
660 780 -1.0
660 661 -1.0
661 781 -1.0
661 662 -1.0
662 782 -1.0
662 663 -1.0
663 783 -1.0
663 664 -1.0
664 784 -1.0
664 665 -1.0
665 785 -1.0
665 666 -1.0
666 786 -1.0
666 667 -1.0
667 787 -1.0
667 668 -1.0
668 788 -1.0
668 669 -1.0
669 789 -1.0
669 670 -1.0
670 790 -1.0
670 671 -1.0
671 791 -1.0
671 672 -1.0
672 792 -1.0
672 673 -1.0
673 793 -1.0
673 674 -1.0
674 794 -1.0
674 675 -1.0
675 795 -1.0
675 676 -1.0
676 796 -1.0
676 677 -1.0
677 797 -1.0
677 678 -1.0
678 798 -1.0
678 679 -1.0
679 799 -1.0
679 680 -1.0
680 800 -1.0
680 681 -1.0
681 801 -1.0
681 682 -1.0
682 802 -1.0
682 683 -1.0
683 803 -1.0
683 684 -1.0
684 804 -1.0
684 685 -1.0
685 805 -1.0
685 686 -1.0
686 806 -1.0
686 687 -1.0
687 807 -1.0
687 688 -1.0
688 808 -1.0
688 689 -1.0
689 809 -1.0
689 690 -1.0
690 810 -1.0
690 691 -1.0
691 811 -1.0
691 692 -1.0
692 812 -1.0
692 693 -1.0
693 813 -1.0
693 694 -1.0
694 814 -1.0
694 695 -1.0
695 815 -1.0
695 696 -1.0
696 816 -1.0
696 697 -1.0
697 817 -1.0
697 698 -1.0
698 818 -1.0
698 699 -1.0
699 819 -1.0
699 700 -1.0
700 820 -1.0
700 701 -1.0
701 821 -1.0
701 702 -1.0
702 822 -1.0
702 703 -1.0
703 823 -1.0
703 704 -1.0
704 824 -1.0
704 705 -1.0
705 825 -1.0
705 706 -1.0
706 826 -1.0
706 707 -1.0
707 827 -1.0
707 708 -1.0
708 828 -1.0
708 709 -1.0
709 829 -1.0
709 710 -1.0
710 830 -1.0
710 711 -1.0
711 831 -1.0
711 712 -1.0
712 832 -1.0
712 713 -1.0
713 833 -1.0
713 714 -1.0
714 834 -1.0
714 715 -1.0
715 835 -1.0
715 716 -1.0
716 836 -1.0
716 717 -1.0
717 837 -1.0
717 718 -1.0
718 838 -1.0
718 719 -1.0
719 839 -1.0
719 720 -1.0
720 840 -1.0
721 841 -1.0
721 840 -1.0
721 722 -1.0
722 842 -1.0
722 723 -1.0
723 843 -1.0
723 724 -1.0
724 844 -1.0
724 725 -1.0
725 845 -1.0
725 726 -1.0
726 846 -1.0
726 727 -1.0
727 847 -1.0
727 728 -1.0
728 848 -1.0
728 729 -1.0
729 849 -1.0
729 730 -1.0
730 850 -1.0
730 731 -1.0
731 851 -1.0
731 732 -1.0
732 852 -1.0
732 733 -1.0
733 853 -1.0
733 734 -1.0
734 854 -1.0
734 735 -1.0
735 855 -1.0
735 736 -1.0
736 856 -1.0
736 737 -1.0
737 857 -1.0
737 738 -1.0
738 858 -1.0
738 739 -1.0
739 859 -1.0
739 740 -1.0
740 860 -1.0
740 741 -1.0
741 861 -1.0
741 742 -1.0
742 862 -1.0
742 743 -1.0
743 863 -1.0
743 744 -1.0
744 864 -1.0
744 745 -1.0
745 865 -1.0
745 746 -1.0
746 866 -1.0
746 747 -1.0
747 867 -1.0
747 748 -1.0
748 868 -1.0
748 749 -1.0
749 869 -1.0
749 750 -1.0
750 870 -1.0
750 751 -1.0
751 871 -1.0
751 752 -1.0
752 872 -1.0
752 753 -1.0
753 873 -1.0
753 754 -1.0
754 874 -1.0
754 755 -1.0
755 875 -1.0
755 756 -1.0
756 876 -1.0
756 757 -1.0
757 877 -1.0
757 758 -1.0
758 878 -1.0
758 759 -1.0
759 879 -1.0
759 760 -1.0
760 880 -1.0
760 761 -1.0
761 881 -1.0
761 762 -1.0
762 882 -1.0
762 763 -1.0
763 883 -1.0
763 764 -1.0
764 884 -1.0
764 765 -1.0
765 885 -1.0
765 766 -1.0
766 886 -1.0
766 767 -1.0
767 887 -1.0
767 768 -1.0
768 888 -1.0
768 769 -1.0
769 889 -1.0
769 770 -1.0
770 890 -1.0
770 771 -1.0
771 891 -1.0
771 772 -1.0
772 892 -1.0
772 773 -1.0
773 893 -1.0
773 774 -1.0
774 894 -1.0
774 775 -1.0
775 895 -1.0
775 776 -1.0
776 896 -1.0
776 777 -1.0
777 897 -1.0
777 778 -1.0
778 898 -1.0
778 779 -1.0
779 899 -1.0
779 780 -1.0
780 900 -1.0
780 781 -1.0
781 901 -1.0
781 782 -1.0
782 902 -1.0
782 783 -1.0
783 903 -1.0
783 784 -1.0
784 904 -1.0
784 785 -1.0
785 905 -1.0
785 786 -1.0
786 906 -1.0
786 787 -1.0
787 907 -1.0
787 788 -1.0
788 908 -1.0
788 789 -1.0
789 909 -1.0
789 790 -1.0
790 910 -1.0
790 791 -1.0
791 911 -1.0
791 792 -1.0
792 912 -1.0
792 793 -1.0
793 913 -1.0
793 794 -1.0
794 914 -1.0
794 795 -1.0
795 915 -1.0
795 796 -1.0
796 916 -1.0
796 797 -1.0
797 917 -1.0
797 798 -1.0
798 918 -1.0
798 799 -1.0
799 919 -1.0
799 800 -1.0
800 920 -1.0
800 801 -1.0
801 921 -1.0
801 802 -1.0
802 922 -1.0
802 803 -1.0
803 923 -1.0
803 804 -1.0
804 924 -1.0
804 805 -1.0
805 925 -1.0
805 806 -1.0
806 926 -1.0
806 807 -1.0
807 927 -1.0
807 808 -1.0
808 928 -1.0
808 809 -1.0
809 929 -1.0
809 810 -1.0
810 930 -1.0
810 811 -1.0
811 931 -1.0
811 812 -1.0
812 932 -1.0
812 813 -1.0
813 933 -1.0
813 814 -1.0
814 934 -1.0
814 815 -1.0
815 935 -1.0
815 816 -1.0
816 936 -1.0
816 817 -1.0
817 937 -1.0
817 818 -1.0
818 938 -1.0
818 819 -1.0
819 939 -1.0
819 820 -1.0
820 940 -1.0
820 821 -1.0
821 941 -1.0
821 822 -1.0
822 942 -1.0
822 823 -1.0
823 943 -1.0
823 824 -1.0
824 944 -1.0
824 825 -1.0
825 945 -1.0
825 826 -1.0
826 946 -1.0
826 827 -1.0
827 947 -1.0
827 828 -1.0
828 948 -1.0
828 829 -1.0
829 949 -1.0
829 830 -1.0
830 950 -1.0
830 831 -1.0
831 951 -1.0
831 832 -1.0
832 952 -1.0
832 833 -1.0
833 953 -1.0
833 834 -1.0
834 954 -1.0
834 835 -1.0
835 955 -1.0
835 836 -1.0
836 956 -1.0
836 837 -1.0
837 957 -1.0
837 838 -1.0
838 958 -1.0
838 839 -1.0
839 959 -1.0
839 840 -1.0
840 960 -1.0
841 961 -1.0
841 960 -1.0
841 842 -1.0
842 962 -1.0
842 843 -1.0
843 963 -1.0
843 844 -1.0
844 964 -1.0
844 845 -1.0
845 965 -1.0
845 846 -1.0
846 966 -1.0
846 847 -1.0
847 967 -1.0
847 848 -1.0
848 968 -1.0
848 849 -1.0
849 969 -1.0
849 850 -1.0
850 970 -1.0
850 851 -1.0
851 971 -1.0
851 852 -1.0
852 972 -1.0
852 853 -1.0
853 973 -1.0
853 854 -1.0
854 974 -1.0
854 855 -1.0
855 975 -1.0
855 856 -1.0
856 976 -1.0
856 857 -1.0
857 977 -1.0
857 858 -1.0
858 978 -1.0
858 859 -1.0
859 979 -1.0
859 860 -1.0
860 980 -1.0
860 861 -1.0
861 981 -1.0
861 862 -1.0
862 982 -1.0
862 863 -1.0
863 983 -1.0
863 864 -1.0
864 984 -1.0
864 865 -1.0
865 985 -1.0
865 866 -1.0
866 986 -1.0
866 867 -1.0
867 987 -1.0
867 868 -1.0
868 988 -1.0
868 869 -1.0
869 989 -1.0
869 870 -1.0
870 990 -1.0
870 871 -1.0
871 991 -1.0
871 872 -1.0
872 992 -1.0
872 873 -1.0
873 993 -1.0
873 874 -1.0
874 994 -1.0
874 875 -1.0
875 995 -1.0
875 876 -1.0
876 996 -1.0
876 877 -1.0
877 997 -1.0
877 878 -1.0
878 998 -1.0
878 879 -1.0
879 999 -1.0
879 880 -1.0
880 1000 -1.0
880 881 -1.0
881 1001 -1.0
881 882 -1.0
882 1002 -1.0
882 883 -1.0
883 1003 -1.0
883 884 -1.0
884 1004 -1.0
884 885 -1.0
885 1005 -1.0
885 886 -1.0
886 1006 -1.0
886 887 -1.0
887 1007 -1.0
887 888 -1.0
888 1008 -1.0
888 889 -1.0
889 1009 -1.0
889 890 -1.0
890 1010 -1.0
890 891 -1.0
891 1011 -1.0
891 892 -1.0
892 1012 -1.0
892 893 -1.0
893 1013 -1.0
893 894 -1.0
894 1014 -1.0
894 895 -1.0
895 1015 -1.0
895 896 -1.0
896 1016 -1.0
896 897 -1.0
897 1017 -1.0
897 898 -1.0
898 1018 -1.0
898 899 -1.0
899 1019 -1.0
899 900 -1.0
900 1020 -1.0
900 901 -1.0
901 1021 -1.0
901 902 -1.0
902 1022 -1.0
902 903 -1.0
903 1023 -1.0
903 904 -1.0
904 1024 -1.0
904 905 -1.0
905 1025 -1.0
905 906 -1.0
906 1026 -1.0
906 907 -1.0
907 1027 -1.0
907 908 -1.0
908 1028 -1.0
908 909 -1.0
909 1029 -1.0
909 910 -1.0
910 1030 -1.0
910 911 -1.0
911 1031 -1.0
911 912 -1.0
912 1032 -1.0
912 913 -1.0
913 1033 -1.0
913 914 -1.0
914 1034 -1.0
914 915 -1.0
915 1035 -1.0
915 916 -1.0
916 1036 -1.0
916 917 -1.0
917 1037 -1.0
917 918 -1.0
918 1038 -1.0
918 919 -1.0
919 1039 -1.0
919 920 -1.0
920 1040 -1.0
920 921 -1.0
921 1041 -1.0
921 922 -1.0
922 1042 -1.0
922 923 -1.0
923 1043 -1.0
923 924 -1.0
924 1044 -1.0
924 925 -1.0
925 1045 -1.0
925 926 -1.0
926 1046 -1.0
926 927 -1.0
927 1047 -1.0
927 928 -1.0
928 1048 -1.0
928 929 -1.0
929 1049 -1.0
929 930 -1.0
930 1050 -1.0
930 931 -1.0
931 1051 -1.0
931 932 -1.0
932 1052 -1.0
932 933 -1.0
933 1053 -1.0
933 934 -1.0
934 1054 -1.0
934 935 -1.0
935 1055 -1.0
935 936 -1.0
936 1056 -1.0
936 937 -1.0
937 1057 -1.0
937 938 -1.0
938 1058 -1.0
938 939 -1.0
939 1059 -1.0
939 940 -1.0
940 1060 -1.0
940 941 -1.0
941 1061 -1.0
941 942 -1.0
942 1062 -1.0
942 943 -1.0
943 1063 -1.0
943 944 -1.0
944 1064 -1.0
944 945 -1.0
945 1065 -1.0
945 946 -1.0
946 1066 -1.0
946 947 -1.0
947 1067 -1.0
947 948 -1.0
948 1068 -1.0
948 949 -1.0
949 1069 -1.0
949 950 -1.0
950 1070 -1.0
950 951 -1.0
951 1071 -1.0
951 952 -1.0
952 1072 -1.0
952 953 -1.0
953 1073 -1.0
953 954 -1.0
954 1074 -1.0
954 955 -1.0
955 1075 -1.0
955 956 -1.0
956 1076 -1.0
956 957 -1.0
957 1077 -1.0
957 958 -1.0
958 1078 -1.0
958 959 -1.0
959 1079 -1.0
959 960 -1.0
960 1080 -1.0
961 1081 -1.0
961 1080 -1.0
961 962 -1.0
962 1082 -1.0
962 963 -1.0
963 1083 -1.0
963 964 -1.0
964 1084 -1.0
964 965 -1.0
965 1085 -1.0
965 966 -1.0
966 1086 -1.0
966 967 -1.0
967 1087 -1.0
967 968 -1.0
968 1088 -1.0
968 969 -1.0
969 1089 -1.0
969 970 -1.0
970 1090 -1.0
970 971 -1.0
971 1091 -1.0
971 972 -1.0
972 1092 -1.0
972 973 -1.0
973 1093 -1.0
973 974 -1.0
974 1094 -1.0
974 975 -1.0
975 1095 -1.0
975 976 -1.0
976 1096 -1.0
976 977 -1.0
977 1097 -1.0
977 978 -1.0
978 1098 -1.0
978 979 -1.0
979 1099 -1.0
979 980 -1.0
980 1100 -1.0
980 981 -1.0
981 1101 -1.0
981 982 -1.0
982 1102 -1.0
982 983 -1.0
983 1103 -1.0
983 984 -1.0
984 1104 -1.0
984 985 -1.0
985 1105 -1.0
985 986 -1.0
986 1106 -1.0
986 987 -1.0
987 1107 -1.0
987 988 -1.0
988 1108 -1.0
988 989 -1.0
989 1109 -1.0
989 990 -1.0
990 1110 -1.0
990 991 -1.0
991 1111 -1.0
991 992 -1.0
992 1112 -1.0
992 993 -1.0
993 1113 -1.0
993 994 -1.0
994 1114 -1.0
994 995 -1.0
995 1115 -1.0
995 996 -1.0
996 1116 -1.0
996 997 -1.0
997 1117 -1.0
997 998 -1.0
998 1118 -1.0
998 999 -1.0
999 1119 -1.0
999 1000 -1.0
1000 1120 -1.0
1000 1001 -1.0
1001 1121 -1.0
1001 1002 -1.0
1002 1122 -1.0
1002 1003 -1.0
1003 1123 -1.0
1003 1004 -1.0
1004 1124 -1.0
1004 1005 -1.0
1005 1125 -1.0
1005 1006 -1.0
1006 1126 -1.0
1006 1007 -1.0
1007 1127 -1.0
1007 1008 -1.0
1008 1128 -1.0
1008 1009 -1.0
1009 1129 -1.0
1009 1010 -1.0
1010 1130 -1.0
1010 1011 -1.0
1011 1131 -1.0
1011 1012 -1.0
1012 1132 -1.0
1012 1013 -1.0
1013 1133 -1.0
1013 1014 -1.0
1014 1134 -1.0
1014 1015 -1.0
1015 1135 -1.0
1015 1016 -1.0
1016 1136 -1.0
1016 1017 -1.0
1017 1137 -1.0
1017 1018 -1.0
1018 1138 -1.0
1018 1019 -1.0
1019 1139 -1.0
1019 1020 -1.0
1020 1140 -1.0
1020 1021 -1.0
1021 1141 -1.0
1021 1022 -1.0
1022 1142 -1.0
1022 1023 -1.0
1023 1143 -1.0
1023 1024 -1.0
1024 1144 -1.0
1024 1025 -1.0
1025 1145 -1.0
1025 1026 -1.0
1026 1146 -1.0
1026 1027 -1.0
1027 1147 -1.0
1027 1028 -1.0
1028 1148 -1.0
1028 1029 -1.0
1029 1149 -1.0
1029 1030 -1.0
1030 1150 -1.0
1030 1031 -1.0
1031 1151 -1.0
1031 1032 -1.0
1032 1152 -1.0
1032 1033 -1.0
1033 1153 -1.0
1033 1034 -1.0
1034 1154 -1.0
1034 1035 -1.0
1035 1155 -1.0
1035 1036 -1.0
1036 1156 -1.0
1036 1037 -1.0
1037 1157 -1.0
1037 1038 -1.0
1038 1158 -1.0
1038 1039 -1.0
1039 1159 -1.0
1039 1040 -1.0
1040 1160 -1.0
1040 1041 -1.0
1041 1161 -1.0
1041 1042 -1.0
1042 1162 -1.0
1042 1043 -1.0
1043 1163 -1.0
1043 1044 -1.0
1044 1164 -1.0
1044 1045 -1.0
1045 1165 -1.0
1045 1046 -1.0
1046 1166 -1.0
1046 1047 -1.0
1047 1167 -1.0
1047 1048 -1.0
1048 1168 -1.0
1048 1049 -1.0
1049 1169 -1.0
1049 1050 -1.0
1050 1170 -1.0
1050 1051 -1.0
1051 1171 -1.0
1051 1052 -1.0
1052 1172 -1.0
1052 1053 -1.0
1053 1173 -1.0
1053 1054 -1.0
1054 1174 -1.0
1054 1055 -1.0
1055 1175 -1.0
1055 1056 -1.0
1056 1176 -1.0
1056 1057 -1.0
1057 1177 -1.0
1057 1058 -1.0
1058 1178 -1.0
1058 1059 -1.0
1059 1179 -1.0
1059 1060 -1.0
1060 1180 -1.0
1060 1061 -1.0
1061 1181 -1.0
1061 1062 -1.0
1062 1182 -1.0
1062 1063 -1.0
1063 1183 -1.0
1063 1064 -1.0
1064 1184 -1.0
1064 1065 -1.0
1065 1185 -1.0
1065 1066 -1.0
1066 1186 -1.0
1066 1067 -1.0
1067 1187 -1.0
1067 1068 -1.0
1068 1188 -1.0
1068 1069 -1.0
1069 1189 -1.0
1069 1070 -1.0
1070 1190 -1.0
1070 1071 -1.0
1071 1191 -1.0
1071 1072 -1.0
1072 1192 -1.0
1072 1073 -1.0
1073 1193 -1.0
1073 1074 -1.0
1074 1194 -1.0
1074 1075 -1.0
1075 1195 -1.0
1075 1076 -1.0
1076 1196 -1.0
1076 1077 -1.0
1077 1197 -1.0
1077 1078 -1.0
1078 1198 -1.0
1078 1079 -1.0
1079 1199 -1.0
1079 1080 -1.0
1080 1200 -1.0
1081 1201 -1.0
1081 1200 -1.0
1081 1082 -1.0
1082 1202 -1.0
1082 1083 -1.0
1083 1203 -1.0
1083 1084 -1.0
1084 1204 -1.0
1084 1085 -1.0
1085 1205 -1.0
1085 1086 -1.0
1086 1206 -1.0
1086 1087 -1.0
1087 1207 -1.0
1087 1088 -1.0
1088 1208 -1.0
1088 1089 -1.0
1089 1209 -1.0
1089 1090 -1.0
1090 1210 -1.0
1090 1091 -1.0
1091 1211 -1.0
1091 1092 -1.0
1092 1212 -1.0
1092 1093 -1.0
1093 1213 -1.0
1093 1094 -1.0
1094 1214 -1.0
1094 1095 -1.0
1095 1215 -1.0
1095 1096 -1.0
1096 1216 -1.0
1096 1097 -1.0
1097 1217 -1.0
1097 1098 -1.0
1098 1218 -1.0
1098 1099 -1.0
1099 1219 -1.0
1099 1100 -1.0
1100 1220 -1.0
1100 1101 -1.0
1101 1221 -1.0
1101 1102 -1.0
1102 1222 -1.0
1102 1103 -1.0
1103 1223 -1.0
1103 1104 -1.0
1104 1224 -1.0
1104 1105 -1.0
1105 1225 -1.0
1105 1106 -1.0
1106 1226 -1.0
1106 1107 -1.0
1107 1227 -1.0
1107 1108 -1.0
1108 1228 -1.0
1108 1109 -1.0
1109 1229 -1.0
1109 1110 -1.0
1110 1230 -1.0
1110 1111 -1.0
1111 1231 -1.0
1111 1112 -1.0
1112 1232 -1.0
1112 1113 -1.0
1113 1233 -1.0
1113 1114 -1.0
1114 1234 -1.0
1114 1115 -1.0
1115 1235 -1.0
1115 1116 -1.0
1116 1236 -1.0
1116 1117 -1.0
1117 1237 -1.0
1117 1118 -1.0
1118 1238 -1.0
1118 1119 -1.0
1119 1239 -1.0
1119 1120 -1.0
1120 1240 -1.0
1120 1121 -1.0
1121 1241 -1.0
1121 1122 -1.0
1122 1242 -1.0
1122 1123 -1.0
1123 1243 -1.0
1123 1124 -1.0
1124 1244 -1.0
1124 1125 -1.0
1125 1245 -1.0
1125 1126 -1.0
1126 1246 -1.0
1126 1127 -1.0
1127 1247 -1.0
1127 1128 -1.0
1128 1248 -1.0
1128 1129 -1.0
1129 1249 -1.0
1129 1130 -1.0
1130 1250 -1.0
1130 1131 -1.0
1131 1251 -1.0
1131 1132 -1.0
1132 1252 -1.0
1132 1133 -1.0
1133 1253 -1.0
1133 1134 -1.0
1134 1254 -1.0
1134 1135 -1.0
1135 1255 -1.0
1135 1136 -1.0
1136 1256 -1.0
1136 1137 -1.0
1137 1257 -1.0
1137 1138 -1.0
1138 1258 -1.0
1138 1139 -1.0
1139 1259 -1.0
1139 1140 -1.0
1140 1260 -1.0
1140 1141 -1.0
1141 1261 -1.0
1141 1142 -1.0
1142 1262 -1.0
1142 1143 -1.0
1143 1263 -1.0
1143 1144 -1.0
1144 1264 -1.0
1144 1145 -1.0
1145 1265 -1.0
1145 1146 -1.0
1146 1266 -1.0
1146 1147 -1.0
1147 1267 -1.0
1147 1148 -1.0
1148 1268 -1.0
1148 1149 -1.0
1149 1269 -1.0
1149 1150 -1.0
1150 1270 -1.0
1150 1151 -1.0
1151 1271 -1.0
1151 1152 -1.0
1152 1272 -1.0
1152 1153 -1.0
1153 1273 -1.0
1153 1154 -1.0
1154 1274 -1.0
1154 1155 -1.0
1155 1275 -1.0
1155 1156 -1.0
1156 1276 -1.0
1156 1157 -1.0
1157 1277 -1.0
1157 1158 -1.0
1158 1278 -1.0
1158 1159 -1.0
1159 1279 -1.0
1159 1160 -1.0
1160 1280 -1.0
1160 1161 -1.0
1161 1281 -1.0
1161 1162 -1.0
1162 1282 -1.0
1162 1163 -1.0
1163 1283 -1.0
1163 1164 -1.0
1164 1284 -1.0
1164 1165 -1.0
1165 1285 -1.0
1165 1166 -1.0
1166 1286 -1.0
1166 1167 -1.0
1167 1287 -1.0
1167 1168 -1.0
1168 1288 -1.0
1168 1169 -1.0
1169 1289 -1.0
1169 1170 -1.0
1170 1290 -1.0
1170 1171 -1.0
1171 1291 -1.0
1171 1172 -1.0
1172 1292 -1.0
1172 1173 -1.0
1173 1293 -1.0
1173 1174 -1.0
1174 1294 -1.0
1174 1175 -1.0
1175 1295 -1.0
1175 1176 -1.0
1176 1296 -1.0
1176 1177 -1.0
1177 1297 -1.0
1177 1178 -1.0
1178 1298 -1.0
1178 1179 -1.0
1179 1299 -1.0
1179 1180 -1.0
1180 1300 -1.0
1180 1181 -1.0
1181 1301 -1.0
1181 1182 -1.0
1182 1302 -1.0
1182 1183 -1.0
1183 1303 -1.0
1183 1184 -1.0
1184 1304 -1.0
1184 1185 -1.0
1185 1305 -1.0
1185 1186 -1.0
1186 1306 -1.0
1186 1187 -1.0
1187 1307 -1.0
1187 1188 -1.0
1188 1308 -1.0
1188 1189 -1.0
1189 1309 -1.0
1189 1190 -1.0
1190 1310 -1.0
1190 1191 -1.0
1191 1311 -1.0
1191 1192 -1.0
1192 1312 -1.0
1192 1193 -1.0
1193 1313 -1.0
1193 1194 -1.0
1194 1314 -1.0
1194 1195 -1.0
1195 1315 -1.0
1195 1196 -1.0
1196 1316 -1.0
1196 1197 -1.0
1197 1317 -1.0
1197 1198 -1.0
1198 1318 -1.0
1198 1199 -1.0
1199 1319 -1.0
1199 1200 -1.0
1200 1320 -1.0
1201 1321 -1.0
1201 1320 -1.0
1201 1202 -1.0
1202 1322 -1.0
1202 1203 -1.0
1203 1323 -1.0
1203 1204 -1.0
1204 1324 -1.0
1204 1205 -1.0
1205 1325 -1.0
1205 1206 -1.0
1206 1326 -1.0
1206 1207 -1.0
1207 1327 -1.0
1207 1208 -1.0
1208 1328 -1.0
1208 1209 -1.0
1209 1329 -1.0
1209 1210 -1.0
1210 1330 -1.0
1210 1211 -1.0
1211 1331 -1.0
1211 1212 -1.0
1212 1332 -1.0
1212 1213 -1.0
1213 1333 -1.0
1213 1214 -1.0
1214 1334 -1.0
1214 1215 -1.0
1215 1335 -1.0
1215 1216 -1.0
1216 1336 -1.0
1216 1217 -1.0
1217 1337 -1.0
1217 1218 -1.0
1218 1338 -1.0
1218 1219 -1.0
1219 1339 -1.0
1219 1220 -1.0
1220 1340 -1.0
1220 1221 -1.0
1221 1341 -1.0
1221 1222 -1.0
1222 1342 -1.0
1222 1223 -1.0
1223 1343 -1.0
1223 1224 -1.0
1224 1344 -1.0
1224 1225 -1.0
1225 1345 -1.0
1225 1226 -1.0
1226 1346 -1.0
1226 1227 -1.0
1227 1347 -1.0
1227 1228 -1.0
1228 1348 -1.0
1228 1229 -1.0
1229 1349 -1.0
1229 1230 -1.0
1230 1350 -1.0
1230 1231 -1.0
1231 1351 -1.0
1231 1232 -1.0
1232 1352 -1.0
1232 1233 -1.0
1233 1353 -1.0
1233 1234 -1.0
1234 1354 -1.0
1234 1235 -1.0
1235 1355 -1.0
1235 1236 -1.0
1236 1356 -1.0
1236 1237 -1.0
1237 1357 -1.0
1237 1238 -1.0
1238 1358 -1.0
1238 1239 -1.0
1239 1359 -1.0
1239 1240 -1.0
1240 1360 -1.0
1240 1241 -1.0
1241 1361 -1.0
1241 1242 -1.0
1242 1362 -1.0
1242 1243 -1.0
1243 1363 -1.0
1243 1244 -1.0
1244 1364 -1.0
1244 1245 -1.0
1245 1365 -1.0
1245 1246 -1.0
1246 1366 -1.0
1246 1247 -1.0
1247 1367 -1.0
1247 1248 -1.0
1248 1368 -1.0
1248 1249 -1.0
1249 1369 -1.0
1249 1250 -1.0
1250 1370 -1.0
1250 1251 -1.0
1251 1371 -1.0
1251 1252 -1.0
1252 1372 -1.0
1252 1253 -1.0
1253 1373 -1.0
1253 1254 -1.0
1254 1374 -1.0
1254 1255 -1.0
1255 1375 -1.0
1255 1256 -1.0
1256 1376 -1.0
1256 1257 -1.0
1257 1377 -1.0
1257 1258 -1.0
1258 1378 -1.0
1258 1259 -1.0
1259 1379 -1.0
1259 1260 -1.0
1260 1380 -1.0
1260 1261 -1.0
1261 1381 -1.0
1261 1262 -1.0
1262 1382 -1.0
1262 1263 -1.0
1263 1383 -1.0
1263 1264 -1.0
1264 1384 -1.0
1264 1265 -1.0
1265 1385 -1.0
1265 1266 -1.0
1266 1386 -1.0
1266 1267 -1.0
1267 1387 -1.0
1267 1268 -1.0
1268 1388 -1.0
1268 1269 -1.0
1269 1389 -1.0
1269 1270 -1.0
1270 1390 -1.0
1270 1271 -1.0
1271 1391 -1.0
1271 1272 -1.0
1272 1392 -1.0
1272 1273 -1.0
1273 1393 -1.0
1273 1274 -1.0
1274 1394 -1.0
1274 1275 -1.0
1275 1395 -1.0
1275 1276 -1.0
1276 1396 -1.0
1276 1277 -1.0
1277 1397 -1.0
1277 1278 -1.0
1278 1398 -1.0
1278 1279 -1.0
1279 1399 -1.0
1279 1280 -1.0
1280 1400 -1.0
1280 1281 -1.0
1281 1401 -1.0
1281 1282 -1.0
1282 1402 -1.0
1282 1283 -1.0
1283 1403 -1.0
1283 1284 -1.0
1284 1404 -1.0
1284 1285 -1.0
1285 1405 -1.0
1285 1286 -1.0
1286 1406 -1.0
1286 1287 -1.0
1287 1407 -1.0
1287 1288 -1.0
1288 1408 -1.0
1288 1289 -1.0
1289 1409 -1.0
1289 1290 -1.0
1290 1410 -1.0
1290 1291 -1.0
1291 1411 -1.0
1291 1292 -1.0
1292 1412 -1.0
1292 1293 -1.0
1293 1413 -1.0
1293 1294 -1.0
1294 1414 -1.0
1294 1295 -1.0
1295 1415 -1.0
1295 1296 -1.0
1296 1416 -1.0
1296 1297 -1.0
1297 1417 -1.0
1297 1298 -1.0
1298 1418 -1.0
1298 1299 -1.0
1299 1419 -1.0
1299 1300 -1.0
1300 1420 -1.0
1300 1301 -1.0
1301 1421 -1.0
1301 1302 -1.0
1302 1422 -1.0
1302 1303 -1.0
1303 1423 -1.0
1303 1304 -1.0
1304 1424 -1.0
1304 1305 -1.0
1305 1425 -1.0
1305 1306 -1.0
1306 1426 -1.0
1306 1307 -1.0
1307 1427 -1.0
1307 1308 -1.0
1308 1428 -1.0
1308 1309 -1.0
1309 1429 -1.0
1309 1310 -1.0
1310 1430 -1.0
1310 1311 -1.0
1311 1431 -1.0
1311 1312 -1.0
1312 1432 -1.0
1312 1313 -1.0
1313 1433 -1.0
1313 1314 -1.0
1314 1434 -1.0
1314 1315 -1.0
1315 1435 -1.0
1315 1316 -1.0
1316 1436 -1.0
1316 1317 -1.0
1317 1437 -1.0
1317 1318 -1.0
1318 1438 -1.0
1318 1319 -1.0
1319 1439 -1.0
1319 1320 -1.0
1320 1440 -1.0
1321 1441 -1.0
1321 1440 -1.0
1321 1322 -1.0
1322 1442 -1.0
1322 1323 -1.0
1323 1443 -1.0
1323 1324 -1.0
1324 1444 -1.0
1324 1325 -1.0
1325 1445 -1.0
1325 1326 -1.0
1326 1446 -1.0
1326 1327 -1.0
1327 1447 -1.0
1327 1328 -1.0
1328 1448 -1.0
1328 1329 -1.0
1329 1449 -1.0
1329 1330 -1.0
1330 1450 -1.0
1330 1331 -1.0
1331 1451 -1.0
1331 1332 -1.0
1332 1452 -1.0
1332 1333 -1.0
1333 1453 -1.0
1333 1334 -1.0
1334 1454 -1.0
1334 1335 -1.0
1335 1455 -1.0
1335 1336 -1.0
1336 1456 -1.0
1336 1337 -1.0
1337 1457 -1.0
1337 1338 -1.0
1338 1458 -1.0
1338 1339 -1.0
1339 1459 -1.0
1339 1340 -1.0
1340 1460 -1.0
1340 1341 -1.0
1341 1461 -1.0
1341 1342 -1.0
1342 1462 -1.0
1342 1343 -1.0
1343 1463 -1.0
1343 1344 -1.0
1344 1464 -1.0
1344 1345 -1.0
1345 1465 -1.0
1345 1346 -1.0
1346 1466 -1.0
1346 1347 -1.0
1347 1467 -1.0
1347 1348 -1.0
1348 1468 -1.0
1348 1349 -1.0
1349 1469 -1.0
1349 1350 -1.0
1350 1470 -1.0
1350 1351 -1.0
1351 1471 -1.0
1351 1352 -1.0
1352 1472 -1.0
1352 1353 -1.0
1353 1473 -1.0
1353 1354 -1.0
1354 1474 -1.0
1354 1355 -1.0
1355 1475 -1.0
1355 1356 -1.0
1356 1476 -1.0
1356 1357 -1.0
1357 1477 -1.0
1357 1358 -1.0
1358 1478 -1.0
1358 1359 -1.0
1359 1479 -1.0
1359 1360 -1.0
1360 1480 -1.0
1360 1361 -1.0
1361 1481 -1.0
1361 1362 -1.0
1362 1482 -1.0
1362 1363 -1.0
1363 1483 -1.0
1363 1364 -1.0
1364 1484 -1.0
1364 1365 -1.0
1365 1485 -1.0
1365 1366 -1.0
1366 1486 -1.0
1366 1367 -1.0
1367 1487 -1.0
1367 1368 -1.0
1368 1488 -1.0
1368 1369 -1.0
1369 1489 -1.0
1369 1370 -1.0
1370 1490 -1.0
1370 1371 -1.0
1371 1491 -1.0
1371 1372 -1.0
1372 1492 -1.0
1372 1373 -1.0
1373 1493 -1.0
1373 1374 -1.0
1374 1494 -1.0
1374 1375 -1.0
1375 1495 -1.0
1375 1376 -1.0
1376 1496 -1.0
1376 1377 -1.0
1377 1497 -1.0
1377 1378 -1.0
1378 1498 -1.0
1378 1379 -1.0
1379 1499 -1.0
1379 1380 -1.0
1380 1500 -1.0
1380 1381 -1.0
1381 1501 -1.0
1381 1382 -1.0
1382 1502 -1.0
1382 1383 -1.0
1383 1503 -1.0
1383 1384 -1.0
1384 1504 -1.0
1384 1385 -1.0
1385 1505 -1.0
1385 1386 -1.0
1386 1506 -1.0
1386 1387 -1.0
1387 1507 -1.0
1387 1388 -1.0
1388 1508 -1.0
1388 1389 -1.0
1389 1509 -1.0
1389 1390 -1.0
1390 1510 -1.0
1390 1391 -1.0
1391 1511 -1.0
1391 1392 -1.0
1392 1512 -1.0
1392 1393 -1.0
1393 1513 -1.0
1393 1394 -1.0
1394 1514 -1.0
1394 1395 -1.0
1395 1515 -1.0
1395 1396 -1.0
1396 1516 -1.0
1396 1397 -1.0
1397 1517 -1.0
1397 1398 -1.0
1398 1518 -1.0
1398 1399 -1.0
1399 1519 -1.0
1399 1400 -1.0
1400 1520 -1.0
1400 1401 -1.0
1401 1521 -1.0
1401 1402 -1.0
1402 1522 -1.0
1402 1403 -1.0
1403 1523 -1.0
1403 1404 -1.0
1404 1524 -1.0
1404 1405 -1.0
1405 1525 -1.0
1405 1406 -1.0
1406 1526 -1.0
1406 1407 -1.0
1407 1527 -1.0
1407 1408 -1.0
1408 1528 -1.0
1408 1409 -1.0
1409 1529 -1.0
1409 1410 -1.0
1410 1530 -1.0
1410 1411 -1.0
1411 1531 -1.0
1411 1412 -1.0
1412 1532 -1.0
1412 1413 -1.0
1413 1533 -1.0
1413 1414 -1.0
1414 1534 -1.0
1414 1415 -1.0
1415 1535 -1.0
1415 1416 -1.0
1416 1536 -1.0
1416 1417 -1.0
1417 1537 -1.0
1417 1418 -1.0
1418 1538 -1.0
1418 1419 -1.0
1419 1539 -1.0
1419 1420 -1.0
1420 1540 -1.0
1420 1421 -1.0
1421 1541 -1.0
1421 1422 -1.0
1422 1542 -1.0
1422 1423 -1.0
1423 1543 -1.0
1423 1424 -1.0
1424 1544 -1.0
1424 1425 -1.0
1425 1545 -1.0
1425 1426 -1.0
1426 1546 -1.0
1426 1427 -1.0
1427 1547 -1.0
1427 1428 -1.0
1428 1548 -1.0
1428 1429 -1.0
1429 1549 -1.0
1429 1430 -1.0
1430 1550 -1.0
1430 1431 -1.0
1431 1551 -1.0
1431 1432 -1.0
1432 1552 -1.0
1432 1433 -1.0
1433 1553 -1.0
1433 1434 -1.0
1434 1554 -1.0
1434 1435 -1.0
1435 1555 -1.0
1435 1436 -1.0
1436 1556 -1.0
1436 1437 -1.0
1437 1557 -1.0
1437 1438 -1.0
1438 1558 -1.0
1438 1439 -1.0
1439 1559 -1.0
1439 1440 -1.0
1440 1560 -1.0
1441 1561 -1.0
1441 1560 -1.0
1441 1442 -1.0
1442 1562 -1.0
1442 1443 -1.0
1443 1563 -1.0
1443 1444 -1.0
1444 1564 -1.0
1444 1445 -1.0
1445 1565 -1.0
1445 1446 -1.0
1446 1566 -1.0
1446 1447 -1.0
1447 1567 -1.0
1447 1448 -1.0
1448 1568 -1.0
1448 1449 -1.0
1449 1569 -1.0
1449 1450 -1.0
1450 1570 -1.0
1450 1451 -1.0
1451 1571 -1.0
1451 1452 -1.0
1452 1572 -1.0
1452 1453 -1.0
1453 1573 -1.0
1453 1454 -1.0
1454 1574 -1.0
1454 1455 -1.0
1455 1575 -1.0
1455 1456 -1.0
1456 1576 -1.0
1456 1457 -1.0
1457 1577 -1.0
1457 1458 -1.0
1458 1578 -1.0
1458 1459 -1.0
1459 1579 -1.0
1459 1460 -1.0
1460 1580 -1.0
1460 1461 -1.0
1461 1581 -1.0
1461 1462 -1.0
1462 1582 -1.0
1462 1463 -1.0
1463 1583 -1.0
1463 1464 -1.0
1464 1584 -1.0
1464 1465 -1.0
1465 1585 -1.0
1465 1466 -1.0
1466 1586 -1.0
1466 1467 -1.0
1467 1587 -1.0
1467 1468 -1.0
1468 1588 -1.0
1468 1469 -1.0
1469 1589 -1.0
1469 1470 -1.0
1470 1590 -1.0
1470 1471 -1.0
1471 1591 -1.0
1471 1472 -1.0
1472 1592 -1.0
1472 1473 -1.0
1473 1593 -1.0
1473 1474 -1.0
1474 1594 -1.0
1474 1475 -1.0
1475 1595 -1.0
1475 1476 -1.0
1476 1596 -1.0
1476 1477 -1.0
1477 1597 -1.0
1477 1478 -1.0
1478 1598 -1.0
1478 1479 -1.0
1479 1599 -1.0
1479 1480 -1.0
1480 1600 -1.0
1480 1481 -1.0
1481 1601 -1.0
1481 1482 -1.0
1482 1602 -1.0
1482 1483 -1.0
1483 1603 -1.0
1483 1484 -1.0
1484 1604 -1.0
1484 1485 -1.0
1485 1605 -1.0
1485 1486 -1.0
1486 1606 -1.0
1486 1487 -1.0
1487 1607 -1.0
1487 1488 -1.0
1488 1608 -1.0
1488 1489 -1.0
1489 1609 -1.0
1489 1490 -1.0
1490 1610 -1.0
1490 1491 -1.0
1491 1611 -1.0
1491 1492 -1.0
1492 1612 -1.0
1492 1493 -1.0
1493 1613 -1.0
1493 1494 -1.0
1494 1614 -1.0
1494 1495 -1.0
1495 1615 -1.0
1495 1496 -1.0
1496 1616 -1.0
1496 1497 -1.0
1497 1617 -1.0
1497 1498 -1.0
1498 1618 -1.0
1498 1499 -1.0
1499 1619 -1.0
1499 1500 -1.0
1500 1620 -1.0
1500 1501 -1.0
1501 1621 -1.0
1501 1502 -1.0
1502 1622 -1.0
1502 1503 -1.0
1503 1623 -1.0
1503 1504 -1.0
1504 1624 -1.0
1504 1505 -1.0
1505 1625 -1.0
1505 1506 -1.0
1506 1626 -1.0
1506 1507 -1.0
1507 1627 -1.0
1507 1508 -1.0
1508 1628 -1.0
1508 1509 -1.0
1509 1629 -1.0
1509 1510 -1.0
1510 1630 -1.0
1510 1511 -1.0
1511 1631 -1.0
1511 1512 -1.0
1512 1632 -1.0
1512 1513 -1.0
1513 1633 -1.0
1513 1514 -1.0
1514 1634 -1.0
1514 1515 -1.0
1515 1635 -1.0
1515 1516 -1.0
1516 1636 -1.0
1516 1517 -1.0
1517 1637 -1.0
1517 1518 -1.0
1518 1638 -1.0
1518 1519 -1.0
1519 1639 -1.0
1519 1520 -1.0
1520 1640 -1.0
1520 1521 -1.0
1521 1641 -1.0
1521 1522 -1.0
1522 1642 -1.0
1522 1523 -1.0
1523 1643 -1.0
1523 1524 -1.0
1524 1644 -1.0
1524 1525 -1.0
1525 1645 -1.0
1525 1526 -1.0
1526 1646 -1.0
1526 1527 -1.0
1527 1647 -1.0
1527 1528 -1.0
1528 1648 -1.0
1528 1529 -1.0
1529 1649 -1.0
1529 1530 -1.0
1530 1650 -1.0
1530 1531 -1.0
1531 1651 -1.0
1531 1532 -1.0
1532 1652 -1.0
1532 1533 -1.0
1533 1653 -1.0
1533 1534 -1.0
1534 1654 -1.0
1534 1535 -1.0
1535 1655 -1.0
1535 1536 -1.0
1536 1656 -1.0
1536 1537 -1.0
1537 1657 -1.0
1537 1538 -1.0
1538 1658 -1.0
1538 1539 -1.0
1539 1659 -1.0
1539 1540 -1.0
1540 1660 -1.0
1540 1541 -1.0
1541 1661 -1.0
1541 1542 -1.0
1542 1662 -1.0
1542 1543 -1.0
1543 1663 -1.0
1543 1544 -1.0
1544 1664 -1.0
1544 1545 -1.0
1545 1665 -1.0
1545 1546 -1.0
1546 1666 -1.0
1546 1547 -1.0
1547 1667 -1.0
1547 1548 -1.0
1548 1668 -1.0
1548 1549 -1.0
1549 1669 -1.0
1549 1550 -1.0
1550 1670 -1.0
1550 1551 -1.0
1551 1671 -1.0
1551 1552 -1.0
1552 1672 -1.0
1552 1553 -1.0
1553 1673 -1.0
1553 1554 -1.0
1554 1674 -1.0
1554 1555 -1.0
1555 1675 -1.0
1555 1556 -1.0
1556 1676 -1.0
1556 1557 -1.0
1557 1677 -1.0
1557 1558 -1.0
1558 1678 -1.0
1558 1559 -1.0
1559 1679 -1.0
1559 1560 -1.0
1560 1680 -1.0
1561 1681 -1.0
1561 1680 -1.0
1561 1562 -1.0
1562 1682 -1.0
1562 1563 -1.0
1563 1683 -1.0
1563 1564 -1.0
1564 1684 -1.0
1564 1565 -1.0
1565 1685 -1.0
1565 1566 -1.0
1566 1686 -1.0
1566 1567 -1.0
1567 1687 -1.0
1567 1568 -1.0
1568 1688 -1.0
1568 1569 -1.0
1569 1689 -1.0
1569 1570 -1.0
1570 1690 -1.0
1570 1571 -1.0
1571 1691 -1.0
1571 1572 -1.0
1572 1692 -1.0
1572 1573 -1.0
1573 1693 -1.0
1573 1574 -1.0
1574 1694 -1.0
1574 1575 -1.0
1575 1695 -1.0
1575 1576 -1.0
1576 1696 -1.0
1576 1577 -1.0
1577 1697 -1.0
1577 1578 -1.0
1578 1698 -1.0
1578 1579 -1.0
1579 1699 -1.0
1579 1580 -1.0
1580 1700 -1.0
1580 1581 -1.0
1581 1701 -1.0
1581 1582 -1.0
1582 1702 -1.0
1582 1583 -1.0
1583 1703 -1.0
1583 1584 -1.0
1584 1704 -1.0
1584 1585 -1.0
1585 1705 -1.0
1585 1586 -1.0
1586 1706 -1.0
1586 1587 -1.0
1587 1707 -1.0
1587 1588 -1.0
1588 1708 -1.0
1588 1589 -1.0
1589 1709 -1.0
1589 1590 -1.0
1590 1710 -1.0
1590 1591 -1.0
1591 1711 -1.0
1591 1592 -1.0
1592 1712 -1.0
1592 1593 -1.0
1593 1713 -1.0
1593 1594 -1.0
1594 1714 -1.0
1594 1595 -1.0
1595 1715 -1.0
1595 1596 -1.0
1596 1716 -1.0
1596 1597 -1.0
1597 1717 -1.0
1597 1598 -1.0
1598 1718 -1.0
1598 1599 -1.0
1599 1719 -1.0
1599 1600 -1.0
1600 1720 -1.0
1600 1601 -1.0
1601 1721 -1.0
1601 1602 -1.0
1602 1722 -1.0
1602 1603 -1.0
1603 1723 -1.0
1603 1604 -1.0
1604 1724 -1.0
1604 1605 -1.0
1605 1725 -1.0
1605 1606 -1.0
1606 1726 -1.0
1606 1607 -1.0
1607 1727 -1.0
1607 1608 -1.0
1608 1728 -1.0
1608 1609 -1.0
1609 1729 -1.0
1609 1610 -1.0
1610 1730 -1.0
1610 1611 -1.0
1611 1731 -1.0
1611 1612 -1.0
1612 1732 -1.0
1612 1613 -1.0
1613 1733 -1.0
1613 1614 -1.0
1614 1734 -1.0
1614 1615 -1.0
1615 1735 -1.0
1615 1616 -1.0
1616 1736 -1.0
1616 1617 -1.0
1617 1737 -1.0
1617 1618 -1.0
1618 1738 -1.0
1618 1619 -1.0
1619 1739 -1.0
1619 1620 -1.0
1620 1740 -1.0
1620 1621 -1.0
1621 1741 -1.0
1621 1622 -1.0
1622 1742 -1.0
1622 1623 -1.0
1623 1743 -1.0
1623 1624 -1.0
1624 1744 -1.0
1624 1625 -1.0
1625 1745 -1.0
1625 1626 -1.0
1626 1746 -1.0
1626 1627 -1.0
1627 1747 -1.0
1627 1628 -1.0
1628 1748 -1.0
1628 1629 -1.0
1629 1749 -1.0
1629 1630 -1.0
1630 1750 -1.0
1630 1631 -1.0
1631 1751 -1.0
1631 1632 -1.0
1632 1752 -1.0
1632 1633 -1.0
1633 1753 -1.0
1633 1634 -1.0
1634 1754 -1.0
1634 1635 -1.0
1635 1755 -1.0
1635 1636 -1.0
1636 1756 -1.0
1636 1637 -1.0
1637 1757 -1.0
1637 1638 -1.0
1638 1758 -1.0
1638 1639 -1.0
1639 1759 -1.0
1639 1640 -1.0
1640 1760 -1.0
1640 1641 -1.0
1641 1761 -1.0
1641 1642 -1.0
1642 1762 -1.0
1642 1643 -1.0
1643 1763 -1.0
1643 1644 -1.0
1644 1764 -1.0
1644 1645 -1.0
1645 1765 -1.0
1645 1646 -1.0
1646 1766 -1.0
1646 1647 -1.0
1647 1767 -1.0
1647 1648 -1.0
1648 1768 -1.0
1648 1649 -1.0
1649 1769 -1.0
1649 1650 -1.0
1650 1770 -1.0
1650 1651 -1.0
1651 1771 -1.0
1651 1652 -1.0
1652 1772 -1.0
1652 1653 -1.0
1653 1773 -1.0
1653 1654 -1.0
1654 1774 -1.0
1654 1655 -1.0
1655 1775 -1.0
1655 1656 -1.0
1656 1776 -1.0
1656 1657 -1.0
1657 1777 -1.0
1657 1658 -1.0
1658 1778 -1.0
1658 1659 -1.0
1659 1779 -1.0
1659 1660 -1.0
1660 1780 -1.0
1660 1661 -1.0
1661 1781 -1.0
1661 1662 -1.0
1662 1782 -1.0
1662 1663 -1.0
1663 1783 -1.0
1663 1664 -1.0
1664 1784 -1.0
1664 1665 -1.0
1665 1785 -1.0
1665 1666 -1.0
1666 1786 -1.0
1666 1667 -1.0
1667 1787 -1.0
1667 1668 -1.0
1668 1788 -1.0
1668 1669 -1.0
1669 1789 -1.0
1669 1670 -1.0
1670 1790 -1.0
1670 1671 -1.0
1671 1791 -1.0
1671 1672 -1.0
1672 1792 -1.0
1672 1673 -1.0
1673 1793 -1.0
1673 1674 -1.0
1674 1794 -1.0
1674 1675 -1.0
1675 1795 -1.0
1675 1676 -1.0
1676 1796 -1.0
1676 1677 -1.0
1677 1797 -1.0
1677 1678 -1.0
1678 1798 -1.0
1678 1679 -1.0
1679 1799 -1.0
1679 1680 -1.0
1680 1800 -1.0
1681 1801 -1.0
1681 1800 -1.0
1681 1682 -1.0
1682 1802 -1.0
1682 1683 -1.0
1683 1803 -1.0
1683 1684 -1.0
1684 1804 -1.0
1684 1685 -1.0
1685 1805 -1.0
1685 1686 -1.0
1686 1806 -1.0
1686 1687 -1.0
1687 1807 -1.0
1687 1688 -1.0
1688 1808 -1.0
1688 1689 -1.0
1689 1809 -1.0
1689 1690 -1.0
1690 1810 -1.0
1690 1691 -1.0
1691 1811 -1.0
1691 1692 -1.0
1692 1812 -1.0
1692 1693 -1.0
1693 1813 -1.0
1693 1694 -1.0
1694 1814 -1.0
1694 1695 -1.0
1695 1815 -1.0
1695 1696 -1.0
1696 1816 -1.0
1696 1697 -1.0
1697 1817 -1.0
1697 1698 -1.0
1698 1818 -1.0
1698 1699 -1.0
1699 1819 -1.0
1699 1700 -1.0
1700 1820 -1.0
1700 1701 -1.0
1701 1821 -1.0
1701 1702 -1.0
1702 1822 -1.0
1702 1703 -1.0
1703 1823 -1.0
1703 1704 -1.0
1704 1824 -1.0
1704 1705 -1.0
1705 1825 -1.0
1705 1706 -1.0
1706 1826 -1.0
1706 1707 -1.0
1707 1827 -1.0
1707 1708 -1.0
1708 1828 -1.0
1708 1709 -1.0
1709 1829 -1.0
1709 1710 -1.0
1710 1830 -1.0
1710 1711 -1.0
1711 1831 -1.0
1711 1712 -1.0
1712 1832 -1.0
1712 1713 -1.0
1713 1833 -1.0
1713 1714 -1.0
1714 1834 -1.0
1714 1715 -1.0
1715 1835 -1.0
1715 1716 -1.0
1716 1836 -1.0
1716 1717 -1.0
1717 1837 -1.0
1717 1718 -1.0
1718 1838 -1.0
1718 1719 -1.0
1719 1839 -1.0
1719 1720 -1.0
1720 1840 -1.0
1720 1721 -1.0
1721 1841 -1.0
1721 1722 -1.0
1722 1842 -1.0
1722 1723 -1.0
1723 1843 -1.0
1723 1724 -1.0
1724 1844 -1.0
1724 1725 -1.0
1725 1845 -1.0
1725 1726 -1.0
1726 1846 -1.0
1726 1727 -1.0
1727 1847 -1.0
1727 1728 -1.0
1728 1848 -1.0
1728 1729 -1.0
1729 1849 -1.0
1729 1730 -1.0
1730 1850 -1.0
1730 1731 -1.0
1731 1851 -1.0
1731 1732 -1.0
1732 1852 -1.0
1732 1733 -1.0
1733 1853 -1.0
1733 1734 -1.0
1734 1854 -1.0
1734 1735 -1.0
1735 1855 -1.0
1735 1736 -1.0
1736 1856 -1.0
1736 1737 -1.0
1737 1857 -1.0
1737 1738 -1.0
1738 1858 -1.0
1738 1739 -1.0
1739 1859 -1.0
1739 1740 -1.0
1740 1860 -1.0
1740 1741 -1.0
1741 1861 -1.0
1741 1742 -1.0
1742 1862 -1.0
1742 1743 -1.0
1743 1863 -1.0
1743 1744 -1.0
1744 1864 -1.0
1744 1745 -1.0
1745 1865 -1.0
1745 1746 -1.0
1746 1866 -1.0
1746 1747 -1.0
1747 1867 -1.0
1747 1748 -1.0
1748 1868 -1.0
1748 1749 -1.0
1749 1869 -1.0
1749 1750 -1.0
1750 1870 -1.0
1750 1751 -1.0
1751 1871 -1.0
1751 1752 -1.0
1752 1872 -1.0
1752 1753 -1.0
1753 1873 -1.0
1753 1754 -1.0
1754 1874 -1.0
1754 1755 -1.0
1755 1875 -1.0
1755 1756 -1.0
1756 1876 -1.0
1756 1757 -1.0
1757 1877 -1.0
1757 1758 -1.0
1758 1878 -1.0
1758 1759 -1.0
1759 1879 -1.0
1759 1760 -1.0
1760 1880 -1.0
1760 1761 -1.0
1761 1881 -1.0
1761 1762 -1.0
1762 1882 -1.0
1762 1763 -1.0
1763 1883 -1.0
1763 1764 -1.0
1764 1884 -1.0
1764 1765 -1.0
1765 1885 -1.0
1765 1766 -1.0
1766 1886 -1.0
1766 1767 -1.0
1767 1887 -1.0
1767 1768 -1.0
1768 1888 -1.0
1768 1769 -1.0
1769 1889 -1.0
1769 1770 -1.0
1770 1890 -1.0
1770 1771 -1.0
1771 1891 -1.0
1771 1772 -1.0
1772 1892 -1.0
1772 1773 -1.0
1773 1893 -1.0
1773 1774 -1.0
1774 1894 -1.0
1774 1775 -1.0
1775 1895 -1.0
1775 1776 -1.0
1776 1896 -1.0
1776 1777 -1.0
1777 1897 -1.0
1777 1778 -1.0
1778 1898 -1.0
1778 1779 -1.0
1779 1899 -1.0
1779 1780 -1.0
1780 1900 -1.0
1780 1781 -1.0
1781 1901 -1.0
1781 1782 -1.0
1782 1902 -1.0
1782 1783 -1.0
1783 1903 -1.0
1783 1784 -1.0
1784 1904 -1.0
1784 1785 -1.0
1785 1905 -1.0
1785 1786 -1.0
1786 1906 -1.0
1786 1787 -1.0
1787 1907 -1.0
1787 1788 -1.0
1788 1908 -1.0
1788 1789 -1.0
1789 1909 -1.0
1789 1790 -1.0
1790 1910 -1.0
1790 1791 -1.0
1791 1911 -1.0
1791 1792 -1.0
1792 1912 -1.0
1792 1793 -1.0
1793 1913 -1.0
1793 1794 -1.0
1794 1914 -1.0
1794 1795 -1.0
1795 1915 -1.0
1795 1796 -1.0
1796 1916 -1.0
1796 1797 -1.0
1797 1917 -1.0
1797 1798 -1.0
1798 1918 -1.0
1798 1799 -1.0
1799 1919 -1.0
1799 1800 -1.0
1800 1920 -1.0
1801 1921 -1.0
1801 1920 -1.0
1801 1802 -1.0
1802 1922 -1.0
1802 1803 -1.0
1803 1923 -1.0
1803 1804 -1.0
1804 1924 -1.0
1804 1805 -1.0
1805 1925 -1.0
1805 1806 -1.0
1806 1926 -1.0
1806 1807 -1.0
1807 1927 -1.0
1807 1808 -1.0
1808 1928 -1.0
1808 1809 -1.0
1809 1929 -1.0
1809 1810 -1.0
1810 1930 -1.0
1810 1811 -1.0
1811 1931 -1.0
1811 1812 -1.0
1812 1932 -1.0
1812 1813 -1.0
1813 1933 -1.0
1813 1814 -1.0
1814 1934 -1.0
1814 1815 -1.0
1815 1935 -1.0
1815 1816 -1.0
1816 1936 -1.0
1816 1817 -1.0
1817 1937 -1.0
1817 1818 -1.0
1818 1938 -1.0
1818 1819 -1.0
1819 1939 -1.0
1819 1820 -1.0
1820 1940 -1.0
1820 1821 -1.0
1821 1941 -1.0
1821 1822 -1.0
1822 1942 -1.0
1822 1823 -1.0
1823 1943 -1.0
1823 1824 -1.0
1824 1944 -1.0
1824 1825 -1.0
1825 1945 -1.0
1825 1826 -1.0
1826 1946 -1.0
1826 1827 -1.0
1827 1947 -1.0
1827 1828 -1.0
1828 1948 -1.0
1828 1829 -1.0
1829 1949 -1.0
1829 1830 -1.0
1830 1950 -1.0
1830 1831 -1.0
1831 1951 -1.0
1831 1832 -1.0
1832 1952 -1.0
1832 1833 -1.0
1833 1953 -1.0
1833 1834 -1.0
1834 1954 -1.0
1834 1835 -1.0
1835 1955 -1.0
1835 1836 -1.0
1836 1956 -1.0
1836 1837 -1.0
1837 1957 -1.0
1837 1838 -1.0
1838 1958 -1.0
1838 1839 -1.0
1839 1959 -1.0
1839 1840 -1.0
1840 1960 -1.0
1840 1841 -1.0
1841 1961 -1.0
1841 1842 -1.0
1842 1962 -1.0
1842 1843 -1.0
1843 1963 -1.0
1843 1844 -1.0
1844 1964 -1.0
1844 1845 -1.0
1845 1965 -1.0
1845 1846 -1.0
1846 1966 -1.0
1846 1847 -1.0
1847 1967 -1.0
1847 1848 -1.0
1848 1968 -1.0
1848 1849 -1.0
1849 1969 -1.0
1849 1850 -1.0
1850 1970 -1.0
1850 1851 -1.0
1851 1971 -1.0
1851 1852 -1.0
1852 1972 -1.0
1852 1853 -1.0
1853 1973 -1.0
1853 1854 -1.0
1854 1974 -1.0
1854 1855 -1.0
1855 1975 -1.0
1855 1856 -1.0
1856 1976 -1.0
1856 1857 -1.0
1857 1977 -1.0
1857 1858 -1.0
1858 1978 -1.0
1858 1859 -1.0
1859 1979 -1.0
1859 1860 -1.0
1860 1980 -1.0
1860 1861 -1.0
1861 1981 -1.0
1861 1862 -1.0
1862 1982 -1.0
1862 1863 -1.0
1863 1983 -1.0
1863 1864 -1.0
1864 1984 -1.0
1864 1865 -1.0
1865 1985 -1.0
1865 1866 -1.0
1866 1986 -1.0
1866 1867 -1.0
1867 1987 -1.0
1867 1868 -1.0
1868 1988 -1.0
1868 1869 -1.0
1869 1989 -1.0
1869 1870 -1.0
1870 1990 -1.0
1870 1871 -1.0
1871 1991 -1.0
1871 1872 -1.0
1872 1992 -1.0
1872 1873 -1.0
1873 1993 -1.0
1873 1874 -1.0
1874 1994 -1.0
1874 1875 -1.0
1875 1995 -1.0
1875 1876 -1.0
1876 1996 -1.0
1876 1877 -1.0
1877 1997 -1.0
1877 1878 -1.0
1878 1998 -1.0
1878 1879 -1.0
1879 1999 -1.0
1879 1880 -1.0
1880 2000 -1.0
1880 1881 -1.0
1881 2001 -1.0
1881 1882 -1.0
1882 2002 -1.0
1882 1883 -1.0
1883 2003 -1.0
1883 1884 -1.0
1884 2004 -1.0
1884 1885 -1.0
1885 2005 -1.0
1885 1886 -1.0
1886 2006 -1.0
1886 1887 -1.0
1887 2007 -1.0
1887 1888 -1.0
1888 2008 -1.0
1888 1889 -1.0
1889 2009 -1.0
1889 1890 -1.0
1890 2010 -1.0
1890 1891 -1.0
1891 2011 -1.0
1891 1892 -1.0
1892 2012 -1.0
1892 1893 -1.0
1893 2013 -1.0
1893 1894 -1.0
1894 2014 -1.0
1894 1895 -1.0
1895 2015 -1.0
1895 1896 -1.0
1896 2016 -1.0
1896 1897 -1.0
1897 2017 -1.0
1897 1898 -1.0
1898 2018 -1.0
1898 1899 -1.0
1899 2019 -1.0
1899 1900 -1.0
1900 2020 -1.0
1900 1901 -1.0
1901 2021 -1.0
1901 1902 -1.0
1902 2022 -1.0
1902 1903 -1.0
1903 2023 -1.0
1903 1904 -1.0
1904 2024 -1.0
1904 1905 -1.0
1905 2025 -1.0
1905 1906 -1.0
1906 2026 -1.0
1906 1907 -1.0
1907 2027 -1.0
1907 1908 -1.0
1908 2028 -1.0
1908 1909 -1.0
1909 2029 -1.0
1909 1910 -1.0
1910 2030 -1.0
1910 1911 -1.0
1911 2031 -1.0
1911 1912 -1.0
1912 2032 -1.0
1912 1913 -1.0
1913 2033 -1.0
1913 1914 -1.0
1914 2034 -1.0
1914 1915 -1.0
1915 2035 -1.0
1915 1916 -1.0
1916 2036 -1.0
1916 1917 -1.0
1917 2037 -1.0
1917 1918 -1.0
1918 2038 -1.0
1918 1919 -1.0
1919 2039 -1.0
1919 1920 -1.0
1920 2040 -1.0
1921 2041 -1.0
1921 2040 -1.0
1921 1922 -1.0
1922 2042 -1.0
1922 1923 -1.0
1923 2043 -1.0
1923 1924 -1.0
1924 2044 -1.0
1924 1925 -1.0
1925 2045 -1.0
1925 1926 -1.0
1926 2046 -1.0
1926 1927 -1.0
1927 2047 -1.0
1927 1928 -1.0
1928 2048 -1.0
1928 1929 -1.0
1929 2049 -1.0
1929 1930 -1.0
1930 2050 -1.0
1930 1931 -1.0
1931 2051 -1.0
1931 1932 -1.0
1932 2052 -1.0
1932 1933 -1.0
1933 2053 -1.0
1933 1934 -1.0
1934 2054 -1.0
1934 1935 -1.0
1935 2055 -1.0
1935 1936 -1.0
1936 2056 -1.0
1936 1937 -1.0
1937 2057 -1.0
1937 1938 -1.0
1938 2058 -1.0
1938 1939 -1.0
1939 2059 -1.0
1939 1940 -1.0
1940 2060 -1.0
1940 1941 -1.0
1941 2061 -1.0
1941 1942 -1.0
1942 2062 -1.0
1942 1943 -1.0
1943 2063 -1.0
1943 1944 -1.0
1944 2064 -1.0
1944 1945 -1.0
1945 2065 -1.0
1945 1946 -1.0
1946 2066 -1.0
1946 1947 -1.0
1947 2067 -1.0
1947 1948 -1.0
1948 2068 -1.0
1948 1949 -1.0
1949 2069 -1.0
1949 1950 -1.0
1950 2070 -1.0
1950 1951 -1.0
1951 2071 -1.0
1951 1952 -1.0
1952 2072 -1.0
1952 1953 -1.0
1953 2073 -1.0
1953 1954 -1.0
1954 2074 -1.0
1954 1955 -1.0
1955 2075 -1.0
1955 1956 -1.0
1956 2076 -1.0
1956 1957 -1.0
1957 2077 -1.0
1957 1958 -1.0
1958 2078 -1.0
1958 1959 -1.0
1959 2079 -1.0
1959 1960 -1.0
1960 2080 -1.0
1960 1961 -1.0
1961 2081 -1.0
1961 1962 -1.0
1962 2082 -1.0
1962 1963 -1.0
1963 2083 -1.0
1963 1964 -1.0
1964 2084 -1.0
1964 1965 -1.0
1965 2085 -1.0
1965 1966 -1.0
1966 2086 -1.0
1966 1967 -1.0
1967 2087 -1.0
1967 1968 -1.0
1968 2088 -1.0
1968 1969 -1.0
1969 2089 -1.0
1969 1970 -1.0
1970 2090 -1.0
1970 1971 -1.0
1971 2091 -1.0
1971 1972 -1.0
1972 2092 -1.0
1972 1973 -1.0
1973 2093 -1.0
1973 1974 -1.0
1974 2094 -1.0
1974 1975 -1.0
1975 2095 -1.0
1975 1976 -1.0
1976 2096 -1.0
1976 1977 -1.0
1977 2097 -1.0
1977 1978 -1.0
1978 2098 -1.0
1978 1979 -1.0
1979 2099 -1.0
1979 1980 -1.0
1980 2100 -1.0
1980 1981 -1.0
1981 2101 -1.0
1981 1982 -1.0
1982 2102 -1.0
1982 1983 -1.0
1983 2103 -1.0
1983 1984 -1.0
1984 2104 -1.0
1984 1985 -1.0
1985 2105 -1.0
1985 1986 -1.0
1986 2106 -1.0
1986 1987 -1.0
1987 2107 -1.0
1987 1988 -1.0
1988 2108 -1.0
1988 1989 -1.0
1989 2109 -1.0
1989 1990 -1.0
1990 2110 -1.0
1990 1991 -1.0
1991 2111 -1.0
1991 1992 -1.0
1992 2112 -1.0
1992 1993 -1.0
1993 2113 -1.0
1993 1994 -1.0
1994 2114 -1.0
1994 1995 -1.0
1995 2115 -1.0
1995 1996 -1.0
1996 2116 -1.0
1996 1997 -1.0
1997 2117 -1.0
1997 1998 -1.0
1998 2118 -1.0
1998 1999 -1.0
1999 2119 -1.0
1999 2000 -1.0
2000 2120 -1.0
2000 2001 -1.0
2001 2121 -1.0
2001 2002 -1.0
2002 2122 -1.0
2002 2003 -1.0
2003 2123 -1.0
2003 2004 -1.0
2004 2124 -1.0
2004 2005 -1.0
2005 2125 -1.0
2005 2006 -1.0
2006 2126 -1.0
2006 2007 -1.0
2007 2127 -1.0
2007 2008 -1.0
2008 2128 -1.0
2008 2009 -1.0
2009 2129 -1.0
2009 2010 -1.0
2010 2130 -1.0
2010 2011 -1.0
2011 2131 -1.0
2011 2012 -1.0
2012 2132 -1.0
2012 2013 -1.0
2013 2133 -1.0
2013 2014 -1.0
2014 2134 -1.0
2014 2015 -1.0
2015 2135 -1.0
2015 2016 -1.0
2016 2136 -1.0
2016 2017 -1.0
2017 2137 -1.0
2017 2018 -1.0
2018 2138 -1.0
2018 2019 -1.0
2019 2139 -1.0
2019 2020 -1.0
2020 2140 -1.0
2020 2021 -1.0
2021 2141 -1.0
2021 2022 -1.0
2022 2142 -1.0
2022 2023 -1.0
2023 2143 -1.0
2023 2024 -1.0
2024 2144 -1.0
2024 2025 -1.0
2025 2145 -1.0
2025 2026 -1.0
2026 2146 -1.0
2026 2027 -1.0
2027 2147 -1.0
2027 2028 -1.0
2028 2148 -1.0
2028 2029 -1.0
2029 2149 -1.0
2029 2030 -1.0
2030 2150 -1.0
2030 2031 -1.0
2031 2151 -1.0
2031 2032 -1.0
2032 2152 -1.0
2032 2033 -1.0
2033 2153 -1.0
2033 2034 -1.0
2034 2154 -1.0
2034 2035 -1.0
2035 2155 -1.0
2035 2036 -1.0
2036 2156 -1.0
2036 2037 -1.0
2037 2157 -1.0
2037 2038 -1.0
2038 2158 -1.0
2038 2039 -1.0
2039 2159 -1.0
2039 2040 -1.0
2040 2160 -1.0
2041 2161 -1.0
2041 2160 -1.0
2041 2042 -1.0
2042 2162 -1.0
2042 2043 -1.0
2043 2163 -1.0
2043 2044 -1.0
2044 2164 -1.0
2044 2045 -1.0
2045 2165 -1.0
2045 2046 -1.0
2046 2166 -1.0
2046 2047 -1.0
2047 2167 -1.0
2047 2048 -1.0
2048 2168 -1.0
2048 2049 -1.0
2049 2169 -1.0
2049 2050 -1.0
2050 2170 -1.0
2050 2051 -1.0
2051 2171 -1.0
2051 2052 -1.0
2052 2172 -1.0
2052 2053 -1.0
2053 2173 -1.0
2053 2054 -1.0
2054 2174 -1.0
2054 2055 -1.0
2055 2175 -1.0
2055 2056 -1.0
2056 2176 -1.0
2056 2057 -1.0
2057 2177 -1.0
2057 2058 -1.0
2058 2178 -1.0
2058 2059 -1.0
2059 2179 -1.0
2059 2060 -1.0
2060 2180 -1.0
2060 2061 -1.0
2061 2181 -1.0
2061 2062 -1.0
2062 2182 -1.0
2062 2063 -1.0
2063 2183 -1.0
2063 2064 -1.0
2064 2184 -1.0
2064 2065 -1.0
2065 2185 -1.0
2065 2066 -1.0
2066 2186 -1.0
2066 2067 -1.0
2067 2187 -1.0
2067 2068 -1.0
2068 2188 -1.0
2068 2069 -1.0
2069 2189 -1.0
2069 2070 -1.0
2070 2190 -1.0
2070 2071 -1.0
2071 2191 -1.0
2071 2072 -1.0
2072 2192 -1.0
2072 2073 -1.0
2073 2193 -1.0
2073 2074 -1.0
2074 2194 -1.0
2074 2075 -1.0
2075 2195 -1.0
2075 2076 -1.0
2076 2196 -1.0
2076 2077 -1.0
2077 2197 -1.0
2077 2078 -1.0
2078 2198 -1.0
2078 2079 -1.0
2079 2199 -1.0
2079 2080 -1.0
2080 2200 -1.0
2080 2081 -1.0
2081 2201 -1.0
2081 2082 -1.0
2082 2202 -1.0
2082 2083 -1.0
2083 2203 -1.0
2083 2084 -1.0
2084 2204 -1.0
2084 2085 -1.0
2085 2205 -1.0
2085 2086 -1.0
2086 2206 -1.0
2086 2087 -1.0
2087 2207 -1.0
2087 2088 -1.0
2088 2208 -1.0
2088 2089 -1.0
2089 2209 -1.0
2089 2090 -1.0
2090 2210 -1.0
2090 2091 -1.0
2091 2211 -1.0
2091 2092 -1.0
2092 2212 -1.0
2092 2093 -1.0
2093 2213 -1.0
2093 2094 -1.0
2094 2214 -1.0
2094 2095 -1.0
2095 2215 -1.0
2095 2096 -1.0
2096 2216 -1.0
2096 2097 -1.0
2097 2217 -1.0
2097 2098 -1.0
2098 2218 -1.0
2098 2099 -1.0
2099 2219 -1.0
2099 2100 -1.0
2100 2220 -1.0
2100 2101 -1.0
2101 2221 -1.0
2101 2102 -1.0
2102 2222 -1.0
2102 2103 -1.0
2103 2223 -1.0
2103 2104 -1.0
2104 2224 -1.0
2104 2105 -1.0
2105 2225 -1.0
2105 2106 -1.0
2106 2226 -1.0
2106 2107 -1.0
2107 2227 -1.0
2107 2108 -1.0
2108 2228 -1.0
2108 2109 -1.0
2109 2229 -1.0
2109 2110 -1.0
2110 2230 -1.0
2110 2111 -1.0
2111 2231 -1.0
2111 2112 -1.0
2112 2232 -1.0
2112 2113 -1.0
2113 2233 -1.0
2113 2114 -1.0
2114 2234 -1.0
2114 2115 -1.0
2115 2235 -1.0
2115 2116 -1.0
2116 2236 -1.0
2116 2117 -1.0
2117 2237 -1.0
2117 2118 -1.0
2118 2238 -1.0
2118 2119 -1.0
2119 2239 -1.0
2119 2120 -1.0
2120 2240 -1.0
2120 2121 -1.0
2121 2241 -1.0
2121 2122 -1.0
2122 2242 -1.0
2122 2123 -1.0
2123 2243 -1.0
2123 2124 -1.0
2124 2244 -1.0
2124 2125 -1.0
2125 2245 -1.0
2125 2126 -1.0
2126 2246 -1.0
2126 2127 -1.0
2127 2247 -1.0
2127 2128 -1.0
2128 2248 -1.0
2128 2129 -1.0
2129 2249 -1.0
2129 2130 -1.0
2130 2250 -1.0
2130 2131 -1.0
2131 2251 -1.0
2131 2132 -1.0
2132 2252 -1.0
2132 2133 -1.0
2133 2253 -1.0
2133 2134 -1.0
2134 2254 -1.0
2134 2135 -1.0
2135 2255 -1.0
2135 2136 -1.0
2136 2256 -1.0
2136 2137 -1.0
2137 2257 -1.0
2137 2138 -1.0
2138 2258 -1.0
2138 2139 -1.0
2139 2259 -1.0
2139 2140 -1.0
2140 2260 -1.0
2140 2141 -1.0
2141 2261 -1.0
2141 2142 -1.0
2142 2262 -1.0
2142 2143 -1.0
2143 2263 -1.0
2143 2144 -1.0
2144 2264 -1.0
2144 2145 -1.0
2145 2265 -1.0
2145 2146 -1.0
2146 2266 -1.0
2146 2147 -1.0
2147 2267 -1.0
2147 2148 -1.0
2148 2268 -1.0
2148 2149 -1.0
2149 2269 -1.0
2149 2150 -1.0
2150 2270 -1.0
2150 2151 -1.0
2151 2271 -1.0
2151 2152 -1.0
2152 2272 -1.0
2152 2153 -1.0
2153 2273 -1.0
2153 2154 -1.0
2154 2274 -1.0
2154 2155 -1.0
2155 2275 -1.0
2155 2156 -1.0
2156 2276 -1.0
2156 2157 -1.0
2157 2277 -1.0
2157 2158 -1.0
2158 2278 -1.0
2158 2159 -1.0
2159 2279 -1.0
2159 2160 -1.0
2160 2280 -1.0
2161 2281 -1.0
2161 2280 -1.0
2161 2162 -1.0
2162 2282 -1.0
2162 2163 -1.0
2163 2283 -1.0
2163 2164 -1.0
2164 2284 -1.0
2164 2165 -1.0
2165 2285 -1.0
2165 2166 -1.0
2166 2286 -1.0
2166 2167 -1.0
2167 2287 -1.0
2167 2168 -1.0
2168 2288 -1.0
2168 2169 -1.0
2169 2289 -1.0
2169 2170 -1.0
2170 2290 -1.0
2170 2171 -1.0
2171 2291 -1.0
2171 2172 -1.0
2172 2292 -1.0
2172 2173 -1.0
2173 2293 -1.0
2173 2174 -1.0
2174 2294 -1.0
2174 2175 -1.0
2175 2295 -1.0
2175 2176 -1.0
2176 2296 -1.0
2176 2177 -1.0
2177 2297 -1.0
2177 2178 -1.0
2178 2298 -1.0
2178 2179 -1.0
2179 2299 -1.0
2179 2180 -1.0
2180 2300 -1.0
2180 2181 -1.0
2181 2301 -1.0
2181 2182 -1.0
2182 2302 -1.0
2182 2183 -1.0
2183 2303 -1.0
2183 2184 -1.0
2184 2304 -1.0
2184 2185 -1.0
2185 2305 -1.0
2185 2186 -1.0
2186 2306 -1.0
2186 2187 -1.0
2187 2307 -1.0
2187 2188 -1.0
2188 2308 -1.0
2188 2189 -1.0
2189 2309 -1.0
2189 2190 -1.0
2190 2310 -1.0
2190 2191 -1.0
2191 2311 -1.0
2191 2192 -1.0
2192 2312 -1.0
2192 2193 -1.0
2193 2313 -1.0
2193 2194 -1.0
2194 2314 -1.0
2194 2195 -1.0
2195 2315 -1.0
2195 2196 -1.0
2196 2316 -1.0
2196 2197 -1.0
2197 2317 -1.0
2197 2198 -1.0
2198 2318 -1.0
2198 2199 -1.0
2199 2319 -1.0
2199 2200 -1.0
2200 2320 -1.0
2200 2201 -1.0
2201 2321 -1.0
2201 2202 -1.0
2202 2322 -1.0
2202 2203 -1.0
2203 2323 -1.0
2203 2204 -1.0
2204 2324 -1.0
2204 2205 -1.0
2205 2325 -1.0
2205 2206 -1.0
2206 2326 -1.0
2206 2207 -1.0
2207 2327 -1.0
2207 2208 -1.0
2208 2328 -1.0
2208 2209 -1.0
2209 2329 -1.0
2209 2210 -1.0
2210 2330 -1.0
2210 2211 -1.0
2211 2331 -1.0
2211 2212 -1.0
2212 2332 -1.0
2212 2213 -1.0
2213 2333 -1.0
2213 2214 -1.0
2214 2334 -1.0
2214 2215 -1.0
2215 2335 -1.0
2215 2216 -1.0
2216 2336 -1.0
2216 2217 -1.0
2217 2337 -1.0
2217 2218 -1.0
2218 2338 -1.0
2218 2219 -1.0
2219 2339 -1.0
2219 2220 -1.0
2220 2340 -1.0
2220 2221 -1.0
2221 2341 -1.0
2221 2222 -1.0
2222 2342 -1.0
2222 2223 -1.0
2223 2343 -1.0
2223 2224 -1.0
2224 2344 -1.0
2224 2225 -1.0
2225 2345 -1.0
2225 2226 -1.0
2226 2346 -1.0
2226 2227 -1.0
2227 2347 -1.0
2227 2228 -1.0
2228 2348 -1.0
2228 2229 -1.0
2229 2349 -1.0
2229 2230 -1.0
2230 2350 -1.0
2230 2231 -1.0
2231 2351 -1.0
2231 2232 -1.0
2232 2352 -1.0
2232 2233 -1.0
2233 2353 -1.0
2233 2234 -1.0
2234 2354 -1.0
2234 2235 -1.0
2235 2355 -1.0
2235 2236 -1.0
2236 2356 -1.0
2236 2237 -1.0
2237 2357 -1.0
2237 2238 -1.0
2238 2358 -1.0
2238 2239 -1.0
2239 2359 -1.0
2239 2240 -1.0
2240 2360 -1.0
2240 2241 -1.0
2241 2361 -1.0
2241 2242 -1.0
2242 2362 -1.0
2242 2243 -1.0
2243 2363 -1.0
2243 2244 -1.0
2244 2364 -1.0
2244 2245 -1.0
2245 2365 -1.0
2245 2246 -1.0
2246 2366 -1.0
2246 2247 -1.0
2247 2367 -1.0
2247 2248 -1.0
2248 2368 -1.0
2248 2249 -1.0
2249 2369 -1.0
2249 2250 -1.0
2250 2370 -1.0
2250 2251 -1.0
2251 2371 -1.0
2251 2252 -1.0
2252 2372 -1.0
2252 2253 -1.0
2253 2373 -1.0
2253 2254 -1.0
2254 2374 -1.0
2254 2255 -1.0
2255 2375 -1.0
2255 2256 -1.0
2256 2376 -1.0
2256 2257 -1.0
2257 2377 -1.0
2257 2258 -1.0
2258 2378 -1.0
2258 2259 -1.0
2259 2379 -1.0
2259 2260 -1.0
2260 2380 -1.0
2260 2261 -1.0
2261 2381 -1.0
2261 2262 -1.0
2262 2382 -1.0
2262 2263 -1.0
2263 2383 -1.0
2263 2264 -1.0
2264 2384 -1.0
2264 2265 -1.0
2265 2385 -1.0
2265 2266 -1.0
2266 2386 -1.0
2266 2267 -1.0
2267 2387 -1.0
2267 2268 -1.0
2268 2388 -1.0
2268 2269 -1.0
2269 2389 -1.0
2269 2270 -1.0
2270 2390 -1.0
2270 2271 -1.0
2271 2391 -1.0
2271 2272 -1.0
2272 2392 -1.0
2272 2273 -1.0
2273 2393 -1.0
2273 2274 -1.0
2274 2394 -1.0
2274 2275 -1.0
2275 2395 -1.0
2275 2276 -1.0
2276 2396 -1.0
2276 2277 -1.0
2277 2397 -1.0
2277 2278 -1.0
2278 2398 -1.0
2278 2279 -1.0
2279 2399 -1.0
2279 2280 -1.0
2280 2400 -1.0
2281 2401 -1.0
2281 2400 -1.0
2281 2282 -1.0
2282 2402 -1.0
2282 2283 -1.0
2283 2403 -1.0
2283 2284 -1.0
2284 2404 -1.0
2284 2285 -1.0
2285 2405 -1.0
2285 2286 -1.0
2286 2406 -1.0
2286 2287 -1.0
2287 2407 -1.0
2287 2288 -1.0
2288 2408 -1.0
2288 2289 -1.0
2289 2409 -1.0
2289 2290 -1.0
2290 2410 -1.0
2290 2291 -1.0
2291 2411 -1.0
2291 2292 -1.0
2292 2412 -1.0
2292 2293 -1.0
2293 2413 -1.0
2293 2294 -1.0
2294 2414 -1.0
2294 2295 -1.0
2295 2415 -1.0
2295 2296 -1.0
2296 2416 -1.0
2296 2297 -1.0
2297 2417 -1.0
2297 2298 -1.0
2298 2418 -1.0
2298 2299 -1.0
2299 2419 -1.0
2299 2300 -1.0
2300 2420 -1.0
2300 2301 -1.0
2301 2421 -1.0
2301 2302 -1.0
2302 2422 -1.0
2302 2303 -1.0
2303 2423 -1.0
2303 2304 -1.0
2304 2424 -1.0
2304 2305 -1.0
2305 2425 -1.0
2305 2306 -1.0
2306 2426 -1.0
2306 2307 -1.0
2307 2427 -1.0
2307 2308 -1.0
2308 2428 -1.0
2308 2309 -1.0
2309 2429 -1.0
2309 2310 -1.0
2310 2430 -1.0
2310 2311 -1.0
2311 2431 -1.0
2311 2312 -1.0
2312 2432 -1.0
2312 2313 -1.0
2313 2433 -1.0
2313 2314 -1.0
2314 2434 -1.0
2314 2315 -1.0
2315 2435 -1.0
2315 2316 -1.0
2316 2436 -1.0
2316 2317 -1.0
2317 2437 -1.0
2317 2318 -1.0
2318 2438 -1.0
2318 2319 -1.0
2319 2439 -1.0
2319 2320 -1.0
2320 2440 -1.0
2320 2321 -1.0
2321 2441 -1.0
2321 2322 -1.0
2322 2442 -1.0
2322 2323 -1.0
2323 2443 -1.0
2323 2324 -1.0
2324 2444 -1.0
2324 2325 -1.0
2325 2445 -1.0
2325 2326 -1.0
2326 2446 -1.0
2326 2327 -1.0
2327 2447 -1.0
2327 2328 -1.0
2328 2448 -1.0
2328 2329 -1.0
2329 2449 -1.0
2329 2330 -1.0
2330 2450 -1.0
2330 2331 -1.0
2331 2451 -1.0
2331 2332 -1.0
2332 2452 -1.0
2332 2333 -1.0
2333 2453 -1.0
2333 2334 -1.0
2334 2454 -1.0
2334 2335 -1.0
2335 2455 -1.0
2335 2336 -1.0
2336 2456 -1.0
2336 2337 -1.0
2337 2457 -1.0
2337 2338 -1.0
2338 2458 -1.0
2338 2339 -1.0
2339 2459 -1.0
2339 2340 -1.0
2340 2460 -1.0
2340 2341 -1.0
2341 2461 -1.0
2341 2342 -1.0
2342 2462 -1.0
2342 2343 -1.0
2343 2463 -1.0
2343 2344 -1.0
2344 2464 -1.0
2344 2345 -1.0
2345 2465 -1.0
2345 2346 -1.0
2346 2466 -1.0
2346 2347 -1.0
2347 2467 -1.0
2347 2348 -1.0
2348 2468 -1.0
2348 2349 -1.0
2349 2469 -1.0
2349 2350 -1.0
2350 2470 -1.0
2350 2351 -1.0
2351 2471 -1.0
2351 2352 -1.0
2352 2472 -1.0
2352 2353 -1.0
2353 2473 -1.0
2353 2354 -1.0
2354 2474 -1.0
2354 2355 -1.0
2355 2475 -1.0
2355 2356 -1.0
2356 2476 -1.0
2356 2357 -1.0
2357 2477 -1.0
2357 2358 -1.0
2358 2478 -1.0
2358 2359 -1.0
2359 2479 -1.0
2359 2360 -1.0
2360 2480 -1.0
2360 2361 -1.0
2361 2481 -1.0
2361 2362 -1.0
2362 2482 -1.0
2362 2363 -1.0
2363 2483 -1.0
2363 2364 -1.0
2364 2484 -1.0
2364 2365 -1.0
2365 2485 -1.0
2365 2366 -1.0
2366 2486 -1.0
2366 2367 -1.0
2367 2487 -1.0
2367 2368 -1.0
2368 2488 -1.0
2368 2369 -1.0
2369 2489 -1.0
2369 2370 -1.0
2370 2490 -1.0
2370 2371 -1.0
2371 2491 -1.0
2371 2372 -1.0
2372 2492 -1.0
2372 2373 -1.0
2373 2493 -1.0
2373 2374 -1.0
2374 2494 -1.0
2374 2375 -1.0
2375 2495 -1.0
2375 2376 -1.0
2376 2496 -1.0
2376 2377 -1.0
2377 2497 -1.0
2377 2378 -1.0
2378 2498 -1.0
2378 2379 -1.0
2379 2499 -1.0
2379 2380 -1.0
2380 2500 -1.0
2380 2381 -1.0
2381 2501 -1.0
2381 2382 -1.0
2382 2502 -1.0
2382 2383 -1.0
2383 2503 -1.0
2383 2384 -1.0
2384 2504 -1.0
2384 2385 -1.0
2385 2505 -1.0
2385 2386 -1.0
2386 2506 -1.0
2386 2387 -1.0
2387 2507 -1.0
2387 2388 -1.0
2388 2508 -1.0
2388 2389 -1.0
2389 2509 -1.0
2389 2390 -1.0
2390 2510 -1.0
2390 2391 -1.0
2391 2511 -1.0
2391 2392 -1.0
2392 2512 -1.0
2392 2393 -1.0
2393 2513 -1.0
2393 2394 -1.0
2394 2514 -1.0
2394 2395 -1.0
2395 2515 -1.0
2395 2396 -1.0
2396 2516 -1.0
2396 2397 -1.0
2397 2517 -1.0
2397 2398 -1.0
2398 2518 -1.0
2398 2399 -1.0
2399 2519 -1.0
2399 2400 -1.0
2400 2520 -1.0
2401 2521 -1.0
2401 2520 -1.0
2401 2402 -1.0
2402 2522 -1.0
2402 2403 -1.0
2403 2523 -1.0
2403 2404 -1.0
2404 2524 -1.0
2404 2405 -1.0
2405 2525 -1.0
2405 2406 -1.0
2406 2526 -1.0
2406 2407 -1.0
2407 2527 -1.0
2407 2408 -1.0
2408 2528 -1.0
2408 2409 -1.0
2409 2529 -1.0
2409 2410 -1.0
2410 2530 -1.0
2410 2411 -1.0
2411 2531 -1.0
2411 2412 -1.0
2412 2532 -1.0
2412 2413 -1.0
2413 2533 -1.0
2413 2414 -1.0
2414 2534 -1.0
2414 2415 -1.0
2415 2535 -1.0
2415 2416 -1.0
2416 2536 -1.0
2416 2417 -1.0
2417 2537 -1.0
2417 2418 -1.0
2418 2538 -1.0
2418 2419 -1.0
2419 2539 -1.0
2419 2420 -1.0
2420 2540 -1.0
2420 2421 -1.0
2421 2541 -1.0
2421 2422 -1.0
2422 2542 -1.0
2422 2423 -1.0
2423 2543 -1.0
2423 2424 -1.0
2424 2544 -1.0
2424 2425 -1.0
2425 2545 -1.0
2425 2426 -1.0
2426 2546 -1.0
2426 2427 -1.0
2427 2547 -1.0
2427 2428 -1.0
2428 2548 -1.0
2428 2429 -1.0
2429 2549 -1.0
2429 2430 -1.0
2430 2550 -1.0
2430 2431 -1.0
2431 2551 -1.0
2431 2432 -1.0
2432 2552 -1.0
2432 2433 -1.0
2433 2553 -1.0
2433 2434 -1.0
2434 2554 -1.0
2434 2435 -1.0
2435 2555 -1.0
2435 2436 -1.0
2436 2556 -1.0
2436 2437 -1.0
2437 2557 -1.0
2437 2438 -1.0
2438 2558 -1.0
2438 2439 -1.0
2439 2559 -1.0
2439 2440 -1.0
2440 2560 -1.0
2440 2441 -1.0
2441 2561 -1.0
2441 2442 -1.0
2442 2562 -1.0
2442 2443 -1.0
2443 2563 -1.0
2443 2444 -1.0
2444 2564 -1.0
2444 2445 -1.0
2445 2565 -1.0
2445 2446 -1.0
2446 2566 -1.0
2446 2447 -1.0
2447 2567 -1.0
2447 2448 -1.0
2448 2568 -1.0
2448 2449 -1.0
2449 2569 -1.0
2449 2450 -1.0
2450 2570 -1.0
2450 2451 -1.0
2451 2571 -1.0
2451 2452 -1.0
2452 2572 -1.0
2452 2453 -1.0
2453 2573 -1.0
2453 2454 -1.0
2454 2574 -1.0
2454 2455 -1.0
2455 2575 -1.0
2455 2456 -1.0
2456 2576 -1.0
2456 2457 -1.0
2457 2577 -1.0
2457 2458 -1.0
2458 2578 -1.0
2458 2459 -1.0
2459 2579 -1.0
2459 2460 -1.0
2460 2580 -1.0
2460 2461 -1.0
2461 2581 -1.0
2461 2462 -1.0
2462 2582 -1.0
2462 2463 -1.0
2463 2583 -1.0
2463 2464 -1.0
2464 2584 -1.0
2464 2465 -1.0
2465 2585 -1.0
2465 2466 -1.0
2466 2586 -1.0
2466 2467 -1.0
2467 2587 -1.0
2467 2468 -1.0
2468 2588 -1.0
2468 2469 -1.0
2469 2589 -1.0
2469 2470 -1.0
2470 2590 -1.0
2470 2471 -1.0
2471 2591 -1.0
2471 2472 -1.0
2472 2592 -1.0
2472 2473 -1.0
2473 2593 -1.0
2473 2474 -1.0
2474 2594 -1.0
2474 2475 -1.0
2475 2595 -1.0
2475 2476 -1.0
2476 2596 -1.0
2476 2477 -1.0
2477 2597 -1.0
2477 2478 -1.0
2478 2598 -1.0
2478 2479 -1.0
2479 2599 -1.0
2479 2480 -1.0
2480 2600 -1.0
2480 2481 -1.0
2481 2601 -1.0
2481 2482 -1.0
2482 2602 -1.0
2482 2483 -1.0
2483 2603 -1.0
2483 2484 -1.0
2484 2604 -1.0
2484 2485 -1.0
2485 2605 -1.0
2485 2486 -1.0
2486 2606 -1.0
2486 2487 -1.0
2487 2607 -1.0
2487 2488 -1.0
2488 2608 -1.0
2488 2489 -1.0
2489 2609 -1.0
2489 2490 -1.0
2490 2610 -1.0
2490 2491 -1.0
2491 2611 -1.0
2491 2492 -1.0
2492 2612 -1.0
2492 2493 -1.0
2493 2613 -1.0
2493 2494 -1.0
2494 2614 -1.0
2494 2495 -1.0
2495 2615 -1.0
2495 2496 -1.0
2496 2616 -1.0
2496 2497 -1.0
2497 2617 -1.0
2497 2498 -1.0
2498 2618 -1.0
2498 2499 -1.0
2499 2619 -1.0
2499 2500 -1.0
2500 2620 -1.0
2500 2501 -1.0
2501 2621 -1.0
2501 2502 -1.0
2502 2622 -1.0
2502 2503 -1.0
2503 2623 -1.0
2503 2504 -1.0
2504 2624 -1.0
2504 2505 -1.0
2505 2625 -1.0
2505 2506 -1.0
2506 2626 -1.0
2506 2507 -1.0
2507 2627 -1.0
2507 2508 -1.0
2508 2628 -1.0
2508 2509 -1.0
2509 2629 -1.0
2509 2510 -1.0
2510 2630 -1.0
2510 2511 -1.0
2511 2631 -1.0
2511 2512 -1.0
2512 2632 -1.0
2512 2513 -1.0
2513 2633 -1.0
2513 2514 -1.0
2514 2634 -1.0
2514 2515 -1.0
2515 2635 -1.0
2515 2516 -1.0
2516 2636 -1.0
2516 2517 -1.0
2517 2637 -1.0
2517 2518 -1.0
2518 2638 -1.0
2518 2519 -1.0
2519 2639 -1.0
2519 2520 -1.0
2520 2640 -1.0
2521 2641 -1.0
2521 2640 -1.0
2521 2522 -1.0
2522 2642 -1.0
2522 2523 -1.0
2523 2643 -1.0
2523 2524 -1.0
2524 2644 -1.0
2524 2525 -1.0
2525 2645 -1.0
2525 2526 -1.0
2526 2646 -1.0
2526 2527 -1.0
2527 2647 -1.0
2527 2528 -1.0
2528 2648 -1.0
2528 2529 -1.0
2529 2649 -1.0
2529 2530 -1.0
2530 2650 -1.0
2530 2531 -1.0
2531 2651 -1.0
2531 2532 -1.0
2532 2652 -1.0
2532 2533 -1.0
2533 2653 -1.0
2533 2534 -1.0
2534 2654 -1.0
2534 2535 -1.0
2535 2655 -1.0
2535 2536 -1.0
2536 2656 -1.0
2536 2537 -1.0
2537 2657 -1.0
2537 2538 -1.0
2538 2658 -1.0
2538 2539 -1.0
2539 2659 -1.0
2539 2540 -1.0
2540 2660 -1.0
2540 2541 -1.0
2541 2661 -1.0
2541 2542 -1.0
2542 2662 -1.0
2542 2543 -1.0
2543 2663 -1.0
2543 2544 -1.0
2544 2664 -1.0
2544 2545 -1.0
2545 2665 -1.0
2545 2546 -1.0
2546 2666 -1.0
2546 2547 -1.0
2547 2667 -1.0
2547 2548 -1.0
2548 2668 -1.0
2548 2549 -1.0
2549 2669 -1.0
2549 2550 -1.0
2550 2670 -1.0
2550 2551 -1.0
2551 2671 -1.0
2551 2552 -1.0
2552 2672 -1.0
2552 2553 -1.0
2553 2673 -1.0
2553 2554 -1.0
2554 2674 -1.0
2554 2555 -1.0
2555 2675 -1.0
2555 2556 -1.0
2556 2676 -1.0
2556 2557 -1.0
2557 2677 -1.0
2557 2558 -1.0
2558 2678 -1.0
2558 2559 -1.0
2559 2679 -1.0
2559 2560 -1.0
2560 2680 -1.0
2560 2561 -1.0
2561 2681 -1.0
2561 2562 -1.0
2562 2682 -1.0
2562 2563 -1.0
2563 2683 -1.0
2563 2564 -1.0
2564 2684 -1.0
2564 2565 -1.0
2565 2685 -1.0
2565 2566 -1.0
2566 2686 -1.0
2566 2567 -1.0
2567 2687 -1.0
2567 2568 -1.0
2568 2688 -1.0
2568 2569 -1.0
2569 2689 -1.0
2569 2570 -1.0
2570 2690 -1.0
2570 2571 -1.0
2571 2691 -1.0
2571 2572 -1.0
2572 2692 -1.0
2572 2573 -1.0
2573 2693 -1.0
2573 2574 -1.0
2574 2694 -1.0
2574 2575 -1.0
2575 2695 -1.0
2575 2576 -1.0
2576 2696 -1.0
2576 2577 -1.0
2577 2697 -1.0
2577 2578 -1.0
2578 2698 -1.0
2578 2579 -1.0
2579 2699 -1.0
2579 2580 -1.0
2580 2700 -1.0
2580 2581 -1.0
2581 2701 -1.0
2581 2582 -1.0
2582 2702 -1.0
2582 2583 -1.0
2583 2703 -1.0
2583 2584 -1.0
2584 2704 -1.0
2584 2585 -1.0
2585 2705 -1.0
2585 2586 -1.0
2586 2706 -1.0
2586 2587 -1.0
2587 2707 -1.0
2587 2588 -1.0
2588 2708 -1.0
2588 2589 -1.0
2589 2709 -1.0
2589 2590 -1.0
2590 2710 -1.0
2590 2591 -1.0
2591 2711 -1.0
2591 2592 -1.0
2592 2712 -1.0
2592 2593 -1.0
2593 2713 -1.0
2593 2594 -1.0
2594 2714 -1.0
2594 2595 -1.0
2595 2715 -1.0
2595 2596 -1.0
2596 2716 -1.0
2596 2597 -1.0
2597 2717 -1.0
2597 2598 -1.0
2598 2718 -1.0
2598 2599 -1.0
2599 2719 -1.0
2599 2600 -1.0
2600 2720 -1.0
2600 2601 -1.0
2601 2721 -1.0
2601 2602 -1.0
2602 2722 -1.0
2602 2603 -1.0
2603 2723 -1.0
2603 2604 -1.0
2604 2724 -1.0
2604 2605 -1.0
2605 2725 -1.0
2605 2606 -1.0
2606 2726 -1.0
2606 2607 -1.0
2607 2727 -1.0
2607 2608 -1.0
2608 2728 -1.0
2608 2609 -1.0
2609 2729 -1.0
2609 2610 -1.0
2610 2730 -1.0
2610 2611 -1.0
2611 2731 -1.0
2611 2612 -1.0
2612 2732 -1.0
2612 2613 -1.0
2613 2733 -1.0
2613 2614 -1.0
2614 2734 -1.0
2614 2615 -1.0
2615 2735 -1.0
2615 2616 -1.0
2616 2736 -1.0
2616 2617 -1.0
2617 2737 -1.0
2617 2618 -1.0
2618 2738 -1.0
2618 2619 -1.0
2619 2739 -1.0
2619 2620 -1.0
2620 2740 -1.0
2620 2621 -1.0
2621 2741 -1.0
2621 2622 -1.0
2622 2742 -1.0
2622 2623 -1.0
2623 2743 -1.0
2623 2624 -1.0
2624 2744 -1.0
2624 2625 -1.0
2625 2745 -1.0
2625 2626 -1.0
2626 2746 -1.0
2626 2627 -1.0
2627 2747 -1.0
2627 2628 -1.0
2628 2748 -1.0
2628 2629 -1.0
2629 2749 -1.0
2629 2630 -1.0
2630 2750 -1.0
2630 2631 -1.0
2631 2751 -1.0
2631 2632 -1.0
2632 2752 -1.0
2632 2633 -1.0
2633 2753 -1.0
2633 2634 -1.0
2634 2754 -1.0
2634 2635 -1.0
2635 2755 -1.0
2635 2636 -1.0
2636 2756 -1.0
2636 2637 -1.0
2637 2757 -1.0
2637 2638 -1.0
2638 2758 -1.0
2638 2639 -1.0
2639 2759 -1.0
2639 2640 -1.0
2640 2760 -1.0
2641 2761 -1.0
2641 2760 -1.0
2641 2642 -1.0
2642 2762 -1.0
2642 2643 -1.0
2643 2763 -1.0
2643 2644 -1.0
2644 2764 -1.0
2644 2645 -1.0
2645 2765 -1.0
2645 2646 -1.0
2646 2766 -1.0
2646 2647 -1.0
2647 2767 -1.0
2647 2648 -1.0
2648 2768 -1.0
2648 2649 -1.0
2649 2769 -1.0
2649 2650 -1.0
2650 2770 -1.0
2650 2651 -1.0
2651 2771 -1.0
2651 2652 -1.0
2652 2772 -1.0
2652 2653 -1.0
2653 2773 -1.0
2653 2654 -1.0
2654 2774 -1.0
2654 2655 -1.0
2655 2775 -1.0
2655 2656 -1.0
2656 2776 -1.0
2656 2657 -1.0
2657 2777 -1.0
2657 2658 -1.0
2658 2778 -1.0
2658 2659 -1.0
2659 2779 -1.0
2659 2660 -1.0
2660 2780 -1.0
2660 2661 -1.0
2661 2781 -1.0
2661 2662 -1.0
2662 2782 -1.0
2662 2663 -1.0
2663 2783 -1.0
2663 2664 -1.0
2664 2784 -1.0
2664 2665 -1.0
2665 2785 -1.0
2665 2666 -1.0
2666 2786 -1.0
2666 2667 -1.0
2667 2787 -1.0
2667 2668 -1.0
2668 2788 -1.0
2668 2669 -1.0
2669 2789 -1.0
2669 2670 -1.0
2670 2790 -1.0
2670 2671 -1.0
2671 2791 -1.0
2671 2672 -1.0
2672 2792 -1.0
2672 2673 -1.0
2673 2793 -1.0
2673 2674 -1.0
2674 2794 -1.0
2674 2675 -1.0
2675 2795 -1.0
2675 2676 -1.0
2676 2796 -1.0
2676 2677 -1.0
2677 2797 -1.0
2677 2678 -1.0
2678 2798 -1.0
2678 2679 -1.0
2679 2799 -1.0
2679 2680 -1.0
2680 2800 -1.0
2680 2681 -1.0
2681 2801 -1.0
2681 2682 -1.0
2682 2802 -1.0
2682 2683 -1.0
2683 2803 -1.0
2683 2684 -1.0
2684 2804 -1.0
2684 2685 -1.0
2685 2805 -1.0
2685 2686 -1.0
2686 2806 -1.0
2686 2687 -1.0
2687 2807 -1.0
2687 2688 -1.0
2688 2808 -1.0
2688 2689 -1.0
2689 2809 -1.0
2689 2690 -1.0
2690 2810 -1.0
2690 2691 -1.0
2691 2811 -1.0
2691 2692 -1.0
2692 2812 -1.0
2692 2693 -1.0
2693 2813 -1.0
2693 2694 -1.0
2694 2814 -1.0
2694 2695 -1.0
2695 2815 -1.0
2695 2696 -1.0
2696 2816 -1.0
2696 2697 -1.0
2697 2817 -1.0
2697 2698 -1.0
2698 2818 -1.0
2698 2699 -1.0
2699 2819 -1.0
2699 2700 -1.0
2700 2820 -1.0
2700 2701 -1.0
2701 2821 -1.0
2701 2702 -1.0
2702 2822 -1.0
2702 2703 -1.0
2703 2823 -1.0
2703 2704 -1.0
2704 2824 -1.0
2704 2705 -1.0
2705 2825 -1.0
2705 2706 -1.0
2706 2826 -1.0
2706 2707 -1.0
2707 2827 -1.0
2707 2708 -1.0
2708 2828 -1.0
2708 2709 -1.0
2709 2829 -1.0
2709 2710 -1.0
2710 2830 -1.0
2710 2711 -1.0
2711 2831 -1.0
2711 2712 -1.0
2712 2832 -1.0
2712 2713 -1.0
2713 2833 -1.0
2713 2714 -1.0
2714 2834 -1.0
2714 2715 -1.0
2715 2835 -1.0
2715 2716 -1.0
2716 2836 -1.0
2716 2717 -1.0
2717 2837 -1.0
2717 2718 -1.0
2718 2838 -1.0
2718 2719 -1.0
2719 2839 -1.0
2719 2720 -1.0
2720 2840 -1.0
2720 2721 -1.0
2721 2841 -1.0
2721 2722 -1.0
2722 2842 -1.0
2722 2723 -1.0
2723 2843 -1.0
2723 2724 -1.0
2724 2844 -1.0
2724 2725 -1.0
2725 2845 -1.0
2725 2726 -1.0
2726 2846 -1.0
2726 2727 -1.0
2727 2847 -1.0
2727 2728 -1.0
2728 2848 -1.0
2728 2729 -1.0
2729 2849 -1.0
2729 2730 -1.0
2730 2850 -1.0
2730 2731 -1.0
2731 2851 -1.0
2731 2732 -1.0
2732 2852 -1.0
2732 2733 -1.0
2733 2853 -1.0
2733 2734 -1.0
2734 2854 -1.0
2734 2735 -1.0
2735 2855 -1.0
2735 2736 -1.0
2736 2856 -1.0
2736 2737 -1.0
2737 2857 -1.0
2737 2738 -1.0
2738 2858 -1.0
2738 2739 -1.0
2739 2859 -1.0
2739 2740 -1.0
2740 2860 -1.0
2740 2741 -1.0
2741 2861 -1.0
2741 2742 -1.0
2742 2862 -1.0
2742 2743 -1.0
2743 2863 -1.0
2743 2744 -1.0
2744 2864 -1.0
2744 2745 -1.0
2745 2865 -1.0
2745 2746 -1.0
2746 2866 -1.0
2746 2747 -1.0
2747 2867 -1.0
2747 2748 -1.0
2748 2868 -1.0
2748 2749 -1.0
2749 2869 -1.0
2749 2750 -1.0
2750 2870 -1.0
2750 2751 -1.0
2751 2871 -1.0
2751 2752 -1.0
2752 2872 -1.0
2752 2753 -1.0
2753 2873 -1.0
2753 2754 -1.0
2754 2874 -1.0
2754 2755 -1.0
2755 2875 -1.0
2755 2756 -1.0
2756 2876 -1.0
2756 2757 -1.0
2757 2877 -1.0
2757 2758 -1.0
2758 2878 -1.0
2758 2759 -1.0
2759 2879 -1.0
2759 2760 -1.0
2760 2880 -1.0
2761 2881 -1.0
2761 2880 -1.0
2761 2762 -1.0
2762 2882 -1.0
2762 2763 -1.0
2763 2883 -1.0
2763 2764 -1.0
2764 2884 -1.0
2764 2765 -1.0
2765 2885 -1.0
2765 2766 -1.0
2766 2886 -1.0
2766 2767 -1.0
2767 2887 -1.0
2767 2768 -1.0
2768 2888 -1.0
2768 2769 -1.0
2769 2889 -1.0
2769 2770 -1.0
2770 2890 -1.0
2770 2771 -1.0
2771 2891 -1.0
2771 2772 -1.0
2772 2892 -1.0
2772 2773 -1.0
2773 2893 -1.0
2773 2774 -1.0
2774 2894 -1.0
2774 2775 -1.0
2775 2895 -1.0
2775 2776 -1.0
2776 2896 -1.0
2776 2777 -1.0
2777 2897 -1.0
2777 2778 -1.0
2778 2898 -1.0
2778 2779 -1.0
2779 2899 -1.0
2779 2780 -1.0
2780 2900 -1.0
2780 2781 -1.0
2781 2901 -1.0
2781 2782 -1.0
2782 2902 -1.0
2782 2783 -1.0
2783 2903 -1.0
2783 2784 -1.0
2784 2904 -1.0
2784 2785 -1.0
2785 2905 -1.0
2785 2786 -1.0
2786 2906 -1.0
2786 2787 -1.0
2787 2907 -1.0
2787 2788 -1.0
2788 2908 -1.0
2788 2789 -1.0
2789 2909 -1.0
2789 2790 -1.0
2790 2910 -1.0
2790 2791 -1.0
2791 2911 -1.0
2791 2792 -1.0
2792 2912 -1.0
2792 2793 -1.0
2793 2913 -1.0
2793 2794 -1.0
2794 2914 -1.0
2794 2795 -1.0
2795 2915 -1.0
2795 2796 -1.0
2796 2916 -1.0
2796 2797 -1.0
2797 2917 -1.0
2797 2798 -1.0
2798 2918 -1.0
2798 2799 -1.0
2799 2919 -1.0
2799 2800 -1.0
2800 2920 -1.0
2800 2801 -1.0
2801 2921 -1.0
2801 2802 -1.0
2802 2922 -1.0
2802 2803 -1.0
2803 2923 -1.0
2803 2804 -1.0
2804 2924 -1.0
2804 2805 -1.0
2805 2925 -1.0
2805 2806 -1.0
2806 2926 -1.0
2806 2807 -1.0
2807 2927 -1.0
2807 2808 -1.0
2808 2928 -1.0
2808 2809 -1.0
2809 2929 -1.0
2809 2810 -1.0
2810 2930 -1.0
2810 2811 -1.0
2811 2931 -1.0
2811 2812 -1.0
2812 2932 -1.0
2812 2813 -1.0
2813 2933 -1.0
2813 2814 -1.0
2814 2934 -1.0
2814 2815 -1.0
2815 2935 -1.0
2815 2816 -1.0
2816 2936 -1.0
2816 2817 -1.0
2817 2937 -1.0
2817 2818 -1.0
2818 2938 -1.0
2818 2819 -1.0
2819 2939 -1.0
2819 2820 -1.0
2820 2940 -1.0
2820 2821 -1.0
2821 2941 -1.0
2821 2822 -1.0
2822 2942 -1.0
2822 2823 -1.0
2823 2943 -1.0
2823 2824 -1.0
2824 2944 -1.0
2824 2825 -1.0
2825 2945 -1.0
2825 2826 -1.0
2826 2946 -1.0
2826 2827 -1.0
2827 2947 -1.0
2827 2828 -1.0
2828 2948 -1.0
2828 2829 -1.0
2829 2949 -1.0
2829 2830 -1.0
2830 2950 -1.0
2830 2831 -1.0
2831 2951 -1.0
2831 2832 -1.0
2832 2952 -1.0
2832 2833 -1.0
2833 2953 -1.0
2833 2834 -1.0
2834 2954 -1.0
2834 2835 -1.0
2835 2955 -1.0
2835 2836 -1.0
2836 2956 -1.0
2836 2837 -1.0
2837 2957 -1.0
2837 2838 -1.0
2838 2958 -1.0
2838 2839 -1.0
2839 2959 -1.0
2839 2840 -1.0
2840 2960 -1.0
2840 2841 -1.0
2841 2961 -1.0
2841 2842 -1.0
2842 2962 -1.0
2842 2843 -1.0
2843 2963 -1.0
2843 2844 -1.0
2844 2964 -1.0
2844 2845 -1.0
2845 2965 -1.0
2845 2846 -1.0
2846 2966 -1.0
2846 2847 -1.0
2847 2967 -1.0
2847 2848 -1.0
2848 2968 -1.0
2848 2849 -1.0
2849 2969 -1.0
2849 2850 -1.0
2850 2970 -1.0
2850 2851 -1.0
2851 2971 -1.0
2851 2852 -1.0
2852 2972 -1.0
2852 2853 -1.0
2853 2973 -1.0
2853 2854 -1.0
2854 2974 -1.0
2854 2855 -1.0
2855 2975 -1.0
2855 2856 -1.0
2856 2976 -1.0
2856 2857 -1.0
2857 2977 -1.0
2857 2858 -1.0
2858 2978 -1.0
2858 2859 -1.0
2859 2979 -1.0
2859 2860 -1.0
2860 2980 -1.0
2860 2861 -1.0
2861 2981 -1.0
2861 2862 -1.0
2862 2982 -1.0
2862 2863 -1.0
2863 2983 -1.0
2863 2864 -1.0
2864 2984 -1.0
2864 2865 -1.0
2865 2985 -1.0
2865 2866 -1.0
2866 2986 -1.0
2866 2867 -1.0
2867 2987 -1.0
2867 2868 -1.0
2868 2988 -1.0
2868 2869 -1.0
2869 2989 -1.0
2869 2870 -1.0
2870 2990 -1.0
2870 2871 -1.0
2871 2991 -1.0
2871 2872 -1.0
2872 2992 -1.0
2872 2873 -1.0
2873 2993 -1.0
2873 2874 -1.0
2874 2994 -1.0
2874 2875 -1.0
2875 2995 -1.0
2875 2876 -1.0
2876 2996 -1.0
2876 2877 -1.0
2877 2997 -1.0
2877 2878 -1.0
2878 2998 -1.0
2878 2879 -1.0
2879 2999 -1.0
2879 2880 -1.0
2880 3000 -1.0
2881 3000 -1.0
2881 2882 -1.0
2882 2883 -1.0
2883 2884 -1.0
2884 2885 -1.0
2885 2886 -1.0
2886 2887 -1.0
2887 2888 -1.0
2888 2889 -1.0
2889 2890 -1.0
2890 2891 -1.0
2891 2892 -1.0
2892 2893 -1.0
2893 2894 -1.0
2894 2895 -1.0
2895 2896 -1.0
2896 2897 -1.0
2897 2898 -1.0
2898 2899 -1.0
2899 2900 -1.0
2900 2901 -1.0
2901 2902 -1.0
2902 2903 -1.0
2903 2904 -1.0
2904 2905 -1.0
2905 2906 -1.0
2906 2907 -1.0
2907 2908 -1.0
2908 2909 -1.0
2909 2910 -1.0
2910 2911 -1.0
2911 2912 -1.0
2912 2913 -1.0
2913 2914 -1.0
2914 2915 -1.0
2915 2916 -1.0
2916 2917 -1.0
2917 2918 -1.0
2918 2919 -1.0
2919 2920 -1.0
2920 2921 -1.0
2921 2922 -1.0
2922 2923 -1.0
2923 2924 -1.0
2924 2925 -1.0
2925 2926 -1.0
2926 2927 -1.0
2927 2928 -1.0
2928 2929 -1.0
2929 2930 -1.0
2930 2931 -1.0
2931 2932 -1.0
2932 2933 -1.0
2933 2934 -1.0
2934 2935 -1.0
2935 2936 -1.0
2936 2937 -1.0
2937 2938 -1.0
2938 2939 -1.0
2939 2940 -1.0
2940 2941 -1.0
2941 2942 -1.0
2942 2943 -1.0
2943 2944 -1.0
2944 2945 -1.0
2945 2946 -1.0
2946 2947 -1.0
2947 2948 -1.0
2948 2949 -1.0
2949 2950 -1.0
2950 2951 -1.0
2951 2952 -1.0
2952 2953 -1.0
2953 2954 -1.0
2954 2955 -1.0
2955 2956 -1.0
2956 2957 -1.0
2957 2958 -1.0
2958 2959 -1.0
2959 2960 -1.0
2960 2961 -1.0
2961 2962 -1.0
2962 2963 -1.0
2963 2964 -1.0
2964 2965 -1.0
2965 2966 -1.0
2966 2967 -1.0
2967 2968 -1.0
2968 2969 -1.0
2969 2970 -1.0
2970 2971 -1.0
2971 2972 -1.0
2972 2973 -1.0
2973 2974 -1.0
2974 2975 -1.0
2975 2976 -1.0
2976 2977 -1.0
2977 2978 -1.0
2978 2979 -1.0
2979 2980 -1.0
2980 2981 -1.0
2981 2982 -1.0
2982 2983 -1.0
2983 2984 -1.0
2984 2985 -1.0
2985 2986 -1.0
2986 2987 -1.0
2987 2988 -1.0
2988 2989 -1.0
2989 2990 -1.0
2990 2991 -1.0
2991 2992 -1.0
2992 2993 -1.0
2993 2994 -1.0
2994 2995 -1.0
2995 2996 -1.0
2996 2997 -1.0
2997 2998 -1.0
2998 2999 -1.0
2999 3000 -1.0
