MULTICUT
73 1007 -43702.0
73 1003 -63776.0
170 1001 -8354.0
170 1021 -154347.0
80 1008 -15534.0
80 913 -110795.0
1001 1002 -242402.0
1001 1022 -139933.0
1002 1004 -4876.0
384 1003 -232345.0
384 1006 -4876.0
384 1002 -100011.0
1004 1005 -24390.0
1005 1006 -75621.0
1005 1024 -140284.0
379 1007 -24950.0
379 1051 -279381.0
379 1006 -232345.0
379 1003 -4876.0
1007 1009 -79040.0
913 1008 -95261.0
913 1043 -258284.0
913 1042 -380929.0
1008 1017 -109622.0
233 1032 -161796.0
233 1014 -109164.0
39 1074 -375214.0
39 1015 -529200.0
703 1012 -34623.0
703 1009 -476194.0
1010 1026 -108718.0
579 1027 -108718.0
579 1010 -24974.0
1011 1016 -55583.0
182 1011 -1812.0
1012 1013 -70725.0
1012 1019 -55943.0
721 1014 -499602.0
721 1020 -55943.0
721 1013 -442921.0
594 1015 -117261.0
594 1061 -283575.0
265 1039 -145555.0
981 1016 -18754.0
981 1037 -130069.0
981 1011 -74337.0
1016 1029 -72628.0
1017 1018 -177371.0
1017 1044 -148662.0
1018 1045 -148662.0
354 1046 -148662.0
354 1018 -351097.0
1019 1123 -546102.0
143 1020 -442921.0
143 1019 -70725.0
143 1013 -55943.0
1020 1030 -60649.0
861 1021 -207117.0
861 1048 -211137.0
1021 1022 -6060.0
1021 1049 -139688.0
1022 1023 -70775.0
674 1024 -24390.0
674 1050 -134461.0
674 1023 -176854.0
674 1004 -140284.0
1024 1057 -169531.0
1025 1028 -8349.0
512 1026 -143034.0
512 1100 -429748.0
512 1025 -395280.0
512 1010 -251752.0
1026 1027 -24974.0
1026 1101 -429748.0
1027 1102 -429748.0
50 1028 -44370.0
50 1095 -414426.0
50 1025 -52719.0
383 1035 -62762.0
201 1038 -57441.0
201 1029 -179385.0
1030 1031 -167216.0
1030 1082 -290750.0
498 1032 -63960.0
498 1033 -91129.0
498 1031 -332386.0
498 1014 -116592.0
1032 1033 -27169.0
1033 1034 -7352.0
705 1060 -108588.0
705 1034 -13729.0
603 1035 -352717.0
603 1059 -339314.0
1035 1052 -68285.0
1036 1037 -33437.0
1036 1041 -296.0
156 1038 -179385.0
156 1037 -18754.0
156 1029 -57441.0
1038 1087 -290873.0
1039 1040 -269740.0
10 1041 -63507.0
10 1055 -64385.0
10 1040 -221048.0
10 1036 -63803.0
1042 1043 -122645.0
1042 1054 -24306.0
1043 1044 -95261.0
1043 1068 -89568.0
1044 1045 -177371.0
1044 1069 -89568.0
1045 1046 -351097.0
1046 1047 -136112.0
1046 1071 -89568.0
8 1091 -297694.0
8 1047 -240553.0
1048 1049 -135668.0
1049 1078 -167257.0
638 1050 -176854.0
638 1049 -71608.0
638 1023 -134461.0
1050 1056 -35070.0
744 1058 -30434.0
744 1051 -70729.0
744 1009 -246120.0
1052 1053 -89436.0
173 1054 -292058.0
173 1072 -65467.0
173 1053 -67901.0
1054 1067 -65262.0
1055 1066 -194278.0
249 1086 -226192.0
249 1055 -63507.0
249 1041 -64385.0
1056 1057 -24390.0
427 1058 -91958.0
427 1057 -286737.0
427 1051 -51663.0
370 1059 -116163.0
370 1075 -88293.0
329 1060 -13729.0
329 1063 -7168.0
329 1062 -177336.0
329 1034 -108588.0
1060 1064 -7168.0
653 1073 -79966.0
653 1061 -88274.0
653 1015 -254588.0
1062 1063 -170168.0
1062 1083 -147825.0
1063 1064 -13729.0
1064 1065 -67205.0
812 1065 -338066.0
69 1066 -51762.0
69 430 -145154.0
69 1039 -359117.0
69 1040 -89377.0
64 1056 -51582.0
64 1057 -27192.0
1067 1068 -122645.0
1068 1069 -95261.0
1069 1070 -165138.0
1069 1104 -231574.0
1070 1105 -231574.0
616 1071 -351097.0
616 1137 -420915.0
616 1070 -12233.0
616 1045 -89568.0
1071 1090 -340407.0
54 1072 -67901.0
54 1052 -154903.0
54 1053 -65467.0
1072 1103 -235531.0
1073 1147 -456979.0
566 1074 -357059.0
566 1073 -131481.0
1074 1081 -229777.0
1075 1076 -13763.0
1076 1077 -97692.0
1077 1079 -54207.0
738 1080 -54207.0
738 1077 -4708.0
738 1059 -88293.0
430 1066 -93392.0
75 1078 -135668.0
75 1119 -196259.0
75 1048 -167257.0
533 1079 -97692.0
533 1075 -67970.0
533 1076 -54207.0
1079 1080 -4708.0
1079 1084 -23301.0
1080 1085 -23301.0
867 1058 -223453.0
1081 1092 -107167.0
455 1093 -107167.0
455 1081 -116376.0
1082 1132 -371852.0
332 1083 -233530.0
332 1134 -278167.0
332 1082 -167216.0
332 1031 -290750.0
1084 1085 -4708.0
1084 1111 -127688.0
222 1112 -127688.0
222 1085 -38640.0
856 1088 -57692.0
856 1067 -144274.0
1086 1087 -231576.0
1086 1089 -94692.0
220 1118 -108767.0
220 1087 -81188.0
739 1088 -177088.0
316 1089 -97255.0
316 1116 -73340.0
316 430 -219508.0
1089 1117 -73340.0
1090 1096 -9592.0
44 1091 -240553.0
44 1097 -9592.0
44 1090 -3831.0
44 1047 -297694.0
1091 1098 -9592.0
1092 1093 -116376.0
1092 1106 -24820.0
1093 1094 -205014.0
1093 1107 -24820.0
1094 1095 -207849.0
1094 1108 -24820.0
680 1109 -24820.0
680 1095 -44370.0
680 1028 -414426.0
1096 1097 -3831.0
1097 1098 -240553.0
863 1098 -152369.0
1099 1100 -167922.0
1099 1113 -47928.0
1099 1110 -55509.0
1100 1101 -143034.0
1101 1102 -24974.0
1101 1114 -47928.0
90 1115 -47928.0
90 1102 -7195.0
367 1103 -83763.0
367 739 -41621.0
204 1104 -163256.0
204 1151 -440939.0
204 1088 -84258.0
1104 1105 -165138.0
1104 1151 -277683.0
1105 1136 -189341.0
1106 1107 -116376.0
1107 1108 -205014.0
1108 1109 -252219.0
1108 1124 -69716.0
922 1110 -79432.0
922 1109 -110264.0
895 1111 -13253.0
1111 1112 -43348.0
1111 1165 -338719.0
1112 1166 -338719.0
119 1113 -37662.0
119 1156 -302894.0
119 922 -109513.0
119 1110 -30081.0
1113 1114 -310956.0
1113 1156 -265232.0
1114 1115 -32169.0
1114 1141 -169611.0
1115 1125 -122516.0
1116 1117 -97255.0
1116 1148 -219097.0
1117 1118 -372029.0
627 1119 -447375.0
627 1120 -7629.0
627 1118 -137194.0
1119 1122 -7629.0
1120 1121 -341423.0
1120 1184 -419758.0
1121 1122 -105952.0
60 1180 -380604.0
60 1122 -135668.0
60 1078 -203888.0
426 1123 -265586.0
426 1130 -197977.0
426 867 -310425.0
164 1139 -125644.0
164 1096 -77553.0
91 1124 -321390.0
91 1168 -316377.0
91 1106 -69716.0
899 1124 -8694.0
1125 1126 -64625.0
1126 1127 -517.0
982 1128 -517.0
982 1126 -7576.0
1127 1128 -7576.0
1127 1143 -108617.0
1128 1129 -265449.0
1129 1162 -242380.0
908 1129 -22347.0
167 1150 -169248.0
167 1130 -112516.0
167 1123 -44907.0
33 1131 -11459.0
33 1065 -381239.0
1131 1135 -49349.0
67 1131 -122136.0
1132 1133 -80847.0
1133 1134 -180054.0
1133 1155 -120631.0
1134 1192 -344838.0
374 1135 -235047.0
374 1140 -38481.0
374 1134 -233530.0
374 1083 -278167.0
1136 1137 -12233.0
1137 1138 -44220.0
1138 1146 -75342.0
244 1139 -216654.0
244 1138 -222504.0
556 1103 -209250.0
1140 1229 -522225.0
1140 1193 -378870.0
331 1217 -479073.0
331 1140 -235047.0
331 1135 -38481.0
1141 1142 -70995.0
1142 1144 -56178.0
136 1143 -64625.0
136 1145 -56178.0
136 1142 -23213.0
136 1125 -109134.0
438 1139 -46521.0
1144 1145 -23213.0
1144 1157 -39443.0
622 1161 -77585.0
622 1145 -64625.0
622 1143 -56178.0
874 1146 -56453.0
874 1136 -75342.0
835 1147 -83319.0
835 1061 -531990.0
1148 1183 -393983.0
916 1197 -284697.0
916 1148 -97255.0
916 1117 -219097.0
1149 1169 -119502.0
125 1150 -112516.0
125 1170 -119502.0
125 1149 -74153.0
125 1130 -169248.0
1150 1153 -8362.0
1151 1152 -24256.0
123 1152 -119913.0
123 874 -33969.0
1153 1154 -90331.0
1153 1171 -111140.0
5 1155 -80847.0
5 1191 -224207.0
5 1154 -348052.0
5 1132 -120631.0
323 1157 -70995.0
323 1158 -38142.0
323 1156 -310956.0
323 1141 -95621.0
1157 1159 -38142.0
1158 1159 -70995.0
1158 1163 -8408.0
1159 1160 -57171.0
1160 1161 -30667.0
1160 1164 -8408.0
963 1162 -168747.0
963 1176 -96048.0
963 1161 -104278.0
1163 1172 -137048.0
521 1164 -57171.0
521 1174 -87640.0
521 1163 -70995.0
521 1159 -8408.0
1164 1175 -87640.0
623 1167 -39545.0
1165 1166 -43348.0
1165 1214 -272690.0
934 1166 -86059.0
1167 1182 -68272.0
763 1168 -266384.0
763 1167 -93418.0
1168 1181 -88952.0
1169 1170 -74153.0
1169 1188 -113067.0
1170 1171 -112516.0
186 1189 -113067.0
186 1171 -90331.0
186 1154 -111140.0
196 1178 -19659.0
196 1121 -360945.0
699 1172 -253764.0
699 1173 -261548.0
699 1156 -126406.0
1172 1173 -7784.0
36 385 -198586.0
36 835 -250205.0
36 1147 -166886.0
1173 1174 -128187.0
1173 1199 -140269.0
1174 1175 -57171.0
1174 1201 -140269.0
1175 1176 -134945.0
496 1194 -148846.0
496 1176 -168747.0
496 1162 -96048.0
1177 1178 -20775.0
1177 1187 -40527.0
1177 1185 -85612.0
1178 1179 -177104.0
1179 1180 -64516.0
457 1180 -3507.0
882 1181 -15609.0
385 1182 -97062.0
707 1205 -139815.0
707 1152 -174855.0
169 1183 -260241.0
169 1195 -279660.0
169 907 -420408.0
1184 1203 -101155.0
938 1185 -203465.0
938 1186 -1373.0
938 1184 -70725.0
1186 1204 -167177.0
76 1187 -46458.0
76 1186 -203465.0
76 1185 -1373.0
1188 1189 -277000.0
1188 1198 -49195.0
1189 1190 -126891.0
1189 1209 -99133.0
1190 1191 -221161.0
544 1192 -180054.0
544 1210 -99133.0
544 1191 -80847.0
544 1155 -224207.0
1192 1193 -161017.0
1192 1227 -215868.0
610 1253 -422596.0
610 1215 -188053.0
610 1179 -87906.0
99 828 -137563.0
99 1194 -224279.0
1195 1196 -23140.0
1196 1241 -274129.0
546 1197 -304175.0
546 1196 -55075.0
546 1183 -97634.0
1197 1202 -158773.0
468 1198 -16940.0
468 1207 -49938.0
468 1149 -298704.0
1198 1208 -49938.0
1199 1200 -70279.0
1200 1201 -57908.0
1200 1206 -29453.0
23 1201 -57171.0
23 1175 -140269.0
98 1203 -78666.0
98 1202 -296532.0
1203 1204 -3330.0
184 1202 -12035.0
473 1212 -324397.0
473 1205 -197335.0
473 1146 -327670.0
935 1211 -16248.0
557 1206 -70279.0
557 1231 -148099.0
557 1199 -29453.0
1207 1208 -16940.0
1207 1223 -107625.0
1208 1209 -277000.0
292 1210 -302008.0
292 1209 -126891.0
292 1190 -99133.0
1210 1226 -116735.0
7 492 -73528.0
1211 1219 -244398.0
110 637 -90546.0
110 1211 -128145.0
1212 1213 -74718.0
1213 1242 -224133.0
492 1213 -79677.0
617 1194 -82690.0
828 1214 -125448.0
971 1203 -57158.0
971 1204 -53828.0
637 1220 -76464.0
311 1245 -251420.0
311 1182 -210958.0
229 1215 -156521.0
229 1187 -194074.0
1216 1217 -68373.0
1216 1236 -75147.0
1216 1230 -194816.0
1217 1218 -67949.0
1217 1237 -75147.0
1218 1238 -75147.0
187 1251 -246685.0
187 1218 -107105.0
253 1219 -22065.0
392 821 -173793.0
392 1181 -257868.0
1220 1221 -73543.0
1220 1224 -57183.0
1221 1222 -406.0
1222 1223 -104894.0
1222 1225 -8530.0
998 1223 -16940.0
998 1208 -107625.0
336 1225 -406.0
336 832 -6058.0
336 1224 -24890.0
336 1221 -8530.0
1226 1227 -180054.0
1226 1239 -179680.0
1227 1228 -17167.0
1228 1232 -31995.0
343 1229 -72513.0
343 1234 -31995.0
343 1228 -143850.0
343 1193 -215868.0
1229 1230 -15010.0
1229 1235 -31995.0
832 1225 -5652.0
706 1205 -168563.0
81 1231 -70279.0
81 1206 -148099.0
1232 1233 -131533.0
1233 1234 -12317.0
1233 1240 -28637.0
1234 1235 -72513.0
21 1236 -151664.0
21 1248 -171538.0
21 1235 -15010.0
21 1230 -31995.0
1236 1237 -68373.0
1236 1249 -171538.0
1237 1238 -67949.0
1237 1250 -171538.0
819 821 -213879.0
55 1240 -131533.0
55 1243 -91995.0
55 1239 -78173.0
55 1232 -28637.0
1240 1264 -389189.0
486 1241 -23140.0
486 506 -332640.0
486 1195 -274129.0
596 1242 -74718.0
596 1252 -102362.0
596 1212 -224133.0
577 1219 -152638.0
308 1247 -54967.0
308 1231 -155900.0
745 1243 -78173.0
745 1290 -378700.0
745 1289 -392917.0
745 1239 -91995.0
1243 1268 -306991.0
724 1256 -155819.0
1244 1259 -146476.0
154 1244 -63062.0
154 706 -295767.0
598 1245 -201864.0
598 970 -452451.0
734 1254 -136952.0
734 1214 -276306.0
324 1246 -173798.0
785 1245 -205097.0
413 1247 -138147.0
413 1246 -20396.0
1248 1249 -151664.0
1248 1266 -246288.0
1248 1265 -284005.0
1249 1250 -68373.0
1249 1267 -246288.0
1250 1284 -297167.0
593 1251 -107105.0
593 1286 -297167.0
593 1250 -67949.0
593 1238 -171538.0
1251 1287 -297167.0
337 1252 -61853.0
337 1242 -89497.0
815 1246 -19761.0
950 1253 -41358.0
950 1296 -314786.0
950 1215 -275901.0
1253 1297 -314786.0
409 1275 -231006.0
409 1252 -59049.0
489 1260 -75353.0
489 1224 -275012.0
767 1261 -196105.0
1254 1255 -200998.0
841 1256 -23072.0
841 1255 -472494.0
1256 1257 -1794.0
1257 1258 -46470.0
852 1259 -168392.0
852 1274 -164000.0
852 1258 -165478.0
852 1244 -314868.0
181 1260 -244020.0
181 1262 -181434.0
189 1340 -199253.0
221 1261 -304414.0
221 1272 -70857.0
221 1271 -90555.0
221 1247 -213731.0
926 1276 -89964.0
1262 1263 -109826.0
1263 1335 -163099.0
661 1263 -16210.0
661 1260 -63450.0
506 1344 -193560.0
506 1241 -309500.0
592 719 -155241.0
592 1257 -143199.0
592 1258 -96729.0
902 1265 -17051.0
902 1270 -9797.0
902 1264 -45072.0
1265 1266 -37717.0
1265 1281 -50879.0
1266 1267 -151664.0
1266 1282 -50879.0
1267 1283 -50879.0
1268 1269 -23901.0
1268 1291 -71709.0
1269 1278 -41082.0
671 1270 -45072.0
671 1279 -41082.0
671 1269 -107632.0
671 1264 -9797.0
1270 1280 -41082.0
1271 1272 -19698.0
1271 1316 -77178.0
1272 1273 -144682.0
827 1439 -515644.0
827 1273 -159732.0
827 1261 -70857.0
719 1274 -77508.0
1274 1293 -200394.0
522 1275 -65172.0
522 875 -212493.0
1276 1277 -102462.0
1276 1349 -151959.0
1277 1350 -151959.0
14 1294 -38928.0
14 1277 -233924.0
1278 1279 -107632.0
1278 1292 -30627.0
1279 1280 -45072.0
1279 1306 -47438.0
1280 1281 -17051.0
1280 1307 -47438.0
1281 1282 -37717.0
1281 1308 -47438.0
1282 1283 -151664.0
1282 1309 -47438.0
1283 1284 -68373.0
1284 1285 -47708.0
1284 1311 -47438.0
1285 1286 -20241.0
1285 1312 -47438.0
1286 1287 -107105.0
1286 1313 -47438.0
1287 1288 -82953.0
1287 1314 -47438.0
1288 1315 -47438.0
777 1328 -53145.0
777 1288 -71459.0
289 885 -39289.0
505 1383 -264959.0
505 1275 -98704.0
885 1299 -26679.0
729 1289 -149042.0
729 1300 -16811.0
1289 1290 -14217.0
1289 1302 -16811.0
1290 1291 -78173.0
1290 1303 -16811.0
1291 1292 -23901.0
1291 1304 -16811.0
1292 1305 -16811.0
1293 1337 -46205.0
317 1338 -46205.0
317 1293 -19161.0
317 1259 -215163.0
1294 1295 -224817.0
1294 1351 -113031.0
1295 1296 -207421.0
1296 1297 -41358.0
1296 1352 -113031.0
1297 1298 -1628.0
1297 1353 -113031.0
1298 1354 -113031.0
775 1368 -169920.0
775 1298 -3328.0
1299 1375 -178038.0
760 940 -150499.0
760 1299 -186046.0
400 1453 -531776.0
400 1254 -425095.0
400 1255 -224097.0
1300 1301 -43207.0
1300 1329 -20620.0
1301 1302 -105835.0
1301 1330 -20620.0
1302 1303 -14217.0
1302 1331 -20620.0
1303 1304 -78173.0
1303 1332 -20620.0
1304 1305 -23901.0
1304 1333 -20620.0
1305 1306 -107632.0
1305 1317 -5707.0
1306 1307 -45072.0
1306 1318 -5707.0
1307 1308 -17051.0
1307 1319 -5707.0
1308 1309 -37717.0
1308 1320 -5707.0
1309 1310 -96152.0
1310 1321 -5707.0
797 1311 -68373.0
797 1322 -5707.0
797 1310 -55512.0
797 1283 -47438.0
1311 1312 -47708.0
1311 1323 -5707.0
1312 1313 -20241.0
1312 1324 -5707.0
1313 1314 -107105.0
1313 1325 -5707.0
1314 1315 -82953.0
1314 1326 -5707.0
171 1316 -124923.0
171 1345 -60836.0
171 1336 -156928.0
1317 1318 -107632.0
1318 1319 -45072.0
1318 1334 -14913.0
1319 1320 -17051.0
1319 1359 -126841.0
1320 1321 -133869.0
1320 1360 -126841.0
1321 1322 -55512.0
1322 1323 -68373.0
1322 1348 -86426.0
1323 1324 -47708.0
1324 1325 -20241.0
1325 1326 -107105.0
1326 1327 -8720.0
1326 1391 -239827.0
1327 1392 -239827.0
97 1328 -71459.0
97 1393 -239827.0
97 1327 -74233.0
97 1315 -5707.0
1328 1423 -371336.0
1329 1330 -43207.0
1329 1363 -124465.0
1330 1331 -105835.0
1330 1355 -111928.0
1331 1332 -14217.0
1331 1356 -111928.0
1332 1333 -78173.0
51 1334 -107632.0
51 1357 -111928.0
51 1333 -23901.0
51 1317 -14913.0
1334 1358 -111928.0
279 1335 -109826.0
279 1402 -259566.0
279 1262 -163099.0
161 1336 -169739.0
161 1369 -132846.0
161 945 -387705.0
1337 1338 -19161.0
1338 1339 -271607.0
1338 1342 -14117.0
1339 1340 -125652.0
1339 1343 -14117.0
1340 1341 -21596.0
1340 1347 -38390.0
875 1341 -117014.0
650 1379 -135351.0
542 1342 -19161.0
542 1346 -43434.0
542 1337 -14117.0
1342 1343 -271607.0
1342 1346 -24273.0
940 1344 -92263.0
1344 1365 -109946.0
1345 1372 -175002.0
341 1373 -93369.0
341 1345 -124923.0
341 1316 -60836.0
804 1347 -125652.0
804 1346 -271607.0
804 1343 -24273.0
1347 1374 -89715.0
570 1348 -55512.0
570 1361 -40415.0
570 1321 -86426.0
1348 1389 -153401.0
1349 1350 -102462.0
1349 1366 -51328.0
1350 1351 -233924.0
128 1352 -207421.0
128 1351 -224817.0
128 1295 -113031.0
1352 1353 -41358.0
1352 1367 -98247.0
1353 1354 -1628.0
1353 1367 -56889.0
1355 1356 -105835.0
1356 1357 -116291.0
1356 1364 -12537.0
1357 1358 -107632.0
1357 1398 -142861.0
1358 1359 -45072.0
1359 1360 -17051.0
1360 1386 -112986.0
310 1361 -37949.0
310 1387 -112986.0
310 1360 -95920.0
310 570 -78364.0
1361 1388 -112986.0
1362 1363 -1532.0
1362 1377 -32335.0
868 1364 -105835.0
868 1378 -32335.0
868 1363 -43207.0
868 1355 -12537.0
1364 1396 -130324.0
327 1366 -281312.0
327 1365 -282657.0
327 1349 -332640.0
796 1368 -3328.0
796 1409 -198730.0
796 1367 -1628.0
796 1354 -56889.0
1368 1409 -195402.0
1369 1370 -75920.0
1370 1371 -22999.0
1371 1380 -29142.0
270 1372 -53936.0
270 1382 -50921.0
270 1371 -70820.0
270 1336 -132846.0
1372 1373 -206556.0
1372 1437 -284261.0
1373 1438 -284261.0
670 1374 -19319.0
670 1341 -125828.0
386 1375 -307560.0
386 629 -64438.0
1376 1404 -114699.0
611 1377 -204170.0
611 1376 -6669.0
611 1362 -236505.0
1377 1378 -44739.0
1377 1432 -253295.0
1378 1405 -163789.0
1379 1385 -143126.0
629 1379 -18140.0
915 1365 -33962.0
442 1380 -22999.0
442 1381 -41204.0
442 1369 -105062.0
442 1370 -29142.0
195 1382 -70820.0
195 1464 -378127.0
195 1381 -3574.0
195 1380 -21779.0
1382 1436 -233340.0
1383 1384 -3603.0
959 1385 -131874.0
959 1394 -44599.0
959 1384 -153268.0
1386 1387 -95920.0
1387 1388 -37949.0
1388 1389 -55512.0
1389 1390 -17694.0
1390 1400 -29875.0
419 1391 -127346.0
419 1419 -131509.0
419 1390 -98387.0
419 1324 -239827.0
1391 1392 -8720.0
1391 1420 -131509.0
1392 1393 -74233.0
1392 1421 -131509.0
1393 1422 -131509.0
495 640 -156837.0
495 1366 -195398.0
495 1350 -144264.0
25 970 -411849.0
480 1375 -95821.0
1394 1395 -95982.0
1394 1401 -21472.0
1395 1444 -203935.0
378 1395 -35892.0
378 1385 -44599.0
1396 1397 -87677.0
1397 1398 -28614.0
1397 1406 -42455.0
1398 1399 -99666.0
1399 1407 -42455.0
155 1400 -207075.0
155 1408 -42455.0
155 1399 -70089.0
155 1386 -29875.0
1400 1418 -101634.0
238 1401 -149618.0
238 1443 -195869.0
238 1383 -66024.0
238 1384 -62421.0
1402 1403 -43367.0
1402 1411 -70356.0
1403 1412 -70356.0
772 1413 -70356.0
772 1403 -66459.0
772 1335 -259566.0
718 1404 -40606.0
718 1425 -113086.0
718 1376 -155305.0
1404 1447 -197193.0
1405 1426 -112364.0
925 1406 -87677.0
925 1414 -59179.0
925 1405 -82490.0
925 1396 -42455.0
1406 1407 -128280.0
1406 1415 -59179.0
1407 1408 -70089.0
1407 1416 -59179.0
1408 1417 -59179.0
1409 1410 -168670.0
510 1411 -284173.0
510 1460 -223430.0
510 1410 -252950.0
510 1402 -354529.0
1411 1412 -43367.0
1411 1467 -286921.0
1412 1413 -66459.0
1412 1467 -243554.0
1413 1440 -95168.0
1414 1415 -87677.0
1414 1427 -53185.0
1415 1416 -128280.0
1415 1428 -53185.0
1416 1417 -70089.0
1416 1429 -53185.0
1417 1418 -207075.0
1417 1430 -53185.0
1418 1419 -98387.0
1419 1420 -127346.0
1420 1421 -8720.0
1421 1422 -74233.0
1421 1431 -53185.0
1422 1423 -71459.0
226 1423 -40163.0
1424 1442 -44830.0
434 1425 -176355.0
434 1424 -21487.0
434 718 -289441.0
1425 1446 -84107.0
1426 1427 -82490.0
1427 1428 -87677.0
1427 1435 -487.0
1428 1429 -128280.0
1429 1430 -70089.0
1429 1482 -203201.0
507 1431 -234453.0
507 1493 -227436.0
507 1430 -207075.0
507 1418 -53185.0
1432 1433 -21658.0
1433 1434 -18284.0
1433 1448 -58597.0
1434 1449 -58597.0
881 1435 -82490.0
881 1434 -28142.0
881 1426 -487.0
1435 1481 -202714.0
1436 1437 -53936.0
1436 1465 -144787.0
1437 1438 -206556.0
1437 1466 -144787.0
814 1439 -159732.0
814 1461 -134830.0
814 1438 -164380.0
814 1273 -515644.0
1439 1462 -134830.0
1440 1441 -32967.0
1440 1468 -148386.0
134 1442 -23212.0
134 1450 -65217.0
134 1441 -321281.0
134 1424 -68042.0
346 769 -50368.0
346 1443 -129117.0
346 1401 -175368.0
769 1444 -60009.0
769 1445 -500.0
1445 1501 -212807.0
157 1536 -304948.0
157 1445 -60009.0
157 1444 -500.0
1446 1447 -40606.0
1446 1451 -25940.0
1447 1452 -25940.0
291 1448 -21658.0
291 1487 -145924.0
291 1447 -210839.0
291 1432 -58597.0
1448 1449 -18284.0
1448 1479 -144117.0
1449 1480 -144117.0
896 1374 -336834.0
1450 1469 -249519.0
743 1451 -197842.0
743 1485 -119984.0
743 1450 -23212.0
743 1442 -65217.0
1451 1452 -40606.0
1451 1486 -119984.0
1453 1475 -111884.0
864 1454 -5425.0
864 1453 -70069.0
1454 1455 -131253.0
1454 1476 -93528.0
381 1456 -10152.0
381 1455 -320293.0
1456 1470 -353020.0
774 1457 -12606.0
774 1456 -54321.0
1457 1458 -466337.0
1457 1471 -55659.0
1458 1459 -12626.0
1459 1473 -55659.0
484 1474 -55659.0
484 1459 -219985.0
484 896 -58790.0
78 1460 -252950.0
78 1547 -224522.0
78 1410 -223430.0
1460 1521 -147150.0
1461 1462 -159732.0
1461 1515 -134052.0
1462 1463 -36049.0
95 1478 -52281.0
95 1463 -147737.0
664 1464 -3574.0
664 1511 -124095.0
664 1381 -378127.0
1464 1465 -70820.0
1464 1512 -124095.0
1465 1466 -53936.0
1465 1513 -124095.0
1466 1514 -124095.0
1467 1468 -66459.0
1467 1502 -88293.0
523 1469 -154931.0
523 1483 -36815.0
523 1468 -32967.0
523 1441 -148386.0
1469 1484 -36815.0
1470 1471 -339076.0
1470 1477 -15111.0
1471 1472 -310321.0
1471 1525 -147741.0
924 1473 -12626.0
924 1528 -147741.0
924 1472 -156016.0
924 1458 -55659.0
1473 1474 -219985.0
1474 1499 -72010.0
1475 1476 -83000.0
1476 1510 -70647.0
408 1477 -35538.0
408 1523 -132630.0
408 1476 -131253.0
408 1455 -93528.0
1477 1524 -132630.0
1478 1505 -169940.0
923 1506 -65957.0
923 1478 -23632.0
1479 1480 -18284.0
1479 1489 -24235.0
1480 1481 -110632.0
1480 1490 -24235.0
589 1482 -128280.0
589 1491 -24235.0
589 1481 -87677.0
589 1428 -203201.0
1482 1492 -24235.0
1483 1484 -154931.0
1483 1503 -51478.0
1484 1485 -189562.0
1485 1486 -197842.0
1485 1504 -51478.0
138 1487 -210839.0
138 1537 -149183.0
138 1486 -40606.0
138 1452 -119984.0
1487 1488 -22428.0
1488 1489 -21658.0
1488 1495 -5144.0
1489 1490 -18284.0
1489 1496 -5144.0
1490 1491 -198309.0
1490 1497 -5144.0
1491 1492 -128280.0
1491 1498 -5144.0
1492 1493 -277164.0
1493 1494 -92406.0
725 1494 -142047.0
725 1431 -227436.0
1495 1496 -21658.0
1495 1538 -121611.0
1496 1497 -18284.0
1497 1498 -198309.0
1497 1540 -121611.0
590 1498 -128280.0
590 1492 -5144.0
1499 1500 -241080.0
1499 1518 -41539.0
969 1501 -168740.0
969 1520 -41539.0
969 1500 -204501.0
969 1443 -224052.0
1501 1535 -92141.0
1502 1503 -99426.0
648 1504 -189562.0
648 1503 -154931.0
648 1484 -51478.0
1504 1575 -300756.0
245 1585 -304147.0
245 1584 -469713.0
1505 1506 -127615.0
1505 1517 -15814.0
1506 1507 -312620.0
1506 1531 -69298.0
1507 1508 -265258.0
1508 1509 -42032.0
1508 1532 -73378.0
1509 1533 -73378.0
643 1510 -83000.0
643 1534 -73378.0
643 1509 -32818.0
643 1475 -70647.0
1510 1542 -90371.0
1511 1512 -3574.0
1511 1562 -220220.0
1512 1513 -70820.0
1512 1552 -124812.0
1513 1514 -53936.0
1513 1553 -124812.0
1514 1515 -370936.0
1514 1554 -124812.0
1515 1516 -94059.0
1516 1529 -53484.0
732 1517 -43754.0
732 1530 -53484.0
732 1516 -101722.0
732 1463 -134052.0
1518 1519 -70855.0
1518 1582 -249103.0
118 1520 -204501.0
118 1519 -170225.0
118 1500 -41539.0
1520 1535 -219342.0
1521 1522 -59616.0
1521 1548 -77372.0
826 1522 -267924.0
826 1502 -38733.0
1523 1524 -35538.0
1523 1544 -28388.0
1524 1525 -339076.0
1525 1526 -93497.0
1525 1546 -28388.0
1526 1527 -216515.0
1527 1571 -192256.0
872 1528 -156016.0
872 1572 -192256.0
872 1527 -309.0
872 1472 -147741.0
1528 1581 -214911.0
1529 1530 -101722.0
527 1531 -127615.0
527 1530 -43754.0
527 1517 -53484.0
529 1532 -265258.0
529 1531 -316700.0
529 1507 -73378.0
1532 1533 -42032.0
1532 1587 -237066.0
1533 1534 -32818.0
1533 1588 -237066.0
1534 1541 -16993.0
31 1536 -16590.0
31 1555 -100460.0
31 1535 -43419.0
1536 1556 -100460.0
1537 1538 -210839.0
1538 1539 -5463.0
1538 1577 -179460.0
1539 1578 -179460.0
432 1540 -18284.0
432 1597 -245852.0
432 1539 -16195.0
432 1496 -121611.0
1541 1542 -83000.0
1541 1550 -129087.0
1542 1543 -56544.0
1542 1550 -46087.0
1543 1544 -74709.0
1543 1551 -46087.0
1544 1545 -33276.0
644 1546 -339076.0
644 1545 -2262.0
644 1524 -28388.0
1546 1570 -163868.0
1547 1548 -252950.0
1547 1558 -121855.0
1548 1549 -2253.0
462 1549 -57363.0
462 1522 -77372.0
1550 1551 -56544.0
1551 1568 -117781.0
280 1569 -117781.0
280 1551 -107985.0
280 1545 -46087.0
1552 1553 -70820.0
1552 1562 -91834.0
1553 1554 -53936.0
1553 1563 -91834.0
112 1554 -464995.0
112 1529 -71328.0
1555 1556 -16590.0
1555 1565 -55656.0
1556 1557 -140506.0
1556 1566 -55656.0
1557 1559 -36828.0
380 1561 -36828.0
380 1557 -208206.0
294 1558 -61104.0
294 1601 -152354.0
1559 1560 -59022.0
1560 1561 -149184.0
1560 1567 -18828.0
614 1561 -87055.0
107 1573 -41129.0
63 914 -92100.0
1562 1563 -70820.0
1563 1564 -33235.0
795 1574 -28714.0
795 1564 -20701.0
795 1554 -91834.0
1565 1566 -16590.0
1565 1621 -442961.0
151 1567 -59022.0
151 1644 -466713.0
151 1566 -140506.0
151 1559 -18828.0
1568 1569 -107985.0
1569 1570 -341338.0
575 1571 -216515.0
575 1639 -408702.0
575 1570 -93497.0
575 1526 -192256.0
1571 1572 -309.0
1571 1579 -22655.0
1572 1580 -22655.0
914 1573 -412825.0
464 1574 -20701.0
464 1583 -41276.0
464 1564 -28714.0
1574 1583 -20575.0
1575 1576 -100025.0
1576 1590 -54315.0
19 1577 -238536.0
19 1591 -54315.0
19 1576 -87135.0
19 1537 -207157.0
1577 1578 -5463.0
1577 1595 -66392.0
1578 1596 -66392.0
1579 1580 -309.0
1579 1626 -297743.0
1580 1581 -156016.0
465 1582 -219985.0
465 1628 -297743.0
465 1581 -12626.0
465 1473 -362652.0
130 454 -124031.0
130 1583 -25658.0
451 1584 -124920.0
451 551 -137926.0
451 614 -408232.0
887 1599 -52071.0
887 1586 -68054.0
551 1585 -178572.0
551 1584 -13006.0
1585 1604 -315698.0
62 1586 -98380.0
62 1598 -131911.0
1586 1598 -33531.0
1587 1588 -42032.0
1588 1589 -64812.0
1588 1630 -288021.0
1589 1631 -288021.0
212 1589 -107550.0
212 1568 -56205.0
565 1590 -100025.0
565 1592 -12077.0
565 1575 -54315.0
1590 1591 -87135.0
1590 1593 -12077.0
1591 1594 -12077.0
1592 1593 -100025.0
1592 1610 -101886.0
1593 1594 -87135.0
1593 1602 -9217.0
1594 1595 -238536.0
1594 1603 -9217.0
1595 1596 -5463.0
1596 1597 -16195.0
531 1597 -18284.0
531 1540 -245852.0
1598 1599 -49514.0
1598 1606 -63275.0
1599 1600 -92422.0
1600 1601 -81387.0
639 1607 -63275.0
639 1601 -61104.0
639 1558 -152354.0
387 1605 -10258.0
1602 1603 -87135.0
991 1603 -243999.0
991 1596 -9217.0
702 1605 -85564.0
702 1604 -162264.0
569 1609 -65760.0
569 1549 -270492.0
435 1607 -142491.0
435 1606 -141936.0
435 1600 -63275.0
978 1606 -2202.0
17 1608 -45090.0
17 1607 -29180.0
883 1632 -215058.0
883 1494 -450569.0
862 1612 -34111.0
862 1611 -88818.0
359 1609 -109378.0
359 1608 -127669.0
358 368 -84513.0
1610 1625 -228480.0
704 1676 -382356.0
704 1610 -100025.0
704 1602 -92669.0
897 1611 -279333.0
897 1573 -205157.0
1611 1612 -54707.0
1611 1615 -67002.0
1612 1616 -67002.0
1613 1624 -84492.0
860 1613 -16028.0
860 1604 -128197.0
368 1619 -64630.0
859 1620 -65523.0
859 1582 -279877.0
859 1519 -458125.0
1614 1636 -138931.0
1614 1618 -96007.0
849 1637 -138931.0
849 1614 -13488.0
849 978 -127875.0
1615 1616 -54707.0
1615 1622 -43954.0
1616 1623 -43954.0
735 1616 -218962.0
364 466 -131492.0
364 1608 -101474.0
153 1638 -106156.0
183 1617 -120816.0
183 1605 -217060.0
1617 1634 -100624.0
461 1618 -220354.0
461 1635 -100624.0
461 1617 -48354.0
382 1633 -137373.0
382 1609 -115332.0
256 1619 -25868.0
256 401 -145973.0
494 1621 -210708.0
494 1641 -149783.0
494 1620 -250146.0
1621 1642 -149783.0
600 1622 -42902.0
1622 1623 -54707.0
1622 1677 -267803.0
1623 1678 -267803.0
957 1624 -2957.0
957 1613 -87449.0
930 1625 -201495.0
930 1675 -253475.0
930 1619 -175029.0
401 469 -74040.0
1626 1627 -89898.0
1626 1640 -88304.0
1627 1628 -79053.0
1628 1629 -19541.0
1628 1658 -185707.0
1629 1659 -185707.0
912 1629 -225262.0
912 1620 -69235.0
160 283 -179067.0
636 1630 -42032.0
636 1652 -158285.0
636 1587 -288021.0
1630 1631 -64812.0
1630 1653 -158285.0
547 1646 -113704.0
283 1632 -162382.0
469 1633 -141993.0
1634 1635 -48354.0
4 1636 -57700.0
4 1635 -220354.0
4 1618 -100624.0
1636 1637 -13488.0
1636 1684 -253375.0
1637 1685 -253375.0
1638 1654 -237740.0
526 1638 -153204.0
526 1632 -38651.0
466 1713 -363371.0
466 1690 -350309.0
1639 1691 -253455.0
131 1640 -49857.0
131 942 -71844.0
131 1639 -166658.0
200 810 -84416.0
200 1633 -42560.0
942 1656 -75416.0
942 1640 -21987.0
904 1655 -59821.0
904 1634 -62081.0
1641 1642 -210708.0
1642 1643 -267883.0
1643 1644 -15244.0
1643 1662 -81552.0
798 1645 -8336.0
798 1644 -59022.0
798 1567 -466713.0
1645 1663 -73216.0
205 1669 -83598.0
205 1645 -123291.0
1646 1647 -125837.0
1646 1648 -18989.0
77 1649 -18989.0
77 1647 -84131.0
1648 1702 -237194.0
198 1649 -84131.0
198 1693 -182124.0
198 1648 -125837.0
198 1647 -18989.0
1649 1650 -17425.0
1650 1651 -222825.0
1650 1680 -92606.0
1651 1652 -205016.0
1651 1681 -92606.0
1652 1653 -42032.0
37 1653 -64812.0
37 1631 -158285.0
676 1654 -12596.0
878 1655 -74733.0
878 1664 -171180.0
878 904 -134554.0
1656 1657 -6530.0
1656 1660 -14682.0
806 1658 -79053.0
806 1661 -14682.0
806 1657 -83368.0
806 1627 -185707.0
1658 1659 -19541.0
1658 1701 -179320.0
1660 1692 -296497.0
227 1661 -83368.0
227 1699 -164638.0
227 1660 -6530.0
227 1657 -14682.0
1661 1700 -164638.0
347 1662 -267883.0
347 1665 -10382.0
347 1641 -292260.0
347 1642 -81552.0
1662 1663 -74266.0
1662 1666 -10382.0
1663 1667 -10382.0
720 1664 -195050.0
720 1624 -223380.0
1665 1666 -267883.0
1665 1686 -98902.0
1666 1667 -74266.0
1667 1668 -105895.0
1667 1671 -228.0
1668 1669 -17396.0
1669 1670 -35825.0
1669 1672 -228.0
1670 1673 -20962.0
931 1674 -20962.0
931 1670 -28064.0
1671 1688 -98674.0
443 1672 -17396.0
443 1689 -98674.0
443 1671 -105895.0
443 1668 -228.0
1672 1673 -56559.0
474 1654 -38615.0
1673 1674 -28064.0
612 1674 -302918.0
1675 1731 -327430.0
602 1676 -199624.0
602 1679 -220400.0
602 1675 -201495.0
602 1625 -253475.0
1676 1679 -20776.0
1677 1678 -54707.0
1677 1715 -198839.0
951 1716 -198839.0
951 1678 -7879.0
609 1664 -43916.0
288 1683 -231317.0
288 474 -54149.0
929 1679 -260147.0
1680 1681 -222825.0
1680 1694 -72093.0
1681 1682 -158878.0
1682 1695 -72093.0
537 1682 -88170.0
537 1653 -92606.0
185 1683 -252893.0
185 929 -50492.0
1684 1685 -13488.0
1684 1730 -215079.0
100 237 -62404.0
100 1685 -124245.0
1686 1687 -67943.0
1686 1732 -219032.0
389 1688 -74266.0
389 1723 -143607.0
389 1687 -199940.0
389 1666 -98902.0
1688 1689 -105895.0
1688 1707 -147144.0
1689 1708 -122991.0
237 1690 -59236.0
237 824 -122502.0
65 1691 -40310.0
65 1696 -43658.0
1691 1692 -61388.0
1691 1697 -43658.0
1692 1698 -43658.0
1693 1694 -84131.0
1693 1703 -76799.0
488 1695 -158878.0
488 1694 -222825.0
488 1681 -72093.0
1696 1697 -40310.0
1696 1720 -94121.0
1697 1698 -61388.0
1697 1705 -72321.0
1698 1699 -182047.0
1699 1700 -83368.0
1700 1701 -79053.0
322 1706 -72321.0
322 1701 -19541.0
322 1659 -179320.0
824 1711 -61901.0
824 1690 -63266.0
352 1683 -105011.0
561 1702 -76806.0
561 1704 -169188.0
561 1648 -314000.0
1702 1703 -104108.0
1702 1786 -496441.0
46 1704 -32604.0
46 1710 -27241.0
342 1706 -364009.0
342 1705 -61388.0
342 1698 -72321.0
1707 1708 -81742.0
1708 1709 -18697.0
1708 1724 -20616.0
1709 1725 -20616.0
388 1751 -201148.0
388 1709 -34524.0
388 1673 -200931.0
1710 1719 -410974.0
958 1710 -32604.0
958 1704 -27241.0
1711 1712 -51845.0
1711 1714 -6902.0
1712 1713 -60260.0
262 1713 -106968.0
414 1745 -188255.0
414 1714 -51845.0
414 1712 -6902.0
393 1753 -227889.0
1715 1716 -62586.0
1716 1717 -452543.0
1716 1726 -37790.0
1717 1718 -91030.0
1718 1727 -69772.0
933 1719 -159118.0
933 1728 -69772.0
933 1718 -71875.0
1720 1721 -10460.0
1720 1741 -117986.0
1721 1742 -117986.0
683 1721 -29850.0
683 1705 -21800.0
1722 1723 -33879.0
1722 1736 -88701.0
1722 1733 -104355.0
307 1724 -81742.0
307 1737 -88701.0
307 1723 -98419.0
307 1707 -20616.0
1724 1725 -18697.0
1724 1749 -180532.0
1725 1750 -180532.0
992 1729 -73970.0
992 1655 -330645.0
540 1726 -62586.0
540 1754 -389620.0
540 1715 -37790.0
453 1727 -91030.0
453 1738 -29037.0
453 1726 -484525.0
453 1717 -69772.0
1727 1728 -71875.0
1727 1739 -29037.0
1728 1740 -29037.0
330 1730 -158341.0
330 1744 -265067.0
330 1729 -110004.0
1730 1744 -106726.0
572 1731 -40854.0
1732 1734 -130223.0
847 1733 -137131.0
847 1735 -13276.0
847 1732 -67943.0
847 1687 -219032.0
1734 1735 -184890.0
1734 1771 -224462.0
1735 1772 -241869.0
284 1736 -28930.0
284 1746 -91831.0
284 1735 -137131.0
284 1733 -13276.0
1736 1737 -132298.0
1736 1747 -91831.0
1737 1748 -91831.0
1738 1739 -91030.0
1738 1764 -232375.0
1739 1740 -71875.0
1740 1766 -207091.0
691 1767 -207091.0
691 1740 -159118.0
691 1719 -98809.0
433 1743 -10602.0
433 1731 -37374.0
373 1741 -85040.0
373 1781 -224717.0
1741 1742 -10460.0
224 1783 -234314.0
224 1706 -182607.0
241 1743 -11038.0
241 572 -77792.0
822 1741 -29937.0
822 1742 -19477.0
1744 1755 -59707.0
949 1745 -68606.0
949 1756 -59707.0
949 1744 -241131.0
949 1714 -205016.0
1745 1757 -59707.0
1746 1747 -28930.0
1746 1758 -59040.0
1747 1748 -132298.0
1748 1749 -81742.0
1749 1750 -18697.0
1750 1751 -34524.0
1750 1759 -59040.0
298 1777 -154965.0
298 1751 -192534.0
599 1799 -307302.0
599 1743 -165909.0
1752 1753 -70523.0
1752 1778 -120346.0
688 1754 -241881.0
688 1753 -220085.0
792 1760 -18478.0
792 1729 -157585.0
1755 1756 -241131.0
1756 1757 -68606.0
372 1757 -25419.0
1758 1773 -163633.0
333 1759 -232737.0
333 1776 -95925.0
333 1758 -28930.0
333 1747 -59040.0
1760 1761 -84956.0
1760 1795 -228689.0
630 1761 -183389.0
630 1755 -9630.0
258 1763 -20592.0
418 1779 -92473.0
418 1695 -362566.0
1762 1768 -38976.0
276 1763 -275794.0
276 1769 -38976.0
276 1762 -7901.0
1763 1770 -55260.0
1764 1765 -17948.0
1765 1805 -265461.0
132 1766 -71875.0
132 1790 -162954.0
132 1765 -47798.0
132 1739 -207091.0
1766 1767 -159118.0
1766 1791 -162954.0
1767 1792 -162954.0
947 1768 -163658.0
947 1762 -202634.0
1768 1769 -7901.0
1768 1793 -165343.0
1769 1784 -189594.0
694 1770 -76032.0
12 1771 -19063.0
12 979 -36470.0
979 1772 -184890.0
979 1774 -189817.0
979 1771 -17407.0
1772 1773 -64496.0
1772 1774 -4927.0
1773 1775 -4927.0
1774 1775 -64496.0
1775 1776 -101565.0
301 1777 -227058.0
301 1788 -96276.0
301 1776 -232737.0
301 1759 -95925.0
1777 1789 -96276.0
747 1778 -16788.0
747 1752 -137134.0
1779 1780 -7912.0
1779 1804 -196621.0
191 1781 -203980.0
191 1780 -445720.0
1781 1787 -104559.0
1782 1785 -17688.0
811 1782 -6349.0
811 1770 -39515.0
403 1783 -23686.0
16 1785 -12587.0
16 1794 -103954.0
16 1784 -140751.0
16 1782 -30275.0
1785 1802 -160485.0
85 1786 -40910.0
85 1703 -433243.0
839 1787 -4027.0
309 1796 -82030.0
309 372 -224054.0
417 1801 -104726.0
417 1786 -46119.0
1788 1789 -227058.0
1788 1810 -154341.0
1788 1809 -183064.0
711 1797 -65299.0
711 1789 -282780.0
730 1808 -121004.0
730 954 -147705.0
730 1787 -46139.0
1790 1791 -71875.0
1790 1806 -102507.0
1791 1792 -159118.0
1791 1807 -102507.0
178 1816 -182647.0
178 1792 -40992.0
1793 1833 -278375.0
845 1794 -140751.0
845 1793 -136106.0
845 1784 -103954.0
1794 1802 -69118.0
905 1795 -84956.0
905 1761 -228689.0
986 1796 -161583.0
1797 1798 -114196.0
1797 1828 -211535.0
18 96 -148613.0
18 1798 -197731.0
873 1796 -227753.0
1799 1800 -68897.0
813 1826 -187620.0
813 1800 -329672.0
532 1803 -39807.0
532 1801 -261643.0
355 1802 -40539.0
1803 1804 -239525.0
101 1804 -7912.0
101 1780 -196621.0
45 1805 -17948.0
45 1818 -104173.0
45 1764 -265461.0
1805 1806 -47798.0
1805 1818 -86225.0
1806 1807 -71875.0
1806 1813 -80140.0
1807 1814 -80140.0
954 1808 -26701.0
954 1874 -458488.0
1808 1853 -343200.0
41 1809 -305579.0
41 1860 -338322.0
41 1774 -315113.0
41 1775 -250617.0
1809 1810 -28723.0
1809 1859 -328037.0
1810 1827 -162359.0
96 1830 -106823.0
230 1811 -21111.0
693 1812 -32481.0
975 1863 -307561.0
975 1754 -406188.0
1811 1824 -101892.0
293 1811 -168933.0
293 1801 -141339.0
1812 1841 -151058.0
906 1812 -118709.0
1813 1814 -71875.0
1813 1819 -6085.0
1814 1815 -28509.0
1814 1820 -6085.0
1815 1816 -171601.0
1816 1817 -31323.0
1816 1821 -6085.0
1817 1822 -26623.0
543 1823 -26623.0
543 1817 -184255.0
1818 1819 -47798.0
1819 1820 -71875.0
1819 1848 -192874.0
657 1821 -171601.0
657 1849 -192874.0
657 1820 -28509.0
657 1815 -6085.0
1821 1822 -51861.0
1822 1823 -184255.0
663 1824 -187739.0
663 1823 -17574.0
273 490 -81872.0
273 1799 -227126.0
273 1800 -158229.0
1825 1857 -211142.0
1825 1852 -225426.0
689 1858 -211142.0
689 1825 -29551.0
689 1795 -474473.0
149 1831 -45840.0
149 906 -101272.0
490 1826 -277191.0
1826 1840 -104916.0
1827 1828 -469972.0
1828 1829 -41036.0
371 1830 -241632.0
371 1847 -131821.0
371 1829 -73160.0
371 1798 -211535.0
1830 1851 -136304.0
1831 1832 -88466.0
1831 1835 -19296.0
1831 1834 -151364.0
1832 1836 -19296.0
117 1833 -257766.0
117 1837 -19296.0
117 1832 -131105.0
1833 1838 -19296.0
1834 1835 -132068.0
1834 1842 -20710.0
1835 1836 -88466.0
1835 1845 -36752.0
1836 1837 -131105.0
1837 1838 -257766.0
1837 1846 -36752.0
1838 1839 -98872.0
1839 1854 -87712.0
552 1839 -190572.0
552 1802 -241140.0
591 1841 -213582.0
591 1843 -229624.0
591 1840 -138791.0
1841 1842 -22701.0
1841 1843 -16042.0
1842 1844 -16042.0
960 1803 -259534.0
32 286 -77365.0
32 1822 -129396.0
1843 1844 -22701.0
1844 1845 -132068.0
345 1846 -131105.0
345 1845 -88466.0
345 1836 -36752.0
501 1862 -118938.0
501 747 -491253.0
501 1778 -474465.0
903 1847 -73160.0
903 1898 -488482.0
903 1829 -131821.0
1847 1850 -4483.0
431 1848 -47798.0
431 1866 -142500.0
431 1818 -192874.0
1848 1849 -100384.0
1848 1867 -142500.0
1849 1855 -173065.0
1850 1851 -241632.0
1850 1899 -483999.0
115 1852 -225977.0
115 791 -287994.0
115 1851 -22270.0
42 1875 -185357.0
42 1853 -417727.0
42 1783 -570872.0
555 1854 -98872.0
555 1876 -204649.0
555 1846 -308726.0
555 1838 -87712.0
800 1843 -76501.0
800 1844 -53800.0
1855 1856 -6951.0
1856 1869 -120341.0
286 1856 -32801.0
217 1824 -227054.0
791 1857 -76301.0
791 1881 -231850.0
791 1852 -62017.0
1857 1858 -29551.0
1857 1882 -231850.0
1858 1883 -231850.0
1859 1864 -25726.0
192 1859 -68589.0
192 1827 -205544.0
232 1860 -181759.0
232 1872 -284156.0
1860 1872 -102397.0
1861 1888 -266203.0
993 1889 -266203.0
993 1861 -60364.0
993 1840 -136345.0
1862 1903 -425139.0
493 1863 -126687.0
493 1862 -405802.0
1863 1865 -38005.0
483 1864 -61268.0
483 1871 -46940.0
483 1870 -176346.0
560 1865 -109253.0
1866 1867 -47798.0
1866 1879 -196764.0
1867 1868 -2222.0
1867 1879 -148966.0
2 1869 -6951.0
2 1880 -148966.0
2 1868 -249068.0
2 1855 -120341.0
1870 1871 -129406.0
1870 1873 -40016.0
61 1871 -61268.0
61 1864 -46940.0
203 1873 -91826.0
203 1872 -23079.0
742 1878 -82117.0
1874 1884 -135686.0
482 1875 -417727.0
482 1887 -133966.0
482 1874 -96770.0
482 1853 -185357.0
1875 1890 -201071.0
1876 1877 -95843.0
1876 1885 -133175.0
1877 1892 -178187.0
673 1877 -3029.0
673 1854 -204649.0
240 1896 -192484.0
240 1878 -4733.0
789 1904 -248973.0
789 1873 -83976.0
541 1895 -151401.0
541 1878 -302738.0
213 1880 -249068.0
213 1893 -209181.0
213 1879 -2222.0
213 1868 -148966.0
1880 1894 -107964.0
1881 1882 -76301.0
1881 1924 -330443.0
1882 1883 -29551.0
1882 1925 -330443.0
499 1926 -330443.0
499 1883 -10949.0
124 1884 -192977.0
124 1886 -23122.0
990 1885 -245189.0
990 1900 -186538.0
1886 1911 -256539.0
984 1887 -121612.0
984 1886 -192977.0
984 1884 -23122.0
1887 1908 -501197.0
641 1888 -57993.0
641 1953 -368879.0
641 1861 -324196.0
1888 1889 -60364.0
1888 1954 -368879.0
1889 1929 -312582.0
206 1912 -268627.0
206 1865 -243100.0
1890 1891 -159951.0
1891 1909 -226787.0
460 1932 -316890.0
460 1891 -59300.0
757 1892 -125899.0
757 1902 -111470.0
757 1885 -75068.0
1893 1894 -147851.0
750 1905 -129242.0
750 1894 -6951.0
750 1869 -256930.0
43 1895 -104816.0
43 1957 -323311.0
159 1917 -181671.0
159 217 -459651.0
917 1896 -213986.0
917 1933 -215560.0
917 1895 -128114.0
1896 1934 -215560.0
961 1897 -19745.0
1897 1907 -152787.0
788 1898 -89244.0
788 1920 -140311.0
788 1897 -302460.0
1898 1899 -73160.0
1898 1921 -140311.0
1899 1922 -140311.0
1900 1901 -57369.0
1900 1931 -153822.0
152 1902 -67745.0
152 1901 -120075.0
152 757 -179215.0
710 1903 -37256.0
710 1927 -160440.0
1903 1927 -123184.0
613 1904 -216542.0
613 1951 -384710.0
1904 1906 -104720.0
47 1905 -154802.0
47 1893 -129242.0
1905 1915 -97455.0
11 1907 -152382.0
11 1906 -59356.0
588 1910 -26036.0
948 1906 -17678.0
759 1902 -187051.0
759 1892 -172622.0
1908 1939 -95809.0
748 1909 -159951.0
748 1940 -95809.0
748 1908 -210422.0
748 1890 -226787.0
1910 1985 -324552.0
1910 1919 -191154.0
595 1911 -336663.0
595 1986 -324552.0
595 1910 -19842.0
1911 1999 -381087.0
109 1907 -66268.0
1912 1913 -17098.0
1913 1914 -152659.0
1914 1958 -125181.0
784 2022 -464612.0
784 1914 -209361.0
1915 1916 -99017.0
1915 1982 -335459.0
1916 1917 -405531.0
1916 1964 -166117.0
1917 1918 -6382.0
584 1919 -293061.0
584 1918 -363163.0
1920 1921 -89244.0
1920 1935 -141519.0
1921 1922 -73160.0
1921 1935 -52275.0
1922 1923 -150157.0
1922 1936 -52275.0
858 1924 -106658.0
858 1938 -52275.0
858 1923 -233064.0
858 1881 -437101.0
1924 1925 -76301.0
1924 1978 -239924.0
1925 1926 -40500.0
1925 1979 -239924.0
1926 1980 -239924.0
1927 1928 -21023.0
147 1928 -94316.0
1929 1930 -36450.0
1929 1955 -56297.0
999 1931 -312705.0
999 1948 -38853.0
999 1930 -360079.0
1931 1949 -38853.0
1932 1942 -36545.0
315 1947 -10234.0
315 1932 -30749.0
1933 1934 -213986.0
1933 1965 -163222.0
888 1966 -122914.0
888 1934 -89720.0
1935 1936 -73160.0
1936 1937 -24525.0
194 1938 -233064.0
194 1993 -264323.0
194 1937 -125632.0
194 1923 -52275.0
1938 1978 -294307.0
1939 1940 -210422.0
1940 1941 -137078.0
1940 1943 -3139.0
1941 1944 -4528.0
423 1942 -28461.0
423 1946 -4528.0
423 1941 -22873.0
423 1909 -95809.0
684 1943 -210422.0
684 1939 -3139.0
1943 1944 -138467.0
1944 1945 -5463.0
1945 1946 -17410.0
1945 1969 -128230.0
366 1947 -61588.0
366 1946 -28461.0
366 1942 -4528.0
1948 1949 -312705.0
1948 1963 -50652.0
1948 1956 -322720.0
1949 1950 -37368.0
518 1950 -20001.0
518 1901 -192675.0
340 1951 -87644.0
340 1947 -265222.0
290 340 -88523.0
290 1951 -879.0
1952 1953 -10817.0
1952 1960 -33208.0
1952 1959 -169421.0
1953 1954 -57993.0
1954 1955 -60364.0
1954 1961 -33208.0
944 1956 -54803.0
944 1962 -33208.0
944 1955 -36450.0
944 1930 -56297.0
755 1000 -253793.0
755 1928 -104801.0
985 1957 -242483.0
985 1989 -185411.0
985 1981 -271382.0
1957 1970 -116885.0
631 1958 -152659.0
631 1912 -142279.0
631 1913 -125181.0
1959 1960 -136213.0
1959 1968 -45471.0
1960 1961 -68810.0
1960 1976 -89416.0
1961 1962 -96814.0
1961 1977 -89416.0
277 1963 -305276.0
277 1962 -54803.0
277 1956 -33208.0
1963 1983 -253610.0
736 2060 -428656.0
736 1964 -411913.0
736 1918 -166117.0
1965 1966 -344014.0
1966 1967 -360843.0
1966 1972 -43626.0
1967 1974 -43945.0
225 1968 -182096.0
225 1975 -43945.0
225 1967 -89775.0
268 1969 -5463.0
268 2033 -321602.0
268 1944 -128230.0
1970 1971 -96668.0
1971 1992 -88766.0
140 1972 -344014.0
140 1971 -37858.0
140 1965 -43626.0
1972 1973 -319.0
1973 1974 -360843.0
1973 2018 -229298.0
1974 1975 -89775.0
1975 2019 -229298.0
642 1976 -136213.0
642 2045 -312094.0
642 1975 -182096.0
642 1968 -43945.0
1976 1977 -68810.0
1976 2046 -312094.0
910 1984 -45934.0
910 1950 -159145.0
1978 1979 -76301.0
1978 2009 -163132.0
1979 1980 -40500.0
1979 1994 -91938.0
275 1981 -291664.0
275 1987 -64871.0
275 1980 -5868.0
1981 1988 -64871.0
692 1982 -18384.0
692 1964 -88709.0
150 1984 -100782.0
150 1983 -150108.0
319 1985 -152258.0
319 2012 -140659.0
319 2011 -267805.0
319 1919 -285656.0
1985 1986 -19842.0
1985 2013 -140659.0
1986 1997 -56535.0
1987 1988 -291664.0
1987 1995 -27067.0
1988 1989 -150842.0
1989 1990 -116219.0
1989 1996 -27067.0
1990 1991 -47732.0
1991 2004 -61226.0
628 1992 -96668.0
628 1991 -98772.0
628 1970 -88766.0
1992 2054 -235805.0
936 1993 -125632.0
936 2006 -82212.0
936 2005 -82288.0
936 1937 -264323.0
1993 2008 -86458.0
1000 2059 -259202.0
1994 1995 -46368.0
1994 2010 -71194.0
1995 2035 -178487.0
361 1996 -150842.0
361 2001 -34159.0
361 1995 -291664.0
361 1988 -27067.0
1996 2003 -34159.0
1997 1998 -119718.0
1997 2015 -84124.0
1998 1999 -216945.0
1999 2000 -41723.0
1999 2016 -84124.0
2000 2017 -84124.0
481 2000 -1172.0
687 884 -206932.0
687 1983 -69828.0
2001 2002 -97917.0
2001 2039 -153531.0
2002 2003 -52925.0
235 2004 -47732.0
235 2020 -91644.0
235 2003 -116219.0
235 1990 -61226.0
503 2028 -80178.0
503 1982 -139485.0
779 2005 -198056.0
2005 2006 -76.0
2006 2007 -4246.0
2007 2008 -125632.0
2007 2029 -94209.0
659 2009 -310094.0
659 2008 -29628.0
2009 2010 -76301.0
2009 2034 -149518.0
133 2027 -50802.0
2011 2012 -127146.0
2012 2013 -152258.0
2013 2014 -11364.0
2013 2050 -108027.0
2014 2015 -8478.0
2014 2104 -327596.0
829 2016 -216945.0
829 2106 -327596.0
829 2015 -119718.0
829 1998 -84124.0
2016 2017 -41723.0
2016 2107 -327596.0
801 2030 -72979.0
678 2021 -25103.0
678 1958 -314328.0
2018 2041 -126752.0
563 2019 -89775.0
563 2042 -82796.0
563 2018 -360843.0
563 1974 -229298.0
2019 2043 -82796.0
2020 2040 -68822.0
618 2049 -72402.0
618 2020 -47732.0
618 2004 -91644.0
2021 2067 -189074.0
619 2022 -60216.0
619 2023 -13080.0
619 2021 -149145.0
2022 2024 -13080.0
2023 2024 -60216.0
2023 2069 -164404.0
2024 2025 -108856.0
2025 2026 -341983.0
2026 2027 -82236.0
2026 2070 -164404.0
53 2028 -105488.0
53 2027 -108957.0
2028 2051 -66724.0
825 1984 -364188.0
27 2029 -76.0
27 2117 -302986.0
27 2005 -98455.0
2029 2117 -302910.0
2030 2031 -44063.0
2030 2063 -101453.0
2031 2032 -177152.0
2032 2033 -37561.0
2032 2064 -101453.0
459 2065 -101453.0
459 2033 -5463.0
459 1969 -321602.0
2034 2096 -215395.0
318 2035 -46368.0
318 2036 -9203.0
318 2034 -34076.0
318 2010 -107293.0
2035 2037 -9203.0
2036 2037 -46368.0
2036 2097 -206192.0
2037 2038 -229158.0
2037 2098 -206192.0
2038 2039 -62506.0
2038 2047 -10515.0
894 2040 -162209.0
894 2048 -10515.0
894 2039 -97917.0
894 2002 -153531.0
2041 2042 -404799.0
2041 2055 -12158.0
2042 2043 -89775.0
2042 2057 -43198.0
2043 2044 -56606.0
2043 2071 -118618.0
2044 2045 -125490.0
2045 2046 -136213.0
2046 2072 -118618.0
246 2128 -331303.0
246 2046 -68810.0
246 1977 -312094.0
2047 2048 -160423.0
833 2049 -54667.0
833 2052 -10533.0
833 2048 -162209.0
833 2040 -10515.0
2049 2053 -10533.0
304 2050 -279404.0
304 471 -64917.0
304 2011 -108027.0
2050 2114 -253548.0
174 2058 -45888.0
174 2051 -38980.0
884 2132 -350639.0
471 2113 -247800.0
471 2062 -68406.0
2052 2053 -54667.0
2052 2080 -189978.0
2053 2054 -195440.0
2053 2080 -135311.0
247 2055 -160102.0
247 2056 -31040.0
247 2054 -177814.0
2056 2082 -133964.0
236 2057 -404799.0
236 2135 -338166.0
236 2056 -160102.0
236 2055 -31040.0
2057 2071 -165195.0
927 2058 -38980.0
927 2087 -104708.0
927 2051 -45888.0
2058 2088 -104708.0
686 2083 -95097.0
686 2059 -237890.0
2060 2061 -18029.0
2060 2090 -94555.0
2061 2091 -94555.0
444 2062 -291495.0
444 2095 -127105.0
444 2061 -146662.0
2062 2112 -193117.0
2063 2066 -280609.0
188 2064 -177152.0
188 2063 -44063.0
188 2031 -101453.0
2064 2065 -43024.0
2064 2075 -50893.0
2065 2076 -50893.0
939 2059 -154407.0
28 2066 -58165.0
28 2078 -31140.0
2067 2068 -114826.0
2068 2069 -45909.0
2068 2074 -11934.0
287 2070 -341983.0
287 2085 -50435.0
287 2069 -169072.0
287 2025 -164404.0
2070 2086 -50435.0
823 2077 -23608.0
365 2072 -261703.0
365 2138 -268399.0
365 2071 -56606.0
365 2044 -118618.0
2073 2103 -79469.0
2073 2084 -119816.0
231 2074 -114826.0
231 2073 -77790.0
231 2067 -11934.0
2074 2156 -380336.0
2075 2076 -43024.0
2076 2121 -143603.0
973 2122 -143603.0
973 2076 -154221.0
635 2077 -276887.0
635 825 -236477.0
2078 2079 -49467.0
2078 2110 -119655.0
2079 2111 -119655.0
353 2079 -8698.0
353 2066 -31140.0
2080 2081 -64869.0
168 2082 -148121.0
168 2081 -130571.0
168 2054 -135311.0
2083 2123 -127190.0
261 2084 -98114.0
261 504 -145448.0
261 2083 -142839.0
2085 2086 -341983.0
2085 2118 -328792.0
2086 2087 -299162.0
2087 2088 -38980.0
2087 2100 -39614.0
2088 2089 -181955.0
2088 2101 -39614.0
2089 2092 -32550.0
509 2090 -111452.0
509 2093 -32550.0
509 2089 -95429.0
2090 2091 -18029.0
2090 2094 -32550.0
68 2134 -208711.0
68 2081 -25184.0
2092 2093 -95429.0
2093 2094 -111452.0
844 2095 -146662.0
844 2094 -18029.0
844 2091 -32550.0
2095 2130 -285461.0
2096 2097 -34076.0
2097 2098 -46368.0
2098 2099 -179564.0
2098 2126 -108522.0
2099 2127 -108522.0
448 2099 -49594.0
448 2047 -195677.0
2100 2101 -38980.0
2100 2120 -95061.0
2101 2102 -149530.0
665 2163 -308063.0
665 2102 -32425.0
665 2092 -7064.0
504 2103 -87681.0
504 2181 -387248.0
504 2084 -47334.0
2104 2105 -22676.0
2105 2106 -105520.0
2105 2115 -33979.0
2106 2107 -216945.0
72 2108 -32657.0
72 2107 -41723.0
72 2017 -327596.0
377 737 -54806.0
2108 2109 -379.0
2108 2116 -237492.0
606 2110 -153680.0
606 2109 -142884.0
2110 2111 -49467.0
2110 2129 -124729.0
2112 2113 -13723.0
2113 2114 -338573.0
528 2115 -22676.0
528 2131 -88350.0
528 2114 -11364.0
528 2104 -33979.0
2115 2116 -128018.0
2115 2174 -294423.0
2116 2175 -294423.0
210 2124 -34091.0
210 2117 -14352.0
2118 2119 -59069.0
2119 2157 -229661.0
487 2120 -276661.0
487 2158 -229661.0
487 2119 -66296.0
487 2086 -112174.0
2120 2162 -235503.0
996 2121 -43024.0
996 2148 -186980.0
996 2075 -143603.0
2121 2122 -154221.0
2121 2149 -186980.0
297 2123 -10374.0
737 2170 -259968.0
737 2145 -290291.0
2124 2125 -156920.0
2124 2137 -77278.0
2124 2133 -178135.0
248 2126 -80444.0
248 2143 -103388.0
248 2125 -336307.0
248 2096 -108522.0
2126 2127 -179564.0
2126 2151 -161008.0
228 2144 -106291.0
228 2122 -64724.0
621 2184 -276148.0
621 2077 -242134.0
391 2128 -68810.0
391 2139 -55714.0
391 768 -76440.0
391 2072 -212685.0
2128 2194 -293663.0
295 2140 -52420.0
295 2129 -2837.0
295 2111 -78099.0
470 2131 -363660.0
470 2130 -160396.0
470 2112 -88350.0
2131 2173 -206073.0
177 2179 -228554.0
177 2123 -117759.0
567 2132 -38832.0
783 2133 -79725.0
783 2136 -33081.0
456 2135 -189795.0
456 2146 -122039.0
456 2134 -278692.0
456 2082 -233895.0
2135 2147 -54989.0
2136 2171 -169086.0
871 2137 -115099.0
871 2172 -169086.0
871 2136 -60886.0
871 2133 -14242.0
2137 2142 -30119.0
2138 2190 -237949.0
2138 2189 -256847.0
768 2139 -20726.0
768 2192 -237949.0
768 2138 -240977.0
2139 2193 -237949.0
139 2140 -2837.0
139 2141 -11831.0
139 2129 -52420.0
2140 2141 -8994.0
586 2155 -244162.0
586 2141 -45116.0
771 2143 -336307.0
771 2142 -152911.0
771 2125 -103388.0
2143 2151 -138064.0
424 2145 -206670.0
424 2169 -310177.0
424 2144 -194289.0
102 2132 -256336.0
2146 2147 -122745.0
666 2183 -157491.0
666 2147 -12722.0
2148 2149 -43024.0
2149 2150 -6381.0
2149 2153 -8445.0
2150 2154 -8445.0
356 2150 -111099.0
356 2144 -119192.0
2151 2152 -102802.0
2152 2186 -155027.0
701 2187 -155027.0
701 2152 -76762.0
701 2127 -161008.0
447 2153 -89183.0
447 937 -133997.0
447 2148 -54604.0
2153 2154 -6381.0
937 2155 -100321.0
2156 2176 -83431.0
778 2157 -59069.0
778 2159 -5842.0
778 2156 -431599.0
778 2118 -229661.0
2157 2158 -66296.0
2157 2160 -5842.0
2158 2161 -5842.0
2159 2160 -59069.0
2159 2164 -10760.0
2160 2161 -66296.0
2160 2165 -10760.0
2161 2162 -276661.0
2161 2166 -10760.0
421 2163 -32425.0
421 2168 -10760.0
421 2162 -211011.0
421 2102 -308063.0
2163 2228 -328101.0
2164 2165 -59069.0
2164 2177 -66829.0
2165 2166 -66296.0
2165 2178 -66829.0
2166 2167 -276023.0
429 2168 -211011.0
429 2167 -638.0
429 2162 -10760.0
2168 2228 -349766.0
2169 2199 -96570.0
578 2170 -165771.0
578 2200 -96570.0
578 2169 -31941.0
578 2145 -135448.0
2170 2201 -96570.0
2171 2172 -60886.0
667 2172 -119108.0
667 2142 -142976.0
2173 2174 -22676.0
2174 2175 -128018.0
2175 2188 -70620.0
865 2175 -236549.0
865 2109 -295745.0
921 2130 -207325.0
633 2222 -208257.0
633 2153 -95341.0
633 2154 -88960.0
2176 2177 -431599.0
2176 2182 -2950.0
2177 2178 -59069.0
2177 2195 -44580.0
114 2178 -342319.0
114 2167 -66829.0
2179 2180 -98013.0
2179 2231 -265780.0
2180 2181 -104019.0
2180 2232 -265780.0
35 2182 -192616.0
35 517 -234246.0
35 2181 -87681.0
35 2103 -387248.0
972 2183 -135467.0
972 2205 -87323.0
972 2185 -61161.0
972 2146 -157491.0
2183 2206 -87323.0
2184 2237 -293697.0
92 2184 -70488.0
712 2185 -339201.0
712 2134 -267100.0
2186 2187 -76762.0
420 2187 -361024.0
420 712 -104133.0
568 2155 -146910.0
349 2188 -128018.0
349 2248 -397086.0
349 2173 -93296.0
349 2174 -70620.0
2189 2190 -18898.0
2189 2196 -5567.0
2190 2191 -139685.0
2190 2197 -5567.0
2191 2192 -101292.0
2191 2198 -5567.0
2192 2193 -20726.0
2193 2194 -68810.0
282 2218 -100875.0
282 2194 -5326.0
517 2195 -431599.0
517 2182 -41630.0
675 2196 -167693.0
675 2208 -50634.0
675 817 -129402.0
675 2189 -173260.0
2196 2197 -18898.0
2196 2215 -95308.0
2197 2198 -139685.0
2197 2216 -95308.0
2198 2217 -95308.0
405 2224 -252325.0
405 2186 -17599.0
2199 2200 -31941.0
2200 2201 -165771.0
2200 2245 -328037.0
2201 2202 -26759.0
2202 2219 -90807.0
879 2211 -61247.0
879 2202 -85716.0
761 2203 -2867.0
761 2185 -69576.0
2203 2204 -18142.0
2203 2209 -16012.0
2204 2205 -28139.0
2204 2210 -16012.0
2205 2206 -135467.0
2206 2207 -53209.0
817 2208 -78768.0
817 2207 -219890.0
2208 2214 -44674.0
2209 2210 -18142.0
2209 2227 -129577.0
406 2210 -216815.0
406 2207 -16012.0
2211 2212 -374087.0
2211 2220 -29560.0
2212 2213 -257706.0
2213 2221 -29560.0
129 2213 -34923.0
129 2171 -153330.0
2214 2215 -167693.0
2214 2233 -297102.0
2215 2216 -18898.0
2215 2233 -129409.0
2216 2217 -139685.0
2216 2234 -129409.0
2217 2218 -196154.0
2218 2235 -129409.0
344 2218 -270943.0
2219 2220 -85716.0
2219 2246 -237230.0
402 2221 -257706.0
402 2220 -374087.0
402 2212 -29560.0
987 2222 -99937.0
2222 2223 -133837.0
520 2223 -46777.0
535 2224 -32035.0
535 2230 -46713.0
535 2225 -126975.0
216 2225 -14717.0
216 2229 -55582.0
2225 2229 -40865.0
2226 2227 -86437.0
2226 2242 -114192.0
179 2227 -18142.0
179 2210 -129577.0
3 892 -459326.0
3 2228 -25540.0
953 2236 -13753.0
2229 2230 -121127.0
306 2230 -32035.0
306 2224 -46713.0
787 2231 -25024.0
787 2238 -12191.0
2231 2232 -98013.0
2231 2239 -12191.0
2233 2234 -18898.0
2234 2251 -214698.0
263 2235 -196154.0
263 2252 -214698.0
263 2234 -139685.0
263 2217 -129409.0
2235 2257 -256621.0
581 2237 -288723.0
581 2236 -115961.0
2238 2239 -25024.0
2238 2259 -258148.0
2238 2241 -430399.0
2239 2240 -45156.0
2239 2260 -258148.0
250 2286 -461919.0
250 2240 -52857.0
250 2232 -12191.0
976 2241 -11407.0
615 2242 -35763.0
615 2247 -60331.0
615 2226 -149955.0
773 2349 -580243.0
773 2237 -92172.0
690 2243 -9687.0
690 2223 -163337.0
601 2249 -193261.0
362 2236 -153766.0
2243 2244 -318370.0
2243 2265 -248565.0
305 2245 -31941.0
305 2253 -100832.0
305 2244 -130055.0
305 2199 -328037.0
2245 2246 -192530.0
2245 2254 -100832.0
582 2272 -274939.0
582 2229 -127438.0
513 2247 -35763.0
513 2242 -60331.0
274 2304 -358503.0
274 2195 -436999.0
274 2178 -422510.0
26 2258 -107296.0
26 976 -95041.0
26 2241 -83634.0
2248 2293 -323045.0
218 2249 -467054.0
218 2294 -323045.0
218 2248 -128018.0
218 2188 -397086.0
946 2269 -186946.0
946 2249 -43438.0
2250 2267 -169133.0
698 2268 -169133.0
698 2250 -11011.0
698 2221 -330888.0
145 2283 -229882.0
145 2248 -381094.0
851 2251 -18898.0
851 2289 -262843.0
851 2288 -270578.0
851 2233 -214698.0
2251 2252 -139685.0
2251 2290 -262843.0
2252 2256 -115413.0
2253 2254 -31941.0
2253 2261 -59229.0
2254 2255 -108498.0
48 2255 -84032.0
48 2246 -100832.0
2256 2257 -122664.0
2256 2274 -156947.0
708 2276 -156947.0
708 2257 -14307.0
2258 2263 -67961.0
264 2259 -355033.0
264 2264 -54766.0
264 2258 -8148.0
2259 2260 -25024.0
2259 2284 -203771.0
2260 2285 -203771.0
2261 2262 -110105.0
2261 2266 -175069.0
794 2298 -225546.0
794 2262 -30334.0
794 2255 -59229.0
770 2263 -18678.0
2263 2264 -21343.0
2263 2311 -238620.0
2264 2312 -238620.0
2265 2336 -249385.0
717 2266 -22665.0
717 2265 -297545.0
717 2244 -227740.0
892 2277 -79911.0
677 2267 -93549.0
677 2250 -262682.0
2267 2268 -11011.0
2267 2344 -277174.0
2268 2270 -282390.0
500 2269 -44471.0
500 2297 -104068.0
500 946 -231417.0
2269 2308 -129568.0
2270 2271 -75111.0
2271 2345 -259142.0
223 2272 -230240.0
223 2346 -259142.0
223 2271 -76768.0
2272 2364 -308329.0
2273 2385 -410796.0
104 2273 -55786.0
104 2247 -275675.0
2274 2275 -130093.0
2275 2276 -6878.0
2275 2292 -63973.0
685 2328 -168370.0
685 2276 -71685.0
2277 2278 -21347.0
2277 2279 -15229.0
40 2280 -1092.0
40 2278 -38249.0
943 2280 -38249.0
943 2309 -101413.0
943 2279 -7210.0
943 2278 -1092.0
2280 2281 -7307.0
2281 2282 -72638.0
2281 2287 -32817.0
113 2283 -48469.0
113 2282 -422673.0
2284 2285 -25024.0
2284 2299 -83666.0
843 2286 -52857.0
843 2300 -38173.0
843 2285 -45156.0
843 2240 -461919.0
2286 2301 -38173.0
2287 2310 -61289.0
202 2378 -268946.0
202 2287 -72638.0
202 2282 -32817.0
2288 2289 -7735.0
2288 2295 -19830.0
2289 2290 -18898.0
2289 2319 -96317.0
2290 2291 -49633.0
2290 2320 -96317.0
2291 2321 -96317.0
148 2292 -130093.0
148 2326 -104397.0
148 2291 -163542.0
148 2274 -63973.0
2292 2327 -104397.0
214 2293 -116349.0
214 2355 -312298.0
214 2283 -264460.0
2293 2294 -128018.0
2293 2355 -195949.0
2294 2296 -11407.0
121 2305 -27572.0
121 717 -171925.0
121 2266 -149260.0
539 2295 -235421.0
539 2318 -76487.0
2296 2356 -184542.0
726 2297 -266816.0
726 2340 -140748.0
726 2296 -155767.0
2297 2308 -69971.0
127 2298 -30334.0
127 2307 -18965.0
127 597 -31829.0
127 2262 -225546.0
2298 2317 -66898.0
2299 2300 -115673.0
2299 2313 -51442.0
2300 2301 -52857.0
2300 2353 -170109.0
2301 2302 -214799.0
2302 2303 -169156.0
2303 2354 -170109.0
876 2304 -382392.0
876 2303 -108637.0
2305 2306 -84007.0
2305 2338 -72553.0
2306 2314 -47933.0
597 2307 -12864.0
597 2315 -47933.0
597 2306 -120624.0
2307 2316 -47933.0
530 2343 -115248.0
530 2308 -89414.0
562 2309 -7210.0
562 2374 -207657.0
562 2279 -101413.0
2309 2310 -38249.0
2309 2375 -207657.0
2310 2376 -207657.0
2311 2312 -21343.0
2311 2350 -118667.0
116 2313 -306414.0
116 2351 -118667.0
116 2312 -3126.0
2313 2352 -118667.0
58 2347 -161861.0
2314 2315 -120624.0
2315 2316 -12864.0
2316 2317 -30334.0
765 2317 -144392.0
176 765 -152585.0
2318 2330 -15927.0
2318 2329 -78135.0
412 2319 -7735.0
412 2322 -8080.0
412 2318 -235421.0
412 2295 -76487.0
2319 2320 -18898.0
2319 2323 -8080.0
2320 2321 -49633.0
2320 2324 -8080.0
2321 2325 -8080.0
2322 2323 -7735.0
2322 2332 -7847.0
2323 2324 -18898.0
2323 2333 -7847.0
2324 2325 -49633.0
2324 2334 -7847.0
2325 2326 -163542.0
2326 2327 -130093.0
2326 2335 -7847.0
2327 2328 -78563.0
886 2348 -90288.0
886 2328 -328215.0
2329 2330 -62208.0
2330 2331 -182019.0
2330 2368 -131190.0
2331 2332 -53402.0
2332 2333 -7735.0
2332 2387 -226001.0
2333 2334 -18898.0
2333 2388 -226001.0
2334 2389 -226001.0
553 2335 -163542.0
553 2381 -207449.0
553 2334 -49633.0
553 2325 -7847.0
2335 2383 -207449.0
2336 2337 -29126.0
2337 2338 -291084.0
2337 2339 -9333.0
620 2338 -84007.0
620 2314 -24620.0
103 2339 -29126.0
103 2369 -135557.0
103 2336 -9333.0
2340 2341 -309928.0
2340 2359 -50981.0
2340 2357 -176752.0
2341 2342 -70236.0
2342 2343 -20537.0
2342 2367 -68088.0
983 2343 -59064.0
207 2345 -75111.0
207 2361 -49187.0
207 2344 -275369.0
207 2270 -259142.0
2345 2346 -76768.0
2345 2362 -49187.0
2346 2363 -49187.0
515 2347 -85544.0
515 977 -138966.0
2348 2384 -201578.0
251 2421 -286840.0
251 2348 -47945.0
516 2349 -95240.0
2350 2351 -24469.0
2351 2352 -306414.0
2351 2360 -23755.0
2352 2353 -115673.0
968 2354 -169156.0
968 2353 -267656.0
968 2302 -170109.0
2354 2436 -354002.0
877 2356 -110439.0
877 2358 -117626.0
877 2355 -17579.0
2356 2357 -22809.0
2356 2358 -7187.0
267 2372 -54534.0
267 625 -28550.0
980 2359 -132958.0
980 2358 -22809.0
980 2357 -7187.0
2359 2366 -17107.0
209 2370 -47303.0
209 2304 -283084.0
106 2360 -24469.0
106 2350 -23755.0
2360 2402 -362910.0
2361 2362 -75111.0
2361 2379 -58306.0
2362 2363 -76768.0
2362 2380 -58306.0
2363 2364 -230240.0
2364 2365 -3216.0
715 2365 -199790.0
715 977 -23999.0
2366 2413 -295211.0
135 2367 -70236.0
135 2403 -146416.0
135 2366 -309928.0
135 2341 -68088.0
441 2368 -62208.0
441 2428 -267080.0
441 2329 -131190.0
2368 2386 -115344.0
740 2369 -385058.0
740 2406 -194238.0
2370 2371 -54362.0
2370 2397 -79317.0
2371 2372 -292454.0
2371 2398 -79317.0
2372 2373 -41385.0
2372 2399 -79317.0
2373 2374 -226380.0
2373 2400 -79317.0
2374 2375 -7210.0
2375 2376 -38249.0
2376 2377 -14967.0
2377 2378 -57671.0
440 2378 -62288.0
2379 2380 -75111.0
2379 2433 -231853.0
82 2380 -310224.0
82 2365 -58306.0
2381 2382 -6817.0
2381 2394 -24535.0
2381 2390 -40494.0
2382 2383 -156725.0
2382 2395 -24535.0
580 2384 -330208.0
580 2396 -24535.0
580 2383 -130093.0
580 2327 -215296.0
66 2385 -11240.0
66 2425 -161738.0
66 2273 -422036.0
369 2387 -53402.0
369 2391 -59385.0
369 2386 -161486.0
369 2331 -226001.0
2387 2388 -7735.0
2387 2391 -5983.0
2388 2389 -18898.0
2388 2392 -5983.0
2389 2390 -27691.0
2389 2393 -5983.0
2391 2392 -7735.0
2392 2393 -18898.0
30 2394 -21942.0
30 2415 -137297.0
30 2393 -27691.0
30 2390 -5983.0
2394 2395 -6817.0
2394 2416 -137297.0
2395 2396 -286818.0
2395 2417 -137297.0
2396 2419 -137297.0
2397 2398 -54362.0
2397 2409 -72023.0
2398 2399 -292454.0
2398 2407 -59800.0
2399 2400 -41385.0
2399 2408 -59800.0
2400 2401 -266010.0
2401 2414 -135388.0
941 2401 -20796.0
941 2377 -79317.0
255 2445 -251574.0
255 2402 -62907.0
255 2352 -143158.0
2403 2404 -47164.0
166 2405 -21704.0
166 2403 -70236.0
166 2367 -146416.0
2404 2405 -95696.0
211 2406 -195409.0
211 2412 -77661.0
211 2405 -65688.0
988 2422 -91254.0
988 2347 -209959.0
2407 2408 -292454.0
502 2411 -12223.0
502 2408 -41385.0
502 2400 -59800.0
2409 2410 -36523.0
2409 2437 -139990.0
2410 2438 -139990.0
320 2411 -333839.0
320 2410 -17839.0
320 2407 -12223.0
727 2451 -215280.0
727 2412 -137126.0
727 2406 -19378.0
514 2444 -163745.0
514 2413 -189219.0
514 2404 -31842.0
607 2414 -244447.0
607 2456 -247929.0
607 2411 -84928.0
2415 2416 -21942.0
2415 2430 -28989.0
2416 2417 -6817.0
2416 2434 -44862.0
2417 2418 -96494.0
2418 2419 -190324.0
2418 2435 -44862.0
2419 2420 -220646.0
2420 2446 -120733.0
646 2421 -124515.0
646 2440 -91761.0
646 2420 -109562.0
646 2384 -161832.0
2421 2441 -91761.0
2422 2423 -196895.0
2423 2424 -229184.0
2424 2425 -55254.0
2424 2426 -3533.0
549 2453 -143381.0
549 2425 -11240.0
549 2385 -161738.0
105 2426 -229184.0
105 2475 -291997.0
105 2422 -200428.0
105 2423 -3533.0
2426 2452 -139848.0
445 2431 -10780.0
445 2344 -328566.0
2427 2428 -22159.0
2427 2439 -62215.0
2428 2429 -75386.0
2429 2461 -163725.0
652 2430 -269212.0
652 2462 -163725.0
652 2429 -7355.0
652 2386 -172269.0
2430 2434 -37815.0
2431 2432 -232434.0
2431 2469 -249196.0
2432 2433 -42935.0
410 2472 -249196.0
410 2433 -75111.0
410 2380 -231853.0
842 2435 -96494.0
842 2473 -263808.0
842 2434 -6817.0
842 2417 -44862.0
818 2443 -48102.0
818 2369 -295324.0
818 2339 -401755.0
2436 2465 -178984.0
900 2437 -213805.0
900 2436 -374830.0
2437 2438 -36523.0
9 2439 -52815.0
9 2454 -65439.0
9 2427 -115030.0
2440 2441 -124515.0
2440 2447 -28972.0
2441 2442 -381660.0
645 2442 -346480.0
645 2349 -486408.0
162 2443 -260768.0
137 2444 -189219.0
137 2463 -188582.0
137 2413 -163745.0
585 2445 -62907.0
585 2449 -8640.0
585 2448 -58797.0
585 2402 -251574.0
2445 2450 -8640.0
2446 2447 -109562.0
799 2447 -506175.0
799 2442 -28972.0
2448 2449 -50157.0
2449 2450 -62907.0
436 2464 -203094.0
436 2450 -140097.0
733 2486 -265388.0
733 2474 -178621.0
733 2446 -11203.0
830 2451 -137126.0
830 2444 -258738.0
830 2412 -215280.0
2451 2455 -325438.0
2452 2453 -66494.0
695 2454 -309883.0
695 2458 -36071.0
695 2453 -210983.0
2454 2460 -36071.0
728 2455 -102997.0
728 2443 -132843.0
2456 2457 -47799.0
2457 2466 -89161.0
746 2457 -127128.0
746 2414 -178409.0
2458 2459 -11687.0
2458 2468 -76711.0
2459 2460 -298196.0
838 2461 -97545.0
838 2492 -275943.0
838 2460 -52815.0
838 2439 -101510.0
2461 2462 -7355.0
2461 2493 -275943.0
2462 2494 -275943.0
193 2463 -151071.0
519 2437 -179859.0
519 2438 -143336.0
243 497 -139359.0
243 2464 -147607.0
497 2465 -51942.0
497 2487 -224156.0
2465 2487 -172214.0
891 2466 -47799.0
891 2508 -261040.0
891 2456 -89161.0
2467 2476 -39367.0
723 2468 -277477.0
723 2477 -39367.0
723 2467 -135675.0
723 2452 -112782.0
2468 2482 -93297.0
2469 2470 -63643.0
2470 2471 -89034.0
2470 2478 -31878.0
2471 2489 -162985.0
731 2472 -118046.0
731 2499 -211642.0
731 2471 -79757.0
731 2432 -249196.0
2472 2500 -211642.0
2473 2484 -168254.0
989 2474 -409083.0
989 2485 -88654.0
989 2473 -96494.0
989 2435 -263808.0
525 2476 -15114.0
525 2479 -38958.0
525 2475 -78395.0
525 2467 -54481.0
2476 2477 -135675.0
2476 2540 -363105.0
2477 2480 -53930.0
24 2478 -205942.0
24 2488 -112581.0
24 86 -305219.0
24 2469 -174177.0
651 2479 -394902.0
651 2475 -355465.0
2479 2539 -324147.0
422 2483 -35248.0
422 2463 -166467.0
2480 2481 -36112.0
2480 2541 -309175.0
2481 2482 -241365.0
334 2490 -105935.0
334 2482 -11687.0
334 2459 -170008.0
49 2464 -143679.0
534 2503 -104057.0
534 2483 -70452.0
2484 2485 -176094.0
2485 2496 -71333.0
672 2486 -1887.0
672 2511 -157629.0
672 2485 -409083.0
672 2474 -88654.0
2486 2512 -157629.0
855 2487 -131128.0
751 2532 -214933.0
86 2488 -192638.0
86 2544 -253395.0
583 2518 -167071.0
583 2455 -279609.0
840 2489 -89034.0
840 2497 -48657.0
840 2488 -224468.0
840 2478 -131107.0
2489 2498 -48657.0
2490 2491 -56735.0
2490 2542 -203240.0
2491 2492 -294276.0
2491 2552 -230040.0
2492 2493 -97545.0
2493 2494 -7355.0
2494 2495 -7655.0
2494 2534 -182578.0
2495 2535 -182578.0
199 2496 -176094.0
199 2555 -230040.0
199 2495 -210716.0
199 2484 -71333.0
2496 2509 -86296.0
93 2580 -335051.0
93 2448 -358945.0
472 2506 -33432.0
820 2487 -67466.0
2497 2498 -89034.0
2497 2514 -103864.0
2498 2499 -79757.0
2499 2500 -118046.0
2500 2501 -44280.0
2500 2515 -103864.0
2501 2516 -103864.0
857 2501 -11146.0
2502 2520 -116730.0
2502 2519 -318840.0
175 2503 -95332.0
175 2521 -116730.0
175 2502 -68357.0
175 2483 -128937.0
2503 2522 -116730.0
350 2504 -9562.0
2504 2505 -98213.0
2505 2506 -69685.0
2506 2507 -39836.0
2506 2513 -37294.0
2507 2508 -171589.0
576 2529 -114208.0
576 2508 -47799.0
576 2466 -261040.0
2509 2510 -225934.0
2509 2558 -160842.0
2510 2511 -183149.0
2511 2512 -1887.0
234 2561 -160842.0
234 2512 -121095.0
880 2513 -69685.0
880 2504 -135507.0
880 2505 -37294.0
2514 2525 -99684.0
962 2515 -197803.0
962 2526 -39756.0
962 2514 -89034.0
962 2498 -103864.0
2515 2516 -44280.0
2515 2527 -39756.0
2517 2524 -2093.0
416 2518 -150831.0
416 2589 -234551.0
416 2517 -170974.0
416 583 -317902.0
2518 2583 -361535.0
2519 2520 -202110.0
2519 2533 -28971.0
2520 2521 -68357.0
2520 2543 -65480.0
2521 2522 -95332.0
2522 2523 -156314.0
2523 2586 -232458.0
967 2524 -234921.0
967 2587 -232458.0
967 2523 -178700.0
967 2517 -237014.0
2524 2588 -232458.0
2525 2526 -148962.0
2526 2527 -197803.0
2526 2547 -42592.0
2527 2528 -943.0
208 2579 -159973.0
208 2528 -43337.0
208 2516 -39756.0
2529 2530 -279475.0
2529 2536 -10014.0
2530 2531 -121136.0
2531 2532 -69183.0
2531 2537 -10014.0
351 439 -329903.0
351 2532 -54037.0
439 2533 -138236.0
439 574 -174745.0
682 2534 -7355.0
682 2553 -47462.0
682 2493 -182578.0
2534 2535 -7655.0
2534 2554 -47462.0
2536 2538 -147325.0
303 2537 -121136.0
303 2536 -279475.0
303 2530 -10014.0
758 2538 -76686.0
758 2513 -131387.0
758 2507 -128845.0
2539 2540 -15114.0
2539 2645 -297931.0
2540 2541 -135675.0
2540 2570 -123755.0
278 2542 -253052.0
278 2549 -26800.0
278 2541 -36112.0
278 2481 -309175.0
2542 2551 -26800.0
574 2543 -202110.0
574 2533 -36509.0
2543 2593 -176055.0
2544 2545 -17648.0
2544 2556 -20244.0
2544 2548 -64137.0
2545 2546 -248842.0
2546 2585 -165049.0
932 2547 -148962.0
932 2598 -176329.0
932 2546 -72162.0
932 2525 -42592.0
2547 2577 -117381.0
624 2548 -38351.0
624 956 -51496.0
395 758 -113341.0
395 2538 -36655.0
2549 2550 -82292.0
2549 2571 -96955.0
2550 2551 -170760.0
2550 2572 -96955.0
2551 2552 -56735.0
2551 2573 -96955.0
2552 2553 -391821.0
2553 2554 -7355.0
375 2555 -210716.0
375 2563 -66027.0
375 2554 -7655.0
375 2535 -47462.0
2555 2565 -66027.0
15 2557 -9488.0
15 846 -19238.0
15 820 -210308.0
956 2556 -57038.0
956 2562 -77733.0
956 2548 -13145.0
2556 2562 -20695.0
846 2557 -9750.0
846 2575 -90218.0
2557 2576 -90218.0
2558 2559 -16676.0
2558 2566 -48929.0
2559 2560 -54870.0
2560 2567 -48929.0
658 2561 -306131.0
658 2620 -188791.0
658 2560 -154388.0
658 2510 -160842.0
2561 2568 -52148.0
180 2584 -124110.0
180 2562 -17648.0
180 2545 -40939.0
2563 2564 -49322.0
2563 2574 -30928.0
2564 2565 -161394.0
2565 2566 -176094.0
654 2567 -54870.0
654 2582 -69630.0
654 2566 -16676.0
654 2559 -48929.0
2568 2569 -96437.0
2568 2623 -136643.0
285 2624 -136643.0
285 2569 -86267.0
339 2628 -134421.0
339 2605 -198636.0
2570 2571 -171787.0
2570 2646 -174176.0
2571 2572 -82292.0
2571 2691 -328513.0
2572 2573 -170760.0
56 2574 -406831.0
56 2573 -56735.0
56 2552 -96955.0
2574 2581 -40452.0
2575 2576 -9750.0
2575 2637 -128255.0
269 2638 -114390.0
269 2576 -3281.0
2577 2578 -3325.0
2577 2599 -58948.0
2578 2600 -58948.0
467 2579 -43337.0
467 2601 -58948.0
467 2578 -195421.0
467 2528 -159973.0
2579 2602 -58948.0
197 2580 -103108.0
390 2649 -193413.0
390 2580 -19183.0
655 2582 -354164.0
655 2581 -47572.0
655 2564 -69630.0
252 2581 -7418.0
2583 2590 -3062.0
571 2591 -3062.0
571 2583 -302640.0
890 2585 -136431.0
890 2596 -11280.0
890 2584 -112411.0
2585 2597 -11280.0
2586 2587 -178700.0
2587 2588 -234921.0
2587 2595 -9077.0
2588 2589 -170974.0
2588 2607 -12283.0
2589 2590 -280877.0
2589 2608 -12283.0
2590 2591 -302640.0
2591 2592 -14758.0
2591 2609 -12283.0
338 2634 -56518.0
338 2592 -179410.0
2593 2594 -303782.0
2594 2647 -156779.0
479 2595 -178700.0
479 2648 -156779.0
479 2594 -16221.0
479 2586 -9077.0
2595 2606 -3206.0
2596 2597 -136431.0
2596 2611 -37820.0
2597 2598 -72162.0
2597 2612 -37820.0
2598 2599 -148962.0
2598 2613 -37820.0
2599 2600 -3325.0
2599 2614 -37820.0
2600 2601 -195421.0
2600 2615 -37820.0
2601 2602 -43337.0
2601 2617 -37820.0
2602 2603 -70680.0
2602 2618 -37820.0
2603 2604 -15694.0
2604 2619 -37820.0
966 2605 -158488.0
966 2627 -44505.0
966 2604 -40883.0
2606 2607 -234921.0
2606 2610 -211763.0
2607 2608 -170974.0
854 2609 -302640.0
854 2608 -280877.0
854 2590 -12283.0
254 2692 -243749.0
254 2610 -41575.0
254 2607 -18417.0
239 2639 -27116.0
2611 2612 -136431.0
2611 2629 -6769.0
2612 2613 -72162.0
2612 2630 -6769.0
2613 2614 -148962.0
2613 2631 -6769.0
2614 2615 -3325.0
2614 2632 -6769.0
2615 2616 -95979.0
2616 2617 -99442.0
2616 2633 -6769.0
2617 2618 -43337.0
898 2619 -15694.0
898 2625 -6685.0
898 2618 -70680.0
898 2603 -37820.0
2619 2626 -6685.0
2620 2621 -218514.0
2620 2643 -93127.0
2621 2622 -68320.0
2621 2659 -146516.0
2622 2623 -19297.0
2622 2660 -146516.0
122 2624 -86267.0
122 2661 -146516.0
122 2623 -96437.0
122 2569 -136643.0
2624 2635 -7377.0
2625 2626 -15694.0
2625 2685 -208468.0
2626 2627 -40883.0
807 2628 -108720.0
807 2627 -158488.0
807 2605 -44505.0
2628 2644 -182862.0
2629 2630 -136431.0
2629 2653 -117085.0
2630 2631 -72162.0
2631 2632 -148962.0
994 2633 -95979.0
994 2683 -208384.0
994 2632 -3325.0
994 2615 -6769.0
2633 2684 -208384.0
478 2634 -179410.0
478 2609 -58993.0
478 2592 -56518.0
2634 2641 -46758.0
2635 2636 -242642.0
2635 2667 -142546.0
446 2717 -286429.0
446 2636 -375181.0
2637 2638 -26896.0
2637 2640 -6934.0
697 2673 -155513.0
697 2638 -186989.0
2639 2650 -134710.0
790 2640 -142856.0
790 2655 -111788.0
790 2639 -65069.0
909 2582 -163346.0
909 2567 -178106.0
2641 2642 -348942.0
2641 2679 -352800.0
2642 2651 -69361.0
313 2652 -69361.0
313 2642 -180954.0
313 2584 -120656.0
762 2643 -91426.0
762 2657 -92939.0
762 909 -38745.0
2644 2688 -154337.0
632 2645 -181143.0
632 2689 -154337.0
632 2644 -260609.0
2645 2646 -15114.0
2645 2690 -154337.0
605 2647 -303782.0
605 2757 -368924.0
605 647 -419366.0
605 2593 -156779.0
2647 2648 -16221.0
2647 2711 -174340.0
2648 2704 -130610.0
803 2710 -165628.0
803 2703 -141532.0
803 2537 -363573.0
141 2650 -310658.0
141 2654 -326230.0
141 2649 -85323.0
2650 2654 -15572.0
2651 2652 -180954.0
2652 2653 -129474.0
901 2681 -91299.0
901 2653 -136431.0
901 2630 -117085.0
2654 2655 -103563.0
2654 2693 -96007.0
2655 2656 -37233.0
2656 2670 -36791.0
964 2671 -36791.0
964 2656 -105623.0
964 2640 -111788.0
2657 2658 -60719.0
257 2659 -258064.0
257 2662 -3407.0
257 2658 -30707.0
257 2643 -92939.0
2659 2660 -68320.0
2659 2663 -3407.0
2660 2661 -115734.0
2660 2664 -3407.0
2661 2666 -3407.0
2662 2663 -258064.0
2662 2669 -5205.0
2663 2664 -68320.0
2663 2674 -25095.0
2664 2665 -35166.0
2664 2675 -25095.0
2665 2666 -80568.0
2665 2676 -25095.0
2666 2667 -86267.0
2666 2677 -25095.0
2667 2668 -138429.0
554 2678 -25095.0
554 2668 -104213.0
554 2636 -142546.0
415 2669 -30707.0
415 2775 -376248.0
415 2657 -69331.0
415 2658 -8612.0
2669 2674 -277954.0
2670 2671 -105623.0
2671 2672 -114401.0
2672 2673 -99484.0
491 2721 -324057.0
491 2673 -250809.0
2674 2675 -68320.0
2674 2735 -266770.0
2675 2676 -35166.0
2675 2736 -266770.0
2676 2677 -80568.0
669 2678 -104213.0
669 2677 -224696.0
669 2668 -25095.0
2678 2715 -118788.0
219 2702 -51924.0
2679 2680 -140191.0
2680 2779 -346599.0
928 2680 -253.0
928 2651 -74941.0
511 2755 -279326.0
511 2649 -84889.0
2681 2682 -13814.0
2681 2694 -23422.0
2682 2683 -210635.0
2682 2695 -23422.0
2683 2684 -95979.0
2683 2696 -23422.0
2684 2685 -213459.0
2684 2686 -10510.0
59 2687 -10510.0
59 2685 -15694.0
59 2626 -208468.0
2686 2687 -229153.0
2687 2688 -426312.0
2687 2697 -12912.0
2688 2689 -260609.0
2689 2690 -181143.0
411 2691 -171787.0
411 2698 -13447.0
411 2690 -15114.0
411 2646 -154337.0
2691 2699 -13447.0
314 2692 -41575.0
314 2707 -22017.0
314 995 -69351.0
314 2610 -243749.0
2692 2741 -245133.0
2693 2730 -176596.0
94 2731 -176596.0
94 2693 -140796.0
94 2670 -59216.0
2694 2695 -13814.0
2694 2718 -76234.0
2695 2696 -210635.0
550 2697 -229153.0
550 2696 -95979.0
550 2686 -12912.0
2698 2699 -171787.0
2698 2723 -136765.0
2699 2700 -4804.0
2700 2701 -73987.0
2701 2724 -129119.0
363 2701 -3501.0
363 2572 -341960.0
2702 2708 -328710.0
404 2703 -68005.0
404 2709 -41008.0
404 2702 -36077.0
2704 2705 -150939.0
2704 2712 -43730.0
2705 2706 -9111.0
2706 2713 -43730.0
995 2707 -47334.0
995 2727 -124166.0
995 2706 -164662.0
2707 2740 -223116.0
2708 2709 -323779.0
2708 2714 -13521.0
84 2710 -16912.0
84 2720 -64550.0
84 2709 -68005.0
84 2703 -41008.0
2710 2769 -234657.0
190 2697 -473945.0
190 2688 -60545.0
2711 2712 -16221.0
2712 2763 -209888.0
71 2713 -9111.0
71 2726 -80436.0
71 2712 -150939.0
71 2705 -43730.0
809 2714 -28738.0
809 2719 -51029.0
2715 2716 -104432.0
2715 2733 -183659.0
2716 2717 -270749.0
681 2717 -85888.0
660 2718 -2415.0
660 2695 -64835.0
2719 2722 -27635.0
997 2720 -391784.0
997 2766 -170107.0
997 2719 -28738.0
997 2714 -51029.0
2720 2768 -170107.0
722 2722 -390307.0
722 2772 -166285.0
722 2721 -96092.0
2722 2765 -160947.0
911 2718 -54420.0
476 2724 -73987.0
476 2728 -36453.0
476 2723 -168945.0
476 2700 -129119.0
2725 2726 -26826.0
2725 2745 -98975.0
2725 2744 -185914.0
766 2727 -164662.0
766 2746 -98975.0
766 2726 -9111.0
766 2713 -80436.0
2727 2739 -98950.0
2728 2729 -49079.0
2728 2778 -137699.0
2729 2826 -252410.0
158 2827 -252410.0
158 2729 -24908.0
158 2724 -36453.0
2730 2731 -140796.0
2731 2732 -213669.0
2732 2738 -60376.0
146 2754 -70901.0
146 2732 -6355.0
146 2672 -235812.0
2733 2734 -6135.0
2734 2797 -172767.0
974 2734 -39355.0
974 2716 -124717.0
437 2758 -38847.0
2735 2736 -68320.0
2736 2737 -27251.0
2736 2776 -89588.0
2737 2777 -89588.0
559 2737 -7915.0
559 2676 -266770.0
172 2738 -354465.0
172 2753 -10525.0
172 2752 -62595.0
172 2730 -60376.0
2739 2740 -47334.0
2739 2748 -25.0
2740 2741 -41575.0
2740 2749 -25.0
2741 2742 -212371.0
2741 2750 -25.0
2742 2743 -68464.0
2743 2751 -25.0
870 2855 -294107.0
870 2743 -88949.0
2744 2745 -86939.0
2744 2764 -30477.0
2745 2746 -35937.0
2745 2793 -83056.0
2746 2747 -53337.0
2746 2794 -83056.0
2747 2748 -111325.0
2748 2749 -47334.0
2749 2750 -41575.0
965 2751 -68464.0
965 2820 -168325.0
965 2750 -212371.0
965 2742 -25.0
2751 2853 -294082.0
2752 2753 -52070.0
2752 2756 -5139.0
2753 2796 -107649.0
312 2754 -6355.0
312 2801 -121792.0
312 2753 -354465.0
312 2738 -10525.0
2754 2802 -121792.0
2755 2824 -173229.0
805 2756 -117596.0
805 2795 -102510.0
805 2755 -226315.0
647 2757 -50442.0
647 2760 -15304.0
647 2759 -96426.0
2757 2761 -15304.0
2758 2803 -118640.0
281 2804 -118640.0
281 2758 -53771.0
2759 2760 -81122.0
2759 2771 -16134.0
2760 2761 -50442.0
2760 2789 -52579.0
2761 2762 -196802.0
2762 2790 -52579.0
34 2763 -16221.0
34 2791 -52579.0
34 2762 -106980.0
34 2711 -209888.0
2763 2764 -37174.0
2763 2792 -52579.0
2765 2766 -47213.0
2766 2767 -102003.0
2766 2773 -5338.0
2767 2768 -289781.0
2767 2774 -5338.0
2768 2769 -16912.0
2768 2784 -36445.0
2769 2770 -137738.0
2769 2785 -36445.0
2770 2786 -36445.0
919 2771 -290085.0
919 2787 -36445.0
919 2770 -229915.0
2771 2788 -36445.0
2772 2780 -56629.0
57 2773 -47213.0
57 2781 -31107.0
57 2772 -390307.0
57 2765 -5338.0
2773 2774 -102003.0
2773 2782 -31107.0
2774 2783 -31107.0
376 2776 -68320.0
376 2834 -174961.0
376 2775 -288771.0
376 2735 -89588.0
2776 2777 -27251.0
2776 2835 -174961.0
485 2778 -168945.0
485 2847 -298433.0
485 2723 -174152.0
2778 2848 -213111.0
866 2779 -140191.0
866 2679 -346599.0
326 2780 -67810.0
326 2812 -71598.0
326 2721 -194632.0
2781 2782 -47213.0
2781 2805 -66273.0
2782 2783 -102003.0
2782 2806 -66273.0
2783 2784 -289781.0
2783 2807 -66273.0
2784 2785 -16912.0
2784 2808 -66273.0
2785 2786 -137738.0
2785 2809 -66273.0
2786 2787 -229915.0
2787 2788 -290085.0
2787 2811 -66273.0
2788 2789 -81122.0
2788 2814 -85269.0
2789 2790 -247244.0
2789 2815 -85269.0
2790 2791 -106980.0
2790 2816 -85269.0
2791 2792 -16221.0
302 2793 -86939.0
302 2817 -85269.0
302 2792 -37174.0
302 2764 -52579.0
2793 2794 -35937.0
2793 2818 -85269.0
2794 2819 -85269.0
834 2868 -232832.0
834 911 -222265.0
2795 2825 -248916.0
299 2796 -52070.0
299 2798 -14143.0
299 2795 -117596.0
299 2756 -102510.0
2796 2799 -14143.0
13 2797 -6135.0
13 2876 -243225.0
13 2733 -172767.0
2797 2877 -243225.0
2798 2799 -52070.0
2798 2875 -226134.0
2799 2800 -45111.0
2800 2801 -309354.0
2801 2802 -6355.0
360 2802 -72942.0
776 2803 -102758.0
776 781 -46462.0
776 2758 -221398.0
2803 2804 -53771.0
2803 2842 -137675.0
2804 2843 -137675.0
2805 2806 -47213.0
2805 2879 -258345.0
2806 2807 -102003.0
2807 2808 -289781.0
2808 2809 -16912.0
2808 2880 -258345.0
2809 2810 -80750.0
2809 2881 -258345.0
2810 2882 -258345.0
679 2811 -229915.0
679 2908 -372560.0
679 2810 -56988.0
679 2786 -66273.0
2811 2813 -18996.0
2812 2830 -169325.0
837 2812 -67810.0
837 2780 -71598.0
394 2832 -73614.0
394 2831 -231837.0
394 2775 -145982.0
2813 2814 -290085.0
2813 2821 -571.0
2814 2815 -81122.0
2815 2816 -247244.0
2816 2817 -160375.0
2816 2823 -571.0
2817 2818 -86939.0
2817 2883 -247802.0
2818 2819 -35937.0
2818 2884 -247802.0
399 2820 -412605.0
399 2819 -53337.0
399 2747 -168325.0
2820 2852 -125757.0
2821 2822 -68242.0
2821 2909 -352993.0
144 2823 -328366.0
144 2822 -221843.0
144 2814 -571.0
781 2829 -7994.0
348 2824 -92123.0
348 2873 -261681.0
2824 2825 -48118.0
2824 2873 -169558.0
2825 2874 -169558.0
2826 2827 -24908.0
2826 2836 -85475.0
2827 2828 -92039.0
2827 2837 -85475.0
2828 2838 -85475.0
165 2829 -330065.0
165 2839 -85475.0
165 2828 -122483.0
165 781 -338059.0
2829 2841 -85475.0
120 2830 -78513.0
120 360 -266953.0
2831 2832 -158223.0
2832 2833 -212884.0
2832 2846 -30146.0
2833 2834 -120522.0
2834 2835 -68320.0
2835 2886 -193031.0
449 2835 -27251.0
449 2777 -174961.0
242 604 -192054.0
242 2830 -81234.0
2836 2837 -24908.0
2836 2849 -12925.0
2837 2838 -92039.0
2837 2850 -12925.0
2838 2839 -122483.0
2838 2851 -12925.0
2839 2840 -168922.0
2839 2859 -41509.0
2840 2841 -161143.0
2840 2861 -50171.0
2841 2842 -105014.0
2841 2862 -50171.0
2842 2843 -53771.0
2842 2863 -50171.0
2843 2844 -84697.0
2843 2864 -50171.0
2844 2845 -44419.0
2845 2867 -50171.0
1 2846 -158223.0
1 2845 -144968.0
1 2831 -30146.0
2847 2848 -83623.0
296 2849 -44844.0
296 2856 -28584.0
296 2848 -4235.0
296 2836 -57769.0
2849 2850 -24908.0
2849 2857 -28584.0
2850 2851 -92039.0
2850 2858 -28584.0
2852 2853 -68464.0
2853 2854 -7638.0
2854 2855 -81311.0
2854 2878 -78850.0
754 2892 -175060.0
754 2855 -98413.0
545 816 -153720.0
545 866 -364028.0
545 2779 -223837.0
2856 2857 -44844.0
2856 2899 -197928.0
2857 2858 -24908.0
2857 2894 -187519.0
848 2859 -122483.0
848 2895 -187519.0
848 2858 -92039.0
848 2851 -28584.0
2859 2860 -8662.0
2860 2861 -168922.0
2860 2896 -178857.0
2861 2862 -161143.0
2861 2869 -27267.0
2862 2863 -105014.0
2862 2870 -27267.0
2863 2864 -53771.0
2863 2871 -27267.0
2864 2865 -26654.0
2865 2866 -52820.0
2866 2872 -27267.0
608 2867 -44419.0
608 2926 -329145.0
608 2866 -5223.0
608 2844 -50171.0
328 2868 -216518.0
328 816 -93569.0
2869 2870 -161143.0
2870 2871 -105014.0
2871 2898 -151590.0
398 2872 -52820.0
398 2871 -80425.0
398 2865 -27267.0
2872 2925 -301878.0
2873 2874 -48118.0
2874 2875 -295793.0
656 2918 -248120.0
656 2875 -97181.0
656 2800 -226134.0
2876 2877 -6135.0
2876 2888 -92773.0
2877 2889 -92773.0
548 2877 -73443.0
558 2885 -46935.0
709 2878 -7638.0
709 2890 -96210.0
709 2852 -147314.0
709 2853 -78850.0
2878 2891 -96210.0
573 2873 -76008.0
573 2874 -27890.0
2879 2901 -198338.0
108 2880 -289781.0
108 2904 -114215.0
108 2879 -149216.0
108 2807 -258345.0
2880 2881 -16912.0
2880 2906 -114215.0
2881 2882 -80750.0
2881 2907 -114215.0
889 2883 -160375.0
889 2934 -330208.0
889 2823 -247231.0
2883 2884 -86939.0
2883 2935 -330208.0
2884 2937 -330208.0
396 2885 -118652.0
396 749 -94906.0
2885 2887 -180574.0
79 2886 -188842.0
79 2893 -235965.0
79 2846 -375769.0
79 2833 -193031.0
428 2887 -2871.0
458 2888 -22721.0
458 2923 -183077.0
458 2876 -115494.0
2888 2889 -6135.0
2888 2924 -183077.0
2890 2891 -7638.0
2890 2933 -276866.0
2891 2892 -179724.0
668 2892 -19357.0
714 2893 -14386.0
714 2886 -61509.0
2894 2895 -116947.0
2894 2900 -10409.0
2895 2896 -122483.0
2895 2917 -86791.0
2896 2897 -32654.0
918 2898 -266157.0
918 2897 -136268.0
918 2869 -151590.0
2898 2941 -263133.0
764 2899 -87858.0
764 2915 -76382.0
764 2914 -292398.0
764 2847 -226512.0
2899 2900 -44844.0
2899 2916 -76382.0
89 2901 -185088.0
89 2902 -10507.0
89 604 -386548.0
2901 2903 -10507.0
2902 2903 -185088.0
2902 2928 -172591.0
2903 2904 -243846.0
2904 2905 -54477.0
2904 2929 -172591.0
2905 2906 -235304.0
2906 2907 -16912.0
696 2908 -56988.0
696 2910 -99826.0
696 2907 -80750.0
696 2882 -114215.0
2908 2909 -229915.0
2908 2910 -42838.0
2909 2911 -42838.0
2910 2911 -229915.0
2911 2912 -17603.0
2912 2913 -8883.0
2913 2922 -63195.0
850 2913 -41756.0
850 2822 -395831.0
52 2932 -146870.0
52 2868 -294549.0
2914 2915 -216016.0
2915 2916 -87858.0
626 2917 -116947.0
626 2919 -39340.0
626 2916 -44844.0
626 2900 -76382.0
2917 2920 -39340.0
2918 2927 -124502.0
407 2918 -12120.0
2919 2920 -116947.0
2919 2940 -119585.0
2920 2921 -78729.0
780 2921 -76408.0
780 2897 -126131.0
741 2922 -8883.0
741 2912 -63195.0
2923 2924 -22721.0
325 2924 -6135.0
325 2889 -183077.0
2925 2926 -5223.0
2925 2930 -51392.0
425 2931 -51392.0
425 2926 -44419.0
425 2867 -329145.0
802 2947 -98496.0
802 2893 -160832.0
266 2927 -171314.0
2928 2978 -377065.0
20 2929 -243846.0
20 2961 -194793.0
20 2928 -185088.0
20 2903 -172591.0
2930 2931 -49642.0
2931 2942 -46925.0
536 2944 -53014.0
536 2931 -429388.0
83 475 -151304.0
83 2887 -267959.0
564 2957 -176209.0
564 2932 -168572.0
475 2939 -100231.0
2933 2938 -7363.0
587 2970 -187846.0
587 2933 -7638.0
587 2891 -276866.0
2934 2935 -160375.0
2935 2936 -27510.0
2936 2937 -59429.0
2936 2955 -122378.0
2937 2966 -183200.0
335 2938 -317538.0
335 2969 -187519.0
335 2937 -245769.0
22 2940 -348718.0
22 2939 -183688.0
22 2914 -158925.0
2940 2949 -128173.0
2941 2973 -300710.0
452 2942 -49642.0
452 2974 -300710.0
452 2941 -118717.0
452 2930 -46925.0
2942 2943 -373559.0
357 2948 -73685.0
357 2923 -289042.0
2943 2944 -61918.0
2943 2953 -72997.0
2944 2945 -213719.0
2944 2954 -72997.0
2945 2946 -14055.0
2946 2947 -33369.0
2946 2950 -70915.0
38 2948 -133404.0
38 2947 -108959.0
70 2956 -94179.0
70 2929 -136143.0
70 2905 -254257.0
259 2960 -100469.0
259 749 -349125.0
869 2971 -166773.0
869 2949 -116360.0
869 2921 -168442.0
952 2982 -328808.0
952 2927 -122333.0
477 2950 -14055.0
477 2952 -1938.0
477 2951 -28038.0
477 2945 -70915.0
2951 2952 -26100.0
713 2952 -14055.0
713 2950 -1938.0
2953 2954 -61918.0
450 2954 -187619.0
450 2951 -144.0
893 2963 -234020.0
893 2932 -188798.0
163 2955 -231119.0
163 2965 -60822.0
163 2964 -140217.0
163 2934 -165612.0
920 2956 -70393.0
649 752 -326257.0
649 2939 -130775.0
2957 2958 -102347.0
2958 2959 -61071.0
2959 2962 -4537.0
634 2960 -151347.0
634 2959 -33841.0
2961 2979 -216562.0
300 2961 -150746.0
300 2956 -166525.0
955 2948 -136790.0
74 2962 -61071.0
74 2957 -106884.0
74 2958 -4537.0
808 2963 -70000.0
700 782 -132610.0
700 808 -88285.0
662 741 -307149.0
662 2922 -298266.0
2964 2965 -79395.0
271 2966 -59429.0
271 2967 -4319.0
271 2965 -231119.0
271 2955 -60822.0
2966 2968 -4319.0
2967 2968 -59429.0
2968 2969 -245769.0
397 2970 -14674.0
397 2981 -177193.0
397 2969 -317538.0
397 2938 -187519.0
2970 2981 -162519.0
215 2972 -80457.0
215 2964 -7353.0
142 2976 -122139.0
142 2960 -62936.0
782 786 -337079.0
508 2971 -116360.0
508 2949 -166773.0
2971 2975 -326701.0
87 2972 -285169.0
87 662 -225742.0
321 2972 -7310.0
88 756 -62181.0
793 2963 -140890.0
2973 2974 -118717.0
538 2974 -417112.0
538 2953 -221624.0
836 2975 -260447.0
836 2973 -5818.0
6 2983 -62378.0
2976 2977 -307249.0
2976 2980 -91619.0
752 2977 -114656.0
756 2978 -30623.0
2978 2979 -150798.0
831 2980 -105695.0
831 2962 -180356.0
753 2981 -74018.0
524 831 -131385.0
524 2980 -25690.0
126 2977 -41739.0
111 2978 -202835.0
111 2979 -52037.0
463 2975 -72350.0
2982 2984 -168739.0
260 2983 -304994.0
260 2982 -76170.0
29 2967 -266416.0
29 2968 -206987.0
272 2983 -165455.0
716 2984 -389692.0
853 2984 -8867.0
