MULTICUT
1 2 -1000.0
1 11 -1000.0
1 12 -1000.0
1 51 -1000.0
1 52 -1000.0
2 3 -1000.0
2 11 -5000.0
2 12 -1000.0
2 13 -1000.0
2 51 -1000.0
2 52 -1000.0
2 53 -1000.0
3 4 -1000.0
3 12 -1000.0
3 13 -1000.0
3 14 -1000.0
3 52 -1000.0
3 53 -1000.0
3 54 -1000.0
4 5 -1000.0
4 13 -1000.0
4 14 -1000.0
4 15 -1000.0
4 53 -1000.0
4 54 -1000.0
4 55 -1000.0
5 6 -1000.0
5 14 -1000.0
5 15 -1000.0
5 16 -1000.0
5 54 -1000.0
5 55 -1000.0
5 56 -1000.0
6 7 -1000.0
6 15 -1000.0
6 16 -1000.0
6 17 -1000.0
6 55 -1000.0
6 56 -1000.0
6 57 -1000.0
7 8 -1000.0
7 16 -1000.0
7 17 -1000.0
7 18 -1000.0
7 56 -1000.0
7 57 -4000.0
7 58 -1000.0
8 9 -1000.0
8 17 -1000.0
8 18 -2000.0
8 19 -1000.0
8 57 -1000.0
8 58 -1000.0
8 59 -1000.0
9 10 -1000.0
9 18 -1000.0
9 19 -1000.0
9 20 -1000.0
9 58 -1000.0
9 59 -1000.0
9 60 -1000.0
10 19 -1000.0
10 20 -1000.0
10 59 -1000.0
10 60 -1000.0
11 12 -1000.0
11 21 -1000.0
11 22 -1000.0
11 61 -1000.0
11 62 -1000.0
12 13 -1000.0
12 21 -1000.0
12 22 -1000.0
12 23 -1000.0
12 61 -1000.0
12 62 -1000.0
12 63 -1000.0
13 14 -1000.0
13 22 -1000.0
13 23 -1000.0
13 24 -1000.0
13 62 -1000.0
13 63 -1000.0
13 64 -1000.0
14 15 -1000.0
14 23 -1000.0
14 24 -1000.0
14 25 -1000.0
14 63 -1000.0
14 64 -1000.0
14 65 -10000.0
15 16 -1000.0
15 24 -1000.0
15 25 -1000.0
15 26 -1000.0
15 64 -13000.0
15 65 -1000.0
15 66 -1000.0
16 17 -1000.0
16 25 -1000.0
16 26 -1000.0
16 27 -1000.0
16 65 -1000.0
16 66 -1000.0
16 67 -1000.0
17 18 -1000.0
17 26 -1000.0
17 27 -1000.0
17 28 -1000.0
17 66 -1000.0
17 67 -7000.0
17 68 -1000.0
18 19 -1000.0
18 27 -1000.0
18 28 -1000.0
18 29 -1000.0
18 67 -4000.0
18 68 -1000.0
18 69 -1000.0
19 20 -1000.0
19 28 -1000.0
19 29 -1000.0
19 30 -1000.0
19 68 -1000.0
19 69 -1000.0
19 70 -1000.0
20 29 -1000.0
20 30 -1000.0
20 69 -1000.0
20 70 -5000.0
21 22 -1000.0
21 31 -1000.0
21 32 -1000.0
21 71 -1000.0
21 72 -1000.0
22 23 -1000.0
22 31 -1000.0
22 32 -1000.0
22 33 -4000.0
22 71 -1000.0
22 72 -1000.0
22 73 -1000.0
23 24 -1000.0
23 32 -1000.0
23 33 -1000.0
23 34 -1000.0
23 72 -1000.0
23 73 -1000.0
23 74 -1000.0
24 25 -1000.0
24 33 -1000.0
24 34 -1000.0
24 35 -5000.0
24 73 -1000.0
24 74 -1000.0
24 75 -1000.0
25 26 -1000.0
25 34 -1000.0
25 35 -1000.0
25 36 -1000.0
25 74 -1000.0
25 75 -1000.0
25 76 -1000.0
26 27 -1000.0
26 35 -1000.0
26 36 -1000.0
26 37 -1000.0
26 75 -1000.0
26 76 -1000.0
26 77 -1000.0
27 28 -1000.0
27 36 -1000.0
27 37 -1000.0
27 38 -1000.0
27 76 -1000.0
27 77 -1000.0
27 78 -1000.0
28 29 -1000.0
28 37 -1000.0
28 38 -5000.0
28 39 -1000.0
28 77 -1000.0
28 78 -1000.0
28 79 -11000.0
29 30 -1000.0
29 38 -1000.0
29 39 -1000.0
29 40 -1000.0
29 78 -1000.0
29 79 -1000.0
29 80 -1000.0
30 39 -1000.0
30 40 -7000.0
30 79 -1000.0
30 80 -1000.0
31 32 -1000.0
31 41 -1000.0
31 42 -1000.0
31 81 -1000.0
31 82 -1000.0
32 33 -1000.0
32 41 -1000.0
32 42 -1000.0
32 43 -12000.0
32 81 -1000.0
32 83 -1000.0
33 34 -1000.0
33 42 -1000.0
33 43 -1000.0
33 44 -1000.0
33 82 -1000.0
33 83 -1000.0
33 84 -1000.0
34 35 -1000.0
34 43 -1000.0
34 44 -1000.0
34 45 -1000.0
34 83 -1000.0
34 84 -1000.0
34 85 -1000.0
35 36 -1000.0
35 44 -1000.0
35 45 -9000.0
35 46 -1000.0
35 84 -1000.0
35 85 -1000.0
35 86 -1000.0
36 37 -1000.0
36 45 -1000.0
36 46 -1000.0
36 47 -1000.0
36 85 -1000.0
36 86 -1000.0
36 87 -1000.0
37 38 -1000.0
37 46 -1000.0
37 47 -5000.0
37 48 -10000.0
37 86 -1000.0
37 87 -1000.0
37 88 -1000.0
38 39 -1000.0
38 47 -1000.0
38 48 -1000.0
38 49 -1000.0
38 87 -1000.0
38 88 -1000.0
38 89 -1000.0
39 40 -1000.0
39 48 -1000.0
39 49 -1000.0
39 50 -13000.0
39 88 -1000.0
39 89 -1000.0
39 90 -1000.0
40 49 -1000.0
40 50 -1000.0
40 89 -1000.0
40 90 -1000.0
41 42 -1000.0
41 91 -1000.0
41 92 -1000.0
42 43 -1000.0
42 91 -1000.0
42 92 -1000.0
42 93 -1000.0
43 44 -1000.0
43 92 -1000.0
43 93 -1000.0
43 94 -1000.0
44 45 -1000.0
44 93 -10000.0
44 94 -1000.0
44 95 -1000.0
45 46 -1000.0
45 94 -1000.0
45 95 -1000.0
45 96 -1000.0
46 47 -1000.0
46 95 -1000.0
46 96 -1000.0
46 97 -1000.0
47 48 -1000.0
47 96 -1000.0
47 97 -1000.0
47 98 -1000.0
48 49 -1000.0
48 97 -1000.0
48 98 -1000.0
48 99 -1000.0
49 50 -1000.0
49 98 -1000.0
49 99 -1000.0
49 100 -6000.0
50 99 -2000.0
50 100 -1000.0
51 52 -1000.0
51 61 -1000.0
51 62 -1000.0
51 101 -1000.0
51 102 -1000.0
52 53 -1000.0
52 61 -1000.0
52 62 -1000.0
52 63 -1000.0
52 101 -1000.0
52 102 -1000.0
52 103 -1000.0
53 54 -1000.0
53 62 -1000.0
53 63 -1000.0
53 64 -1000.0
53 102 -1000.0
53 103 -1000.0
53 104 -1000.0
54 55 -1000.0
54 63 -1000.0
54 64 -1000.0
54 65 -1000.0
54 103 -1000.0
54 104 -1000.0
54 105 -1000.0
55 56 -1000.0
55 64 -1000.0
55 65 -1000.0
55 66 -1000.0
55 104 -1000.0
55 105 -1000.0
55 106 -1000.0
56 57 -1000.0
56 65 -13000.0
56 66 -1000.0
56 67 -1000.0
56 105 -1000.0
56 106 -1000.0
56 107 -1000.0
57 58 -1000.0
57 66 -1000.0
57 67 -1000.0
57 68 -1000.0
57 106 -1000.0
57 107 -1000.0
57 108 -1000.0
58 59 -1000.0
58 67 -1000.0
58 68 -1000.0
58 69 -1000.0
58 107 -1000.0
58 108 -1000.0
58 109 -1000.0
59 60 -1000.0
59 68 -1000.0
59 69 -1000.0
59 70 -1000.0
59 108 -12000.0
59 109 -1000.0
59 110 -1000.0
60 69 -1000.0
60 70 -1000.0
60 109 -1000.0
60 110 -1000.0
61 62 -1000.0
61 71 -1000.0
61 72 -2000.0
61 111 -1000.0
61 112 -1000.0
62 63 -1000.0
62 71 -4000.0
62 72 -1000.0
62 73 -1000.0
62 111 -1000.0
62 112 -1000.0
62 113 -1000.0
63 64 -1000.0
63 72 -1000.0
63 73 -5000.0
63 74 -3000.0
63 112 -1000.0
63 113 -1000.0
63 114 -1000.0
64 65 -1000.0
64 73 -1000.0
64 74 -1000.0
64 75 -1000.0
64 113 -1000.0
64 114 -1000.0
64 115 -1000.0
65 66 -1000.0
65 74 -1000.0
65 75 -1000.0
65 76 -1000.0
65 114 -1000.0
65 115 -1000.0
65 116 -1000.0
66 67 -1000.0
66 75 -1000.0
66 76 -4000.0
66 77 -1000.0
66 115 -1000.0
66 116 -7000.0
66 117 -1000.0
67 68 -1000.0
67 76 -1000.0
67 77 -1000.0
67 78 -1000.0
67 116 -1000.0
67 117 -1000.0
67 118 -1000.0
68 69 -1000.0
68 77 -1000.0
68 78 -1000.0
68 79 -1000.0
68 117 -1000.0
68 118 -1000.0
68 119 -1000.0
69 70 -1000.0
69 78 -1000.0
69 79 -1000.0
69 80 -1000.0
69 118 -1000.0
69 119 -1000.0
69 120 -1000.0
70 79 -1000.0
70 80 -3000.0
70 119 -1000.0
70 120 -1000.0
71 72 -1000.0
71 81 -1000.0
71 82 -1000.0
71 121 -1000.0
71 122 -1000.0
72 73 -1000.0
72 81 -1000.0
72 82 -1000.0
72 83 -1000.0
72 121 -1000.0
72 122 -1000.0
72 123 -1000.0
73 74 -1000.0
73 82 -1000.0
73 83 -1000.0
73 84 -1000.0
73 122 -1000.0
73 123 -1000.0
73 124 -1000.0
74 75 -1000.0
74 83 -11000.0
74 84 -1000.0
74 85 -1000.0
74 123 -1000.0
74 124 -1000.0
74 125 -1000.0
75 76 -1000.0
75 84 -1000.0
75 85 -1000.0
75 86 -1000.0
75 124 -1000.0
75 125 -1000.0
75 126 -1000.0
76 77 -1000.0
76 85 -1000.0
76 86 -1000.0
76 87 -1000.0
76 125 -1000.0
76 126 -1000.0
76 127 -1000.0
77 78 -1000.0
77 86 -1000.0
77 87 -1000.0
77 88 -1000.0
77 126 -1000.0
77 128 -1000.0
78 79 -1000.0
78 87 -1000.0
78 88 -1000.0
78 89 -1000.0
78 127 -1000.0
78 128 -1000.0
78 129 -1000.0
79 80 -1000.0
79 88 -1000.0
79 89 -1000.0
79 90 -1000.0
79 128 -1000.0
79 129 -1000.0
79 130 -1000.0
80 89 -1000.0
80 90 -1000.0
80 129 -1000.0
80 130 -5000.0
81 82 -1000.0
81 91 -1000.0
81 92 -1000.0
81 131 -1000.0
81 132 -1000.0
82 83 -1000.0
82 91 -1000.0
82 92 -1000.0
82 93 -1000.0
82 131 -1000.0
82 132 -1000.0
82 133 -11000.0
83 84 -1000.0
83 92 -1000.0
83 93 -1000.0
83 94 -1000.0
83 132 -1000.0
83 133 -1000.0
83 134 -1000.0
84 85 -1000.0
84 93 -1000.0
84 94 -1000.0
84 95 -1000.0
84 133 -1000.0
84 134 -1000.0
84 135 -1000.0
85 86 -1000.0
85 94 -1000.0
85 95 -1000.0
85 96 -1000.0
85 134 -1000.0
85 135 -1000.0
85 136 -1000.0
86 87 -1000.0
86 95 -1000.0
86 96 -8000.0
86 97 -1000.0
86 135 -1000.0
86 136 -7000.0
86 137 -1000.0
87 88 -1000.0
87 96 -1000.0
87 97 -1000.0
87 98 -1000.0
87 136 -1000.0
87 137 -1000.0
87 138 -1000.0
88 89 -1000.0
88 97 -1000.0
88 98 -1000.0
88 99 -1000.0
88 137 -5000.0
88 138 -4000.0
88 139 -1000.0
89 90 -1000.0
89 98 -1000.0
89 99 -1000.0
89 100 -1000.0
89 138 -1000.0
89 139 -1000.0
89 140 -1000.0
90 99 -1000.0
90 100 -1000.0
90 139 -1000.0
90 140 -4000.0
91 92 -1000.0
91 141 -1000.0
91 142 -1000.0
92 93 -1000.0
92 141 -1000.0
92 142 -1000.0
92 143 -1000.0
93 94 -1000.0
93 142 -1000.0
93 143 -1000.0
93 144 -1000.0
94 95 -1000.0
94 143 -1000.0
94 144 -1000.0
94 145 -1000.0
95 96 -1000.0
95 144 -1000.0
95 145 -1000.0
95 146 -1000.0
96 97 -1000.0
96 146 -1000.0
96 147 -1000.0
97 98 -1000.0
97 146 -1000.0
97 147 -1000.0
97 148 -1000.0
98 99 -1000.0
98 147 -1000.0
98 148 -1000.0
98 149 -1000.0
99 100 -1000.0
99 148 -1000.0
99 149 -1000.0
99 150 -1000.0
100 149 -1000.0
100 150 -5000.0
101 102 -1000.0
101 111 -1000.0
101 112 -1000.0
101 151 -1000.0
101 152 -1000.0
102 103 -1000.0
102 111 -1000.0
102 112 -1000.0
102 113 -1000.0
102 151 -1000.0
102 152 -1000.0
102 153 -9000.0
103 104 -1000.0
103 112 -1000.0
103 113 -1000.0
103 114 -1000.0
103 152 -1000.0
103 153 -1000.0
103 154 -1000.0
104 105 -1000.0
104 113 -1000.0
104 114 -1000.0
104 115 -1000.0
104 153 -1000.0
104 154 -1000.0
104 155 -1000.0
105 106 -1000.0
105 114 -1000.0
105 115 -1000.0
105 116 -12000.0
105 154 -1000.0
105 155 -1000.0
105 156 -1000.0
106 107 -1000.0
106 115 -1000.0
106 116 -1000.0
106 117 -1000.0
106 155 -1000.0
106 156 -1000.0
106 157 -1000.0
107 108 -1000.0
107 116 -1000.0
107 117 -1000.0
107 118 -1000.0
107 156 -1000.0
107 157 -1000.0
107 158 -1000.0
108 109 -1000.0
108 117 -1000.0
108 118 -1000.0
108 119 -1000.0
108 157 -1000.0
108 158 -1000.0
108 159 -1000.0
109 110 -1000.0
109 118 -1000.0
109 119 -1000.0
109 120 -1000.0
109 158 -1000.0
109 159 -1000.0
109 160 -1000.0
110 119 -1000.0
110 120 -1000.0
110 159 -1000.0
110 160 -1000.0
111 112 -1000.0
111 121 -1000.0
111 122 -1000.0
111 161 -1000.0
111 162 -1000.0
112 113 -1000.0
112 121 -1000.0
112 122 -1000.0
112 123 -1000.0
112 161 -1000.0
112 162 -1000.0
112 163 -1000.0
113 114 -1000.0
113 122 -1000.0
113 123 -1000.0
113 124 -1000.0
113 162 -1000.0
113 163 -9000.0
113 164 -1000.0
114 115 -1000.0
114 123 -1000.0
114 124 -1000.0
114 125 -1000.0
114 163 -1000.0
114 164 -1000.0
114 165 -1000.0
115 116 -1000.0
115 124 -9000.0
115 125 -1000.0
115 126 -1000.0
115 164 -1000.0
115 165 -1000.0
115 166 -1000.0
116 117 -1000.0
116 125 -1000.0
116 126 -1000.0
116 127 -1000.0
116 165 -1000.0
116 166 -1000.0
116 167 -1000.0
117 118 -1000.0
117 126 -1000.0
117 127 -1000.0
117 128 -1000.0
117 166 -1000.0
117 167 -1000.0
117 168 -1000.0
118 119 -1000.0
118 127 -1000.0
118 128 -1000.0
118 129 -1000.0
118 167 -1000.0
118 168 -1000.0
118 169 -1000.0
119 120 -1000.0
119 128 -1000.0
119 129 -5000.0
119 130 -1000.0
119 168 -1000.0
119 169 -1000.0
119 170 -1000.0
120 129 -1000.0
120 130 -1000.0
120 169 -1000.0
120 170 -1000.0
121 122 -1000.0
121 131 -1000.0
121 132 -1000.0
121 171 -1000.0
121 172 -1000.0
122 123 -1000.0
122 131 -1000.0
122 132 -1000.0
122 133 -1000.0
122 171 -2000.0
122 172 -1000.0
122 173 -1000.0
123 124 -1000.0
123 132 -3000.0
123 133 -1000.0
123 134 -1000.0
123 172 -1000.0
123 173 -1000.0
123 174 -1000.0
124 125 -1000.0
124 133 -1000.0
124 134 -1000.0
124 135 -1000.0
124 173 -1000.0
124 174 -1000.0
124 175 -1000.0
125 126 -1000.0
125 134 -1000.0
125 135 -2000.0
125 136 -1000.0
125 174 -1000.0
125 175 -1000.0
125 176 -5000.0
126 127 -1000.0
126 135 -1000.0
126 136 -1000.0
126 137 -1000.0
126 175 -1000.0
126 176 -1000.0
126 177 -1000.0
127 128 -1000.0
127 136 -1000.0
127 137 -7000.0
127 138 -1000.0
127 176 -1000.0
127 177 -1000.0
127 178 -1000.0
128 129 -1000.0
128 137 -1000.0
128 138 -1000.0
128 139 -1000.0
128 177 -1000.0
128 178 -1000.0
128 179 -1000.0
129 130 -1000.0
129 138 -1000.0
129 139 -1000.0
129 140 -1000.0
129 178 -1000.0
129 179 -1000.0
129 180 -1000.0
130 139 -8000.0
130 140 -1000.0
130 179 -1000.0
130 180 -1000.0
131 132 -1000.0
131 141 -1000.0
131 142 -1000.0
131 181 -1000.0
131 182 -1000.0
132 133 -1000.0
132 141 -1000.0
132 142 -1000.0
132 143 -1000.0
132 181 -1000.0
132 182 -1000.0
132 183 -1000.0
133 134 -1000.0
133 142 -1000.0
133 143 -1000.0
133 144 -1000.0
133 182 -1000.0
133 183 -1000.0
133 184 -1000.0
134 135 -1000.0
134 143 -1000.0
134 144 -1000.0
134 145 -1000.0
134 183 -11000.0
134 184 -1000.0
134 185 -1000.0
135 136 -1000.0
135 144 -1000.0
135 145 -1000.0
135 146 -1000.0
135 184 -1000.0
135 185 -1000.0
135 186 -1000.0
136 137 -1000.0
136 145 -1000.0
136 146 -1000.0
136 147 -1000.0
136 185 -1000.0
136 186 -1000.0
136 187 -1000.0
137 138 -1000.0
137 146 -1000.0
137 147 -1000.0
137 148 -1000.0
137 186 -1000.0
137 187 -1000.0
137 188 -1000.0
138 139 -1000.0
138 147 -1000.0
138 148 -1000.0
138 149 -12000.0
138 187 -1000.0
138 188 -1000.0
138 189 -1000.0
139 140 -1000.0
139 148 -1000.0
139 149 -2000.0
139 150 -1000.0
139 188 -1000.0
139 189 -1000.0
139 190 -1000.0
140 149 -1000.0
140 150 -8000.0
140 189 -1000.0
140 190 -1000.0
141 142 -1000.0
141 191 -1000.0
142 143 -1000.0
142 191 -1000.0
142 192 -1000.0
142 193 -1000.0
143 144 -1000.0
143 192 -1000.0
143 193 -1000.0
143 194 -1000.0
144 145 -1000.0
144 193 -1000.0
144 194 -3000.0
144 195 -1000.0
145 146 -1000.0
145 194 -1000.0
145 195 -1000.0
145 196 -1000.0
146 147 -1000.0
146 195 -1000.0
146 196 -1000.0
146 197 -1000.0
147 148 -1000.0
147 196 -1000.0
147 197 -1000.0
147 198 -1000.0
148 149 -1000.0
148 197 -1000.0
148 198 -1000.0
148 199 -1000.0
149 150 -1000.0
149 198 -1000.0
149 199 -1000.0
149 200 -1000.0
150 199 -1000.0
150 200 -1000.0
151 152 -1000.0
151 161 -1000.0
151 162 -1000.0
151 201 -1000.0
151 202 -1000.0
152 153 -1000.0
152 161 -1000.0
152 162 -1000.0
152 163 -1000.0
152 201 -1000.0
152 202 -1000.0
152 203 -1000.0
153 154 -1000.0
153 162 -1000.0
153 163 -1000.0
153 164 -1000.0
153 202 -1000.0
153 203 -1000.0
153 204 -1000.0
154 155 -1000.0
154 163 -1000.0
154 164 -1000.0
154 165 -7000.0
154 203 -1000.0
154 204 -1000.0
154 205 -1000.0
155 156 -1000.0
155 164 -1000.0
155 165 -1000.0
155 166 -1000.0
155 204 -1000.0
155 205 -1000.0
155 206 -1000.0
156 157 -1000.0
156 165 -1000.0
156 166 -1000.0
156 167 -4000.0
156 205 -1000.0
156 206 -5000.0
156 207 -1000.0
157 158 -1000.0
157 166 -1000.0
157 167 -1000.0
157 168 -1000.0
157 206 -1000.0
157 207 -1000.0
157 208 -1000.0
158 159 -1000.0
158 167 -1000.0
158 168 -1000.0
158 169 -1000.0
158 207 -1000.0
158 208 -7000.0
158 209 -1000.0
159 160 -1000.0
159 168 -1000.0
159 169 -1000.0
159 170 -1000.0
159 208 -1000.0
159 209 -1000.0
159 210 -7000.0
160 169 -1000.0
160 170 -1000.0
160 209 -1000.0
160 210 -1000.0
161 162 -1000.0
161 171 -1000.0
161 172 -1000.0
161 211 -1000.0
161 212 -1000.0
162 163 -1000.0
162 171 -1000.0
162 172 -3000.0
162 173 -1000.0
162 211 -1000.0
162 212 -6000.0
162 213 -1000.0
163 164 -1000.0
163 172 -1000.0
163 173 -1000.0
163 174 -1000.0
163 212 -1000.0
163 213 -1000.0
163 214 -1000.0
164 165 -1000.0
164 173 -1000.0
164 174 -33000.0
164 175 -1000.0
164 213 -1000.0
164 214 -1000.0
164 215 -1000.0
165 166 -1000.0
165 174 -1000.0
165 175 -3000.0
165 176 -1000.0
165 214 -1000.0
165 215 -1000.0
165 216 -1000.0
166 167 -1000.0
166 175 -1000.0
166 176 -1000.0
166 177 -1000.0
166 215 -1000.0
166 216 -1000.0
166 217 -1000.0
167 168 -1000.0
167 176 -1000.0
167 177 -1000.0
167 178 -1000.0
167 216 -1000.0
167 217 -1000.0
167 218 -13000.0
168 169 -1000.0
168 177 -4000.0
168 178 -1000.0
168 179 -1000.0
168 217 -10000.0
168 218 -1000.0
168 219 -7000.0
169 170 -1000.0
169 178 -1000.0
169 179 -1000.0
169 180 -1000.0
169 218 -1000.0
169 219 -1000.0
169 220 -1000.0
170 179 -1000.0
170 180 -4000.0
170 219 -1000.0
170 220 -1000.0
171 172 -1000.0
171 181 -1000.0
171 182 -6000.0
171 221 -1000.0
171 222 -1000.0
172 173 -1000.0
172 181 -1000.0
172 182 -1000.0
172 183 -1000.0
172 221 -1000.0
172 222 -1000.0
172 223 -1000.0
173 174 -1000.0
173 182 -1000.0
173 183 -1000.0
173 184 -1000.0
173 222 -11000.0
173 223 -1000.0
173 224 -1000.0
174 175 -1000.0
174 184 -1000.0
174 185 -1000.0
174 223 -1000.0
174 224 -1000.0
174 225 -1000.0
175 176 -1000.0
175 184 -8000.0
175 185 -1000.0
175 186 -1000.0
175 224 -7000.0
175 225 -1000.0
175 226 -1000.0
176 177 -1000.0
176 185 -1000.0
176 186 -1000.0
176 187 -1000.0
176 225 -1000.0
176 226 -1000.0
176 227 -1000.0
177 178 -1000.0
177 186 -1000.0
177 187 -4000.0
177 188 -1000.0
177 226 -1000.0
177 227 -1000.0
177 228 -1000.0
178 179 -1000.0
178 187 -1000.0
178 188 -1000.0
178 189 -1000.0
178 227 -1000.0
178 228 -1000.0
178 229 -1000.0
179 180 -1000.0
179 188 -1000.0
179 189 -1000.0
179 190 -1000.0
179 228 -1000.0
179 229 -1000.0
179 230 -1000.0
180 189 -1000.0
180 190 -1000.0
180 229 -1000.0
180 230 -1000.0
181 182 -1000.0
181 191 -1000.0
181 192 -1000.0
181 231 -1000.0
181 232 -1000.0
182 183 -1000.0
182 191 -1000.0
182 192 -1000.0
182 193 -1000.0
182 231 -1000.0
182 232 -1000.0
182 233 -1000.0
183 184 -1000.0
183 192 -1000.0
183 193 -1000.0
183 194 -1000.0
183 232 -1000.0
183 233 -1000.0
183 234 -3000.0
184 185 -1000.0
184 193 -12000.0
184 194 -1000.0
184 195 -1000.0
184 233 -1000.0
184 234 -1000.0
184 235 -1000.0
185 186 -1000.0
185 194 -1000.0
185 195 -1000.0
185 196 -1000.0
185 234 -1000.0
185 235 -1000.0
185 236 -1000.0
186 187 -1000.0
186 195 -1000.0
186 196 -1000.0
186 197 -1000.0
186 235 -1000.0
186 236 -1000.0
186 237 -1000.0
187 188 -1000.0
187 196 -1000.0
187 197 -1000.0
187 198 -1000.0
187 236 -3000.0
187 237 -1000.0
187 238 -1000.0
188 189 -1000.0
188 197 -1000.0
188 198 -4000.0
188 199 -1000.0
188 237 -1000.0
188 238 -1000.0
188 239 -1000.0
189 190 -1000.0
189 198 -1000.0
189 199 -6000.0
189 200 -1000.0
189 238 -1000.0
189 239 -1000.0
189 240 -1000.0
190 199 -1000.0
190 200 -1000.0
190 239 -1000.0
190 240 -1000.0
191 192 -1000.0
191 241 -1000.0
191 242 -1000.0
192 193 -1000.0
192 241 -1000.0
192 242 -1000.0
193 194 -1000.0
193 242 -1000.0
193 243 -1000.0
193 244 -1000.0
194 195 -1000.0
194 243 -1000.0
194 244 -1000.0
194 245 -1000.0
195 196 -1000.0
195 244 -1000.0
195 245 -1000.0
195 246 -1000.0
196 197 -1000.0
196 245 -1000.0
196 246 -1000.0
196 247 -1000.0
197 198 -1000.0
197 246 -1000.0
197 247 -1000.0
197 248 -32000.0
198 199 -1000.0
198 247 -1000.0
198 248 -1000.0
198 249 -2000.0
199 200 -1000.0
199 248 -5000.0
199 249 -1000.0
199 250 -1000.0
200 249 -1000.0
200 250 -1000.0
201 202 -1000.0
201 211 -1000.0
201 212 -1000.0
201 251 -1000.0
201 252 -1000.0
202 203 -1000.0
202 211 -1000.0
202 212 -1000.0
202 213 -6000.0
202 251 -1000.0
202 252 -3000.0
202 253 -1000.0
203 204 -1000.0
203 212 -1000.0
203 213 -1000.0
203 214 -1000.0
203 252 -1000.0
203 253 -1000.0
203 254 -1000.0
204 205 -1000.0
204 213 -1000.0
204 214 -4000.0
204 215 -1000.0
204 253 -1000.0
204 254 -1000.0
204 255 -1000.0
205 206 -1000.0
205 214 -1000.0
205 215 -1000.0
205 216 -1000.0
205 254 -1000.0
205 255 -1000.0
205 256 -1000.0
206 207 -1000.0
206 215 -1000.0
206 216 -1000.0
206 217 -1000.0
206 255 -1000.0
206 256 -1000.0
206 257 -1000.0
207 208 -1000.0
207 216 -1000.0
207 217 -1000.0
207 218 -1000.0
207 256 -1000.0
207 257 -1000.0
207 258 -1000.0
208 209 -1000.0
208 217 -1000.0
208 218 -7000.0
208 219 -1000.0
208 257 -1000.0
208 258 -1000.0
208 259 -1000.0
209 210 -1000.0
209 218 -1000.0
209 219 -1000.0
209 220 -1000.0
209 258 -1000.0
209 259 -1000.0
209 260 -1000.0
210 219 -1000.0
210 259 -1000.0
210 260 -1000.0
211 212 -1000.0
211 221 -1000.0
211 222 -1000.0
211 261 -1000.0
211 262 -1000.0
212 213 -1000.0
212 221 -1000.0
212 222 -1000.0
212 223 -1000.0
212 261 -1000.0
212 262 -1000.0
212 263 -1000.0
213 214 -1000.0
213 222 -1000.0
213 223 -1000.0
213 224 -1000.0
213 262 -1000.0
213 263 -1000.0
213 264 -1000.0
214 215 -1000.0
214 223 -1000.0
214 224 -1000.0
214 225 -1000.0
214 263 -1000.0
214 264 -1000.0
214 265 -1000.0
215 216 -1000.0
215 224 -1000.0
215 225 -1000.0
215 226 -2000.0
215 264 -1000.0
215 265 -1000.0
215 266 -1000.0
216 217 -1000.0
216 225 -1000.0
216 226 -1000.0
216 227 -1000.0
216 265 -1000.0
216 266 -1000.0
216 267 -1000.0
217 218 -1000.0
217 226 -1000.0
217 227 -1000.0
217 228 -1000.0
217 266 -1000.0
217 267 -1000.0
217 268 -1000.0
218 219 -1000.0
218 227 -7000.0
218 228 -2000.0
218 229 -1000.0
218 267 -1000.0
218 268 -1000.0
218 269 -1000.0
219 220 -1000.0
219 228 -1000.0
219 229 -4000.0
219 230 -1000.0
219 268 -1000.0
219 269 -1000.0
219 270 -2000.0
220 229 -1000.0
220 230 -1000.0
220 270 -1000.0
221 222 -1000.0
221 231 -1000.0
221 232 -1000.0
221 271 -1000.0
221 272 -1000.0
222 223 -1000.0
222 231 -1000.0
222 232 -1000.0
222 233 -1000.0
222 271 -1000.0
222 272 -1000.0
222 273 -1000.0
223 224 -1000.0
223 232 -1000.0
223 233 -6000.0
223 234 -1000.0
223 272 -1000.0
223 273 -1000.0
223 274 -1000.0
224 225 -1000.0
224 233 -1000.0
224 234 -1000.0
224 235 -1000.0
224 273 -1000.0
224 274 -1000.0
224 275 -1000.0
225 226 -1000.0
225 234 -1000.0
225 235 -1000.0
225 236 -1000.0
225 274 -1000.0
225 275 -1000.0
225 276 -1000.0
226 227 -1000.0
226 235 -1000.0
226 236 -9000.0
226 237 -1000.0
226 275 -1000.0
226 276 -1000.0
226 277 -1000.0
227 228 -1000.0
227 236 -1000.0
227 237 -1000.0
227 238 -8000.0
227 276 -1000.0
227 277 -1000.0
227 278 -1000.0
228 229 -1000.0
228 237 -1000.0
228 238 -1000.0
228 239 -1000.0
228 277 -1000.0
228 278 -1000.0
228 279 -1000.0
229 230 -1000.0
229 238 -1000.0
229 239 -1000.0
229 240 -1000.0
229 278 -1000.0
229 279 -1000.0
229 280 -1000.0
230 239 -1000.0
230 240 -1000.0
230 279 -1000.0
230 280 -1000.0
231 232 -1000.0
231 241 -1000.0
231 242 -1000.0
231 281 -1000.0
231 282 -1000.0
232 233 -1000.0
232 241 -1000.0
232 242 -1000.0
232 243 -1000.0
232 281 -1000.0
232 282 -1000.0
232 283 -1000.0
233 234 -1000.0
233 242 -1000.0
233 243 -1000.0
233 244 -1000.0
233 282 -1000.0
233 283 -1000.0
233 284 -8000.0
234 235 -1000.0
234 243 -1000.0
234 244 -1000.0
234 245 -1000.0
234 283 -1000.0
234 284 -1000.0
234 285 -1000.0
235 236 -1000.0
235 244 -1000.0
235 245 -1000.0
235 246 -1000.0
235 284 -1000.0
235 285 -1000.0
235 286 -1000.0
236 237 -1000.0
236 245 -9000.0
236 246 -1000.0
236 247 -1000.0
236 285 -1000.0
236 286 -1000.0
236 287 -1000.0
237 238 -1000.0
237 246 -1000.0
237 247 -1000.0
237 248 -1000.0
237 286 -1000.0
237 287 -1000.0
237 288 -1000.0
238 239 -1000.0
238 247 -11000.0
238 248 -1000.0
238 249 -1000.0
238 287 -1000.0
238 288 -1000.0
238 289 -1000.0
239 240 -1000.0
239 248 -1000.0
239 250 -1000.0
239 288 -1000.0
239 289 -1000.0
239 290 -1000.0
240 249 -1000.0
240 250 -1000.0
240 289 -6000.0
240 290 -1000.0
241 242 -1000.0
241 291 -1000.0
241 292 -1000.0
242 243 -1000.0
242 291 -1000.0
242 292 -1000.0
242 293 -1000.0
243 244 -1000.0
243 292 -1000.0
243 293 -1000.0
243 294 -1000.0
244 245 -1000.0
244 293 -1000.0
244 294 -1000.0
244 295 -1000.0
245 246 -1000.0
245 294 -1000.0
245 295 -1000.0
245 296 -1000.0
246 247 -1000.0
246 295 -1000.0
246 296 -1000.0
246 297 -1000.0
247 248 -1000.0
247 296 -1000.0
247 297 -1000.0
247 298 -9000.0
248 249 -1000.0
248 297 -1000.0
248 298 -1000.0
248 299 -1000.0
249 250 -1000.0
249 298 -1000.0
249 299 -1000.0
249 300 -1000.0
250 299 -1000.0
250 300 -1000.0
251 252 -1000.0
251 261 -1000.0
251 262 -1000.0
251 301 -1000.0
251 302 -11000.0
252 253 -1000.0
252 261 -1000.0
252 262 -1000.0
252 263 -1000.0
252 301 -1000.0
252 302 -1000.0
252 303 -1000.0
253 254 -1000.0
253 262 -1000.0
253 263 -1000.0
253 264 -1000.0
253 302 -3000.0
253 303 -7000.0
253 304 -1000.0
254 255 -1000.0
254 263 -1000.0
254 264 -1000.0
254 265 -1000.0
254 303 -1000.0
254 304 -1000.0
254 305 -1000.0
255 256 -1000.0
255 264 -1000.0
255 265 -1000.0
255 266 -1000.0
255 304 -1000.0
255 305 -1000.0
255 306 -1000.0
256 257 -1000.0
256 265 -1000.0
256 266 -1000.0
256 267 -1000.0
256 305 -1000.0
256 306 -1000.0
256 307 -1000.0
257 258 -1000.0
257 266 -1000.0
257 267 -1000.0
257 268 -1000.0
257 306 -1000.0
257 307 -1000.0
257 308 -1000.0
258 259 -1000.0
258 267 -1000.0
258 268 -1000.0
258 269 -1000.0
258 307 -1000.0
258 308 -1000.0
258 309 -1000.0
259 260 -1000.0
259 268 -1000.0
259 269 -1000.0
259 270 -11000.0
259 308 -1000.0
259 309 -1000.0
259 310 -1000.0
260 269 -1000.0
260 270 -8000.0
260 309 -105000.0
260 310 -1000.0
261 262 -1000.0
261 271 -1000.0
261 272 -1000.0
261 311 -1000.0
261 312 -1000.0
262 263 -1000.0
262 271 -1000.0
262 272 -3000.0
262 273 -1000.0
262 311 -1000.0
262 312 -1000.0
262 313 -1000.0
263 264 -1000.0
263 272 -1000.0
263 273 -64000.0
263 274 -1000.0
263 312 -1000.0
263 313 -1000.0
263 314 -1000.0
264 265 -1000.0
264 273 -1000.0
264 274 -1000.0
264 275 -1000.0
264 313 -1000.0
264 314 -1000.0
264 315 -1000.0
265 266 -1000.0
265 274 -5000.0
265 275 -1000.0
265 276 -1000.0
265 314 -1000.0
265 315 -1000.0
265 316 -1000.0
266 267 -1000.0
266 275 -1000.0
266 276 -1000.0
266 277 -1000.0
266 315 -7000.0
266 317 -1000.0
267 268 -1000.0
267 276 -1000.0
267 277 -1000.0
267 278 -1000.0
267 316 -8000.0
267 317 -1000.0
267 318 -1000.0
268 269 -1000.0
268 277 -1000.0
268 278 -1000.0
268 279 -1000.0
268 317 -1000.0
268 318 -1000.0
268 319 -1000.0
269 270 -1000.0
269 279 -1000.0
269 280 -1000.0
269 318 -11000.0
269 319 -1000.0
269 320 -1000.0
270 279 -1000.0
270 280 -1000.0
270 319 -1000.0
270 320 -1000.0
271 272 -1000.0
271 281 -1000.0
271 282 -1000.0
271 321 -1000.0
271 322 -1000.0
272 273 -1000.0
272 281 -1000.0
272 282 -1000.0
272 283 -1000.0
272 321 -1000.0
272 322 -1000.0
272 323 -1000.0
273 274 -1000.0
273 282 -1000.0
273 283 -1000.0
273 284 -1000.0
273 322 -5000.0
273 323 -9000.0
273 324 -1000.0
274 275 -1000.0
274 283 -1000.0
274 284 -1000.0
274 285 -1000.0
274 323 -1000.0
274 324 -1000.0
274 325 -1000.0
275 276 -1000.0
275 284 -1000.0
275 285 -1000.0
275 286 -1000.0
275 324 -1000.0
275 325 -1000.0
275 326 -1000.0
276 277 -1000.0
276 285 -1000.0
276 286 -1000.0
276 287 -1000.0
276 325 -1000.0
276 326 -1000.0
277 278 -1000.0
277 286 -1000.0
277 287 -4000.0
277 288 -1000.0
277 326 -1000.0
277 327 -3000.0
277 328 -1000.0
278 279 -1000.0
278 287 -1000.0
278 288 -2000.0
278 289 -1000.0
278 327 -1000.0
278 329 -1000.0
279 280 -1000.0
279 288 -1000.0
279 289 -1000.0
279 290 -1000.0
279 328 -1000.0
279 329 -1000.0
279 330 -1000.0
280 289 -1000.0
280 290 -6000.0
280 329 -1000.0
280 330 -1000.0
281 282 -1000.0
281 291 -1000.0
281 292 -1000.0
281 331 -1000.0
281 332 -1000.0
282 283 -1000.0
282 291 -1000.0
282 292 -1000.0
282 293 -1000.0
282 331 -2000.0
282 332 -1000.0
282 333 -1000.0
283 284 -1000.0
283 292 -1000.0
283 293 -1000.0
283 294 -1000.0
283 332 -1000.0
283 333 -1000.0
283 334 -1000.0
284 285 -1000.0
284 293 -1000.0
284 294 -1000.0
284 295 -4000.0
284 333 -1000.0
284 334 -1000.0
284 335 -1000.0
285 286 -1000.0
285 294 -1000.0
285 295 -1000.0
285 296 -1000.0
285 334 -1000.0
285 335 -1000.0
285 336 -1000.0
286 287 -1000.0
286 295 -1000.0
286 296 -1000.0
286 297 -1000.0
286 335 -1000.0
286 336 -1000.0
286 337 -1000.0
287 288 -1000.0
287 296 -1000.0
287 297 -3000.0
287 298 -1000.0
287 336 -1000.0
287 337 -1000.0
287 338 -1000.0
288 289 -1000.0
288 297 -1000.0
288 298 -1000.0
288 299 -1000.0
288 337 -1000.0
288 338 -1000.0
288 339 -1000.0
289 290 -1000.0
289 298 -1000.0
289 299 -1000.0
289 300 -1000.0
289 338 -1000.0
289 339 -1000.0
289 340 -1000.0
290 299 -1000.0
290 300 -1000.0
290 339 -1000.0
290 340 -1000.0
291 292 -1000.0
291 341 -1000.0
291 342 -1000.0
292 293 -1000.0
292 341 -1000.0
292 342 -1000.0
292 343 -9000.0
293 294 -1000.0
293 342 -1000.0
293 343 -1000.0
293 344 -1000.0
294 295 -1000.0
294 343 -1000.0
294 344 -1000.0
294 345 -7000.0
295 296 -1000.0
295 344 -1000.0
295 345 -1000.0
295 346 -1000.0
296 297 -1000.0
296 345 -1000.0
296 346 -1000.0
296 347 -1000.0
297 298 -1000.0
297 346 -1000.0
297 347 -1000.0
297 348 -11000.0
298 299 -1000.0
298 347 -1000.0
298 348 -1000.0
298 349 -1000.0
299 300 -1000.0
299 348 -1000.0
299 349 -1000.0
299 350 -1000.0
300 349 -1000.0
300 350 -1000.0
301 302 -1000.0
301 311 -1000.0
301 312 -1000.0
301 351 -1000.0
301 352 -1000.0
302 303 -1000.0
302 311 -1000.0
302 312 -1000.0
302 313 -1000.0
302 351 -1000.0
302 352 -1000.0
302 353 -1000.0
303 304 -1000.0
303 312 -1000.0
303 313 -1000.0
303 314 -1000.0
303 352 -5000.0
303 353 -1000.0
303 354 -1000.0
304 305 -1000.0
304 313 -1000.0
304 314 -1000.0
304 315 -1000.0
304 353 -1000.0
304 354 -1000.0
304 355 -1000.0
305 306 -1000.0
305 314 -11000.0
305 315 -9000.0
305 316 -1000.0
305 354 -1000.0
305 355 -1000.0
305 356 -1000.0
306 307 -1000.0
306 315 -13000.0
306 316 -1000.0
306 317 -1000.0
306 355 -1000.0
306 356 -1000.0
306 357 -1000.0
307 308 -1000.0
307 316 -1000.0
307 317 -9000.0
307 318 -1000.0
307 356 -1000.0
307 357 -1000.0
307 358 -1000.0
308 309 -1000.0
308 317 -6000.0
308 318 -1000.0
308 319 -1000.0
308 357 -1000.0
308 358 -1000.0
308 359 -1000.0
309 310 -1000.0
309 318 -13000.0
309 319 -1000.0
309 320 -1000.0
309 358 -1000.0
309 359 -1000.0
309 360 -1000.0
310 319 -1000.0
310 320 -1000.0
310 359 -1000.0
310 360 -1000.0
311 312 -1000.0
311 321 -1000.0
311 322 -1000.0
311 361 -1000.0
311 362 -1000.0
312 313 -1000.0
312 321 -1000.0
312 322 -1000.0
312 323 -1000.0
312 361 -1000.0
312 362 -1000.0
312 363 -1000.0
313 314 -1000.0
313 322 -1000.0
313 323 -1000.0
313 324 -1000.0
313 362 -1000.0
313 364 -1000.0
314 315 -1000.0
314 323 -1000.0
314 324 -1000.0
314 325 -1000.0
314 363 -1000.0
314 364 -1000.0
314 365 -1000.0
315 316 -1000.0
315 324 -1000.0
315 325 -1000.0
315 326 -1000.0
315 364 -1000.0
315 365 -1000.0
315 366 -1000.0
316 317 -1000.0
316 325 -3000.0
316 326 -1000.0
316 327 -12000.0
316 365 -1000.0
316 366 -1000.0
316 367 -1000.0
317 318 -1000.0
317 326 -1000.0
317 327 -1000.0
317 328 -1000.0
317 366 -1000.0
317 367 -1000.0
317 368 -1000.0
318 319 -1000.0
318 327 -1000.0
318 328 -1000.0
318 329 -1000.0
318 367 -1000.0
318 368 -1000.0
318 369 -10000.0
319 320 -1000.0
319 328 -1000.0
319 329 -1000.0
319 330 -1000.0
319 368 -1000.0
319 369 -1000.0
319 370 -1000.0
320 329 -1000.0
320 330 -1000.0
320 369 -1000.0
320 370 -1000.0
321 322 -1000.0
321 331 -1000.0
321 332 -1000.0
321 371 -1000.0
321 372 -1000.0
322 323 -1000.0
322 331 -1000.0
322 332 -1000.0
322 333 -1000.0
322 371 -1000.0
322 372 -1000.0
322 373 -1000.0
323 324 -1000.0
323 332 -1000.0
323 333 -1000.0
323 334 -1000.0
323 372 -1000.0
323 373 -1000.0
323 374 -1000.0
324 325 -1000.0
324 333 -1000.0
324 334 -1000.0
324 335 -1000.0
324 373 -1000.0
324 374 -1000.0
324 375 -1000.0
325 326 -1000.0
325 334 -1000.0
325 335 -1000.0
325 336 -1000.0
325 374 -1000.0
325 375 -1000.0
325 376 -1000.0
326 327 -1000.0
326 335 -1000.0
326 336 -6000.0
326 337 -1000.0
326 375 -1000.0
326 376 -1000.0
326 377 -1000.0
327 328 -1000.0
327 336 -1000.0
327 337 -1000.0
327 338 -1000.0
327 376 -1000.0
327 377 -1000.0
327 378 -1000.0
328 329 -1000.0
328 337 -1000.0
328 338 -1000.0
328 339 -80000.0
328 377 -1000.0
328 378 -1000.0
328 379 -12000.0
329 330 -1000.0
329 338 -1000.0
329 339 -1000.0
329 340 -1000.0
329 378 -1000.0
329 379 -1000.0
329 380 -1000.0
330 339 -1000.0
330 340 -1000.0
330 379 -1000.0
330 380 -1000.0
331 332 -1000.0
331 341 -1000.0
331 342 -1000.0
331 381 -1000.0
331 382 -1000.0
332 333 -1000.0
332 341 -1000.0
332 342 -1000.0
332 343 -1000.0
332 381 -1000.0
332 382 -1000.0
332 383 -1000.0
333 334 -1000.0
333 342 -7000.0
333 343 -1000.0
333 344 -1000.0
333 382 -1000.0
333 383 -1000.0
333 384 -1000.0
334 335 -1000.0
334 343 -1000.0
334 344 -1000.0
334 345 -1000.0
334 383 -13000.0
334 384 -8000.0
334 385 -1000.0
335 336 -1000.0
335 344 -1000.0
335 345 -1000.0
335 346 -1000.0
335 384 -1000.0
335 385 -5000.0
335 386 -1000.0
336 337 -1000.0
336 345 -1000.0
336 346 -1000.0
336 347 -1000.0
336 385 -1000.0
336 386 -3000.0
336 387 -1000.0
337 338 -1000.0
337 346 -1000.0
337 347 -1000.0
337 348 -1000.0
337 386 -1000.0
337 387 -1000.0
337 388 -1000.0
338 339 -1000.0
338 347 -1000.0
338 348 -1000.0
338 349 -1000.0
338 387 -1000.0
338 388 -1000.0
338 389 -1000.0
339 340 -1000.0
339 348 -1000.0
339 349 -1000.0
339 350 -1000.0
339 388 -1000.0
339 389 -8000.0
339 390 -1000.0
340 349 -1000.0
340 350 -1000.0
340 389 -1000.0
340 390 -1000.0
341 342 -1000.0
341 391 -1000.0
341 392 -1000.0
342 343 -1000.0
342 391 -1000.0
342 392 -1000.0
342 393 -8000.0
343 344 -1000.0
343 392 -1000.0
343 393 -1000.0
343 394 -1000.0
344 345 -1000.0
344 393 -1000.0
344 394 -1000.0
344 395 -1000.0
345 346 -1000.0
345 394 -1000.0
345 395 -1000.0
345 396 -1000.0
346 347 -1000.0
346 395 -1000.0
346 396 -1000.0
346 397 -8000.0
347 348 -1000.0
347 396 -1000.0
347 397 -1000.0
347 398 -1000.0
348 349 -1000.0
348 397 -1000.0
348 398 -1000.0
348 399 -1000.0
349 350 -1000.0
349 398 -1000.0
349 399 -1000.0
349 400 -10000.0
350 399 -1000.0
350 400 -1000.0
351 352 -1000.0
351 361 -1000.0
351 362 -1000.0
351 401 -1000.0
351 402 -1000.0
352 353 -1000.0
352 361 -10000.0
352 362 -1000.0
352 363 -1000.0
352 401 -1000.0
352 402 -1000.0
352 403 -1000.0
353 354 -1000.0
353 362 -1000.0
353 363 -1000.0
353 364 -1000.0
353 402 -1000.0
353 403 -1000.0
353 404 -1000.0
354 355 -1000.0
354 363 -1000.0
354 364 -1000.0
354 365 -1000.0
354 403 -1000.0
354 404 -1000.0
354 405 -26000.0
355 356 -1000.0
355 364 -1000.0
355 365 -8000.0
355 366 -1000.0
355 404 -1000.0
355 405 -1000.0
355 406 -13000.0
356 357 -1000.0
356 365 -1000.0
356 366 -1000.0
356 367 -1000.0
356 405 -1000.0
356 406 -1000.0
356 407 -1000.0
357 358 -1000.0
357 366 -1000.0
357 367 -1000.0
357 368 -1000.0
357 406 -1000.0
357 407 -1000.0
357 408 -1000.0
358 359 -1000.0
358 367 -1000.0
358 368 -1000.0
358 369 -1000.0
358 407 -1000.0
358 408 -1000.0
358 409 -1000.0
359 360 -1000.0
359 368 -1000.0
359 369 -1000.0
359 370 -1000.0
359 408 -1000.0
359 409 -1000.0
359 410 -1000.0
360 369 -5000.0
360 370 -2000.0
360 409 -1000.0
360 410 -8000.0
361 362 -1000.0
361 371 -1000.0
361 372 -1000.0
361 411 -1000.0
361 412 -1000.0
362 363 -1000.0
362 371 -1000.0
362 372 -1000.0
362 373 -1000.0
362 411 -3000.0
362 412 -1000.0
362 413 -1000.0
363 364 -1000.0
363 372 -1000.0
363 373 -1000.0
363 374 -1000.0
363 412 -1000.0
363 413 -1000.0
363 414 -1000.0
364 365 -1000.0
364 373 -1000.0
364 374 -1000.0
364 375 -1000.0
364 413 -1000.0
364 414 -1000.0
364 415 -1000.0
365 366 -1000.0
365 374 -1000.0
365 375 -1000.0
365 376 -1000.0
365 414 -1000.0
365 415 -1000.0
365 416 -1000.0
366 367 -1000.0
366 375 -1000.0
366 377 -1000.0
366 415 -1000.0
366 416 -1000.0
366 417 -1000.0
367 368 -1000.0
367 376 -1000.0
367 377 -1000.0
367 378 -1000.0
367 416 -1000.0
367 417 -1000.0
367 418 -4000.0
368 369 -1000.0
368 377 -1000.0
368 378 -1000.0
368 379 -8000.0
368 417 -1000.0
368 418 -1000.0
368 419 -1000.0
369 370 -1000.0
369 378 -1000.0
369 379 -1000.0
369 380 -1000.0
369 418 -1000.0
369 419 -1000.0
369 420 -1000.0
370 379 -1000.0
370 380 -1000.0
370 419 -1000.0
370 420 -1000.0
371 372 -1000.0
371 381 -1000.0
371 382 -1000.0
371 421 -1000.0
371 422 -1000.0
372 373 -1000.0
372 381 -1000.0
372 382 -1000.0
372 383 -1000.0
372 421 -1000.0
372 422 -1000.0
372 423 -1000.0
373 374 -1000.0
373 382 -1000.0
373 383 -1000.0
373 384 -1000.0
373 422 -47000.0
373 423 -1000.0
373 424 -1000.0
374 375 -1000.0
374 383 -1000.0
374 384 -5000.0
374 385 -1000.0
374 423 -1000.0
374 424 -1000.0
374 425 -1000.0
375 376 -1000.0
375 384 -1000.0
375 385 -1000.0
375 386 -1000.0
375 424 -1000.0
375 425 -1000.0
375 426 -1000.0
376 377 -1000.0
376 385 -1000.0
376 386 -1000.0
376 387 -1000.0
376 425 -1000.0
376 426 -1000.0
376 427 -1000.0
377 378 -1000.0
377 386 -1000.0
377 387 -1000.0
377 388 -1000.0
377 426 -1000.0
377 427 -1000.0
377 428 -1000.0
378 379 -1000.0
378 387 -1000.0
378 388 -1000.0
378 389 -1000.0
378 427 -1000.0
378 428 -1000.0
378 429 -1000.0
379 380 -1000.0
379 388 -1000.0
379 389 -1000.0
379 390 -1000.0
379 428 -1000.0
379 429 -1000.0
379 430 -1000.0
380 389 -1000.0
380 390 -4000.0
380 429 -1000.0
380 430 -1000.0
381 382 -1000.0
381 391 -1000.0
381 392 -1000.0
381 431 -1000.0
381 432 -1000.0
382 383 -1000.0
382 391 -1000.0
382 392 -1000.0
382 393 -1000.0
382 431 -1000.0
382 432 -1000.0
382 433 -1000.0
383 384 -1000.0
383 392 -1000.0
383 393 -1000.0
383 394 -1000.0
383 432 -1000.0
383 433 -1000.0
383 434 -13000.0
384 385 -1000.0
384 393 -1000.0
384 394 -4000.0
384 433 -1000.0
384 434 -1000.0
384 435 -1000.0
385 386 -1000.0
385 394 -1000.0
385 395 -1000.0
385 396 -1000.0
385 434 -1000.0
385 435 -1000.0
385 436 -1000.0
386 387 -1000.0
386 395 -1000.0
386 396 -1000.0
386 397 -1000.0
386 435 -1000.0
386 436 -1000.0
386 437 -1000.0
387 388 -1000.0
387 396 -1000.0
387 397 -1000.0
387 398 -7000.0
387 436 -1000.0
387 437 -1000.0
387 438 -1000.0
388 389 -1000.0
388 397 -1000.0
388 398 -1000.0
388 399 -1000.0
388 437 -1000.0
388 438 -1000.0
388 439 -1000.0
389 390 -1000.0
389 398 -1000.0
389 399 -1000.0
389 400 -1000.0
389 438 -1000.0
389 439 -1000.0
389 440 -1000.0
390 399 -1000.0
390 400 -1000.0
390 439 -1000.0
390 440 -1000.0
391 392 -1000.0
391 441 -1000.0
391 442 -1000.0
392 393 -1000.0
392 441 -1000.0
392 442 -1000.0
392 443 -1000.0
393 394 -1000.0
393 442 -1000.0
393 443 -1000.0
393 444 -1000.0
394 395 -1000.0
394 443 -1000.0
394 444 -1000.0
394 445 -1000.0
395 396 -1000.0
395 444 -1000.0
395 445 -1000.0
395 446 -1000.0
396 397 -1000.0
396 445 -11000.0
396 446 -1000.0
396 447 -1000.0
397 398 -1000.0
397 446 -1000.0
397 447 -1000.0
397 448 -3000.0
398 399 -1000.0
398 447 -13000.0
398 448 -1000.0
398 449 -1000.0
399 400 -1000.0
399 448 -1000.0
399 449 -1000.0
399 450 -1000.0
400 449 -380000.0
400 450 -1000.0
401 402 -1000.0
401 411 -1000.0
401 412 -1000.0
401 451 -1000.0
401 452 -1000.0
402 403 -1000.0
402 411 -1000.0
402 412 -1000.0
402 413 -6000.0
402 451 -1000.0
402 452 -1000.0
402 453 -1000.0
403 404 -1000.0
403 412 -1000.0
403 413 -1000.0
403 414 -1000.0
403 452 -1000.0
403 453 -1000.0
403 454 -1000.0
404 405 -1000.0
404 413 -1000.0
404 414 -1000.0
404 415 -1000.0
404 453 -1000.0
404 454 -1000.0
404 455 -1000.0
405 406 -1000.0
405 414 -1000.0
405 415 -1000.0
405 416 -1000.0
405 454 -1000.0
405 455 -1000.0
405 456 -71000.0
406 407 -1000.0
406 415 -1000.0
406 416 -1000.0
406 417 -1000.0
406 455 -1000.0
406 456 -1000.0
406 457 -1000.0
407 408 -1000.0
407 416 -7000.0
407 417 -1000.0
407 418 -1000.0
407 456 -1000.0
407 457 -1000.0
407 458 -1000.0
408 409 -1000.0
408 417 -1000.0
408 418 -1000.0
408 419 -1000.0
408 457 -1000.0
408 458 -1000.0
408 459 -1000.0
409 410 -1000.0
409 418 -1000.0
409 419 -9000.0
409 420 -1000.0
409 458 -1000.0
409 459 -1000.0
409 460 -1000.0
410 419 -1000.0
410 420 -1000.0
410 459 -6000.0
410 460 -1000.0
411 412 -1000.0
411 421 -1000.0
411 422 -1000.0
411 461 -1000.0
411 462 -1000.0
412 413 -1000.0
412 421 -1000.0
412 422 -1000.0
412 423 -1000.0
412 461 -1000.0
412 462 -1000.0
412 463 -1000.0
413 414 -1000.0
413 422 -1000.0
413 423 -1000.0
413 424 -1000.0
413 462 -1000.0
413 463 -1000.0
414 415 -1000.0
414 423 -1000.0
414 424 -73000.0
414 425 -1000.0
414 463 -1000.0
414 464 -1000.0
414 465 -1000.0
415 416 -1000.0
415 424 -1000.0
415 425 -6000.0
415 426 -1000.0
415 464 -1000.0
415 465 -1000.0
415 466 -1000.0
416 417 -1000.0
416 425 -1000.0
416 426 -1000.0
416 427 -1000.0
416 465 -1000.0
416 466 -1000.0
416 467 -1000.0
417 418 -1000.0
417 426 -1000.0
417 427 -1000.0
417 428 -1000.0
417 466 -1000.0
417 467 -1000.0
417 468 -1000.0
418 419 -1000.0
418 427 -13000.0
418 428 -1000.0
418 429 -1000.0
418 467 -1000.0
418 468 -1000.0
418 469 -1000.0
419 420 -1000.0
419 428 -1000.0
419 429 -1000.0
419 430 -1000.0
419 468 -1000.0
419 469 -1000.0
419 470 -1000.0
420 429 -1000.0
420 430 -1000.0
420 469 -1000.0
420 470 -1000.0
421 422 -1000.0
421 431 -1000.0
421 432 -1000.0
421 471 -1000.0
421 472 -1000.0
422 423 -1000.0
422 431 -1000.0
422 432 -1000.0
422 433 -1000.0
422 471 -1000.0
422 472 -1000.0
422 473 -1000.0
423 424 -1000.0
423 432 -1000.0
423 433 -1000.0
423 434 -11000.0
423 472 -1000.0
423 473 -1000.0
423 474 -11000.0
424 425 -1000.0
424 433 -1000.0
424 434 -7000.0
424 435 -1000.0
424 473 -9000.0
424 474 -1000.0
424 475 -1000.0
425 426 -1000.0
425 434 -1000.0
425 435 -1000.0
425 436 -1000.0
425 474 -1000.0
425 475 -2000.0
425 476 -13000.0
426 427 -1000.0
426 435 -1000.0
426 436 -1000.0
426 437 -1000.0
426 475 -1000.0
426 476 -1000.0
426 477 -1000.0
427 428 -1000.0
427 436 -1000.0
427 437 -1000.0
427 438 -3000.0
427 476 -1000.0
427 477 -1000.0
427 478 -1000.0
428 429 -1000.0
428 437 -1000.0
428 438 -1000.0
428 439 -1000.0
428 477 -1000.0
428 478 -1000.0
428 479 -1000.0
429 430 -1000.0
429 438 -1000.0
429 439 -1000.0
429 440 -1000.0
429 478 -1000.0
429 479 -1000.0
429 480 -1000.0
430 439 -2000.0
430 440 -1000.0
430 479 -1000.0
430 480 -1000.0
431 432 -1000.0
431 441 -1000.0
431 442 -1000.0
431 481 -1000.0
431 482 -1000.0
432 433 -1000.0
432 441 -1000.0
432 442 -1000.0
432 443 -1000.0
432 481 -1000.0
432 482 -1000.0
432 483 -1000.0
433 434 -1000.0
433 442 -1000.0
433 443 -1000.0
433 444 -1000.0
433 482 -1000.0
433 483 -1000.0
433 484 -1000.0
434 435 -1000.0
434 443 -1000.0
434 444 -1000.0
434 445 -1000.0
434 483 -1000.0
434 484 -1000.0
434 485 -1000.0
435 436 -1000.0
435 444 -1000.0
435 445 -1000.0
435 446 -1000.0
435 484 -1000.0
435 485 -1000.0
435 486 -1000.0
436 437 -1000.0
436 445 -1000.0
436 446 -1000.0
436 447 -1000.0
436 485 -1000.0
436 486 -1000.0
436 487 -1000.0
437 438 -1000.0
437 446 -1000.0
437 447 -1000.0
437 448 -1000.0
437 486 -9000.0
437 487 -1000.0
437 488 -1000.0
438 439 -1000.0
438 447 -1000.0
438 448 -6000.0
438 449 -1000.0
438 487 -1000.0
438 488 -1000.0
438 489 -1000.0
439 440 -1000.0
439 448 -1000.0
439 449 -6000.0
439 450 -1000.0
439 488 -1000.0
439 489 -1000.0
439 490 -1000.0
440 449 -1000.0
440 450 -1000.0
440 489 -1000.0
440 490 -1000.0
441 442 -1000.0
441 491 -1000.0
441 492 -1000.0
442 443 -1000.0
442 491 -1000.0
442 492 -1000.0
442 493 -1000.0
443 444 -1000.0
443 492 -12000.0
443 493 -1000.0
443 494 -1000.0
444 445 -1000.0
444 493 -1000.0
444 494 -1000.0
444 495 -1000.0
445 446 -1000.0
445 494 -1000.0
445 495 -1000.0
445 496 -1000.0
446 447 -1000.0
446 495 -1000.0
446 496 -1000.0
446 497 -1000.0
447 448 -1000.0
447 496 -1000.0
447 497 -1000.0
447 498 -1000.0
448 449 -1000.0
448 497 -1000.0
448 498 -1000.0
448 499 -1000.0
449 450 -1000.0
449 498 -1000.0
449 499 -1000.0
449 500 -1000.0
450 499 -1000.0
450 500 -1000.0
451 452 -1000.0
451 461 -1000.0
451 462 -1000.0
451 501 -1000.0
451 502 -1000.0
452 453 -1000.0
452 461 -1000.0
452 462 -1000.0
452 463 -1000.0
452 501 -1000.0
452 502 -1000.0
452 503 -1000.0
453 454 -1000.0
453 462 -1000.0
453 463 -7000.0
453 464 -1000.0
453 502 -1000.0
453 503 -1000.0
453 504 -1000.0
454 455 -1000.0
454 463 -4000.0
454 464 -1000.0
454 465 -1000.0
454 503 -1000.0
454 504 -1000.0
454 505 -1000.0
455 456 -1000.0
455 464 -1000.0
455 465 -1000.0
455 466 -1000.0
455 504 -1000.0
455 505 -3000.0
455 506 -1000.0
456 457 -1000.0
456 465 -1000.0
456 466 -1000.0
456 467 -1000.0
456 505 -1000.0
456 506 -1000.0
456 507 -1000.0
457 458 -1000.0
457 466 -1000.0
457 467 -1000.0
457 468 -1000.0
457 506 -1000.0
457 507 -7000.0
457 508 -1000.0
458 459 -1000.0
458 467 -1000.0
458 468 -1000.0
458 469 -1000.0
458 507 -1000.0
458 508 -2000.0
458 509 -1000.0
459 460 -1000.0
459 468 -1000.0
459 469 -1000.0
459 470 -1000.0
459 508 -1000.0
459 509 -2000.0
459 510 -1000.0
460 469 -1000.0
460 470 -1000.0
460 509 -1000.0
460 510 -1000.0
461 462 -1000.0
461 471 -1000.0
461 472 -1000.0
461 511 -1000.0
461 512 -1000.0
462 463 -1000.0
462 471 -1000.0
462 472 -1000.0
462 473 -1000.0
462 511 -1000.0
462 512 -1000.0
462 513 -1000.0
463 464 -1000.0
463 472 -1000.0
463 473 -1000.0
463 474 -1000.0
463 512 -1000.0
463 513 -1000.0
463 514 -1000.0
464 465 -1000.0
464 473 -1000.0
464 474 -1000.0
464 475 -1000.0
464 513 -1000.0
464 514 -1000.0
464 515 -1000.0
465 466 -1000.0
465 474 -1000.0
465 475 -1000.0
465 476 -6000.0
465 514 -1000.0
465 515 -1000.0
465 516 -1000.0
466 467 -1000.0
466 475 -1000.0
466 476 -1000.0
466 477 -1000.0
466 515 -1000.0
466 516 -1000.0
466 517 -1000.0
467 468 -1000.0
467 476 -1000.0
467 477 -1000.0
467 478 -1000.0
467 516 -7000.0
467 517 -1000.0
467 518 -1000.0
468 469 -1000.0
468 477 -1000.0
468 478 -1000.0
468 479 -1000.0
468 517 -1000.0
468 518 -2000.0
468 519 -1000.0
469 470 -1000.0
469 478 -1000.0
469 479 -1000.0
469 480 -1000.0
469 518 -1000.0
469 519 -1000.0
469 520 -1000.0
470 479 -1000.0
470 480 -1000.0
470 519 -1000.0
470 520 -1000.0
471 472 -1000.0
471 481 -1000.0
471 482 -1000.0
471 521 -1000.0
471 522 -1000.0
472 473 -1000.0
472 481 -1000.0
472 482 -1000.0
472 483 -1000.0
472 521 -99000.0
472 522 -1000.0
472 523 -1000.0
473 474 -1000.0
473 482 -10000.0
473 483 -1000.0
473 484 -1000.0
473 522 -1000.0
473 523 -1000.0
473 524 -1000.0
474 475 -1000.0
474 483 -1000.0
474 484 -1000.0
474 485 -1000.0
474 523 -1000.0
474 524 -1000.0
474 525 -1000.0
475 476 -1000.0
475 484 -1000.0
475 485 -1000.0
475 486 -1000.0
475 524 -1000.0
475 525 -1000.0
475 526 -1000.0
476 477 -1000.0
476 485 -1000.0
476 486 -1000.0
476 487 -1000.0
476 525 -1000.0
476 526 -1000.0
476 527 -1000.0
477 478 -1000.0
477 486 -1000.0
477 487 -1000.0
477 488 -28000.0
477 526 -1000.0
477 527 -1000.0
477 528 -1000.0
478 479 -1000.0
478 487 -1000.0
478 488 -1000.0
478 489 -1000.0
478 527 -1000.0
478 528 -1000.0
478 529 -1000.0
479 480 -1000.0
479 488 -1000.0
479 489 -1000.0
479 490 -1000.0
479 528 -1000.0
479 529 -1000.0
479 530 -1000.0
480 489 -1000.0
480 490 -1000.0
480 529 -1000.0
480 530 -1000.0
481 482 -1000.0
481 491 -1000.0
481 492 -1000.0
481 531 -1000.0
481 532 -1000.0
482 483 -1000.0
482 491 -1000.0
482 492 -3000.0
482 493 -1000.0
482 531 -1000.0
482 532 -1000.0
482 533 -1000.0
483 484 -1000.0
483 492 -1000.0
483 493 -1000.0
483 494 -1000.0
483 532 -1000.0
483 533 -1000.0
483 534 -1000.0
484 485 -1000.0
484 493 -1000.0
484 494 -1000.0
484 495 -1000.0
484 533 -1000.0
484 534 -1000.0
484 535 -1000.0
485 486 -1000.0
485 494 -1000.0
485 495 -1000.0
485 496 -1000.0
485 534 -1000.0
485 535 -1000.0
485 536 -2000.0
486 487 -1000.0
486 495 -1000.0
486 496 -4000.0
486 497 -1000.0
486 535 -9000.0
486 536 -1000.0
486 537 -1000.0
487 488 -1000.0
487 496 -1000.0
487 497 -1000.0
487 498 -1000.0
487 536 -1000.0
487 537 -1000.0
487 538 -1000.0
488 489 -1000.0
488 497 -1000.0
488 498 -1000.0
488 499 -7000.0
488 537 -1000.0
488 538 -1000.0
488 539 -1000.0
489 490 -1000.0
489 498 -1000.0
489 499 -1000.0
489 500 -1000.0
489 538 -6000.0
489 539 -1000.0
489 540 -1000.0
490 499 -1000.0
490 500 -1000.0
490 539 -1000.0
490 540 -1000.0
491 492 -1000.0
491 541 -1000.0
491 542 -1000.0
492 493 -1000.0
492 541 -1000.0
492 542 -1000.0
492 543 -6000.0
493 494 -1000.0
493 542 -1000.0
493 543 -1000.0
493 544 -1000.0
494 495 -1000.0
494 543 -1000.0
494 544 -1000.0
494 545 -1000.0
495 496 -1000.0
495 544 -1000.0
495 545 -1000.0
495 546 -1000.0
496 497 -1000.0
496 545 -1000.0
496 546 -1000.0
496 547 -1000.0
497 498 -1000.0
497 546 -11000.0
497 547 -6000.0
497 548 -10000.0
498 499 -1000.0
498 547 -1000.0
498 548 -1000.0
498 549 -1000.0
499 500 -1000.0
499 548 -1000.0
499 549 -1000.0
499 550 -12000.0
500 549 -1000.0
500 550 -1000.0
501 502 -1000.0
501 511 -1000.0
501 512 -1000.0
501 551 -1000.0
501 552 -1000.0
502 503 -1000.0
502 511 -1000.0
502 512 -1000.0
502 513 -1000.0
502 551 -1000.0
502 552 -1000.0
502 553 -11000.0
503 504 -1000.0
503 512 -1000.0
503 513 -1000.0
503 514 -1000.0
503 552 -1000.0
503 553 -1000.0
503 554 -1000.0
504 505 -1000.0
504 513 -1000.0
504 514 -1000.0
504 515 -1000.0
504 553 -1000.0
504 554 -9000.0
504 555 -1000.0
505 506 -1000.0
505 514 -1000.0
505 515 -7000.0
505 516 -1000.0
505 554 -1000.0
505 555 -1000.0
505 556 -1000.0
506 507 -1000.0
506 515 -1000.0
506 516 -7000.0
506 517 -1000.0
506 555 -9000.0
506 556 -1000.0
506 557 -1000.0
507 508 -1000.0
507 516 -5000.0
507 517 -1000.0
507 518 -1000.0
507 556 -1000.0
507 557 -1000.0
507 558 -1000.0
508 509 -1000.0
508 517 -1000.0
508 518 -1000.0
508 519 -1000.0
508 557 -1000.0
508 558 -6000.0
508 559 -1000.0
509 510 -1000.0
509 518 -1000.0
509 519 -5000.0
509 520 -1000.0
509 558 -1000.0
509 559 -1000.0
509 560 -1000.0
510 519 -1000.0
510 520 -1000.0
510 559 -1000.0
510 560 -1000.0
511 512 -1000.0
511 521 -1000.0
511 522 -1000.0
511 561 -1000.0
511 562 -1000.0
512 513 -1000.0
512 521 -1000.0
512 522 -1000.0
512 523 -11000.0
512 561 -1000.0
512 562 -6000.0
512 563 -8000.0
513 514 -1000.0
513 522 -8000.0
513 523 -1000.0
513 524 -1000.0
513 562 -1000.0
513 563 -1000.0
513 564 -1000.0
514 515 -1000.0
514 523 -1000.0
514 524 -1000.0
514 525 -1000.0
514 563 -12000.0
514 564 -1000.0
514 565 -1000.0
515 516 -1000.0
515 524 -1000.0
515 525 -1000.0
515 526 -1000.0
515 564 -1000.0
515 565 -1000.0
515 566 -1000.0
516 517 -1000.0
516 525 -1000.0
516 526 -1000.0
516 527 -1000.0
516 565 -1000.0
516 566 -1000.0
516 567 -1000.0
517 518 -1000.0
517 526 -10000.0
517 527 -1000.0
517 528 -1000.0
517 566 -1000.0
517 567 -1000.0
517 568 -1000.0
518 519 -1000.0
518 527 -1000.0
518 528 -1000.0
518 529 -1000.0
518 567 -1000.0
518 568 -1000.0
518 569 -1000.0
519 520 -1000.0
519 528 -1000.0
519 529 -1000.0
519 530 -1000.0
519 568 -1000.0
519 569 -1000.0
519 570 -1000.0
520 529 -1000.0
520 530 -1000.0
520 569 -1000.0
520 570 -1000.0
521 522 -1000.0
521 531 -1000.0
521 532 -1000.0
521 571 -1000.0
521 572 -1000.0
522 523 -1000.0
522 531 -1000.0
522 532 -3000.0
522 533 -1000.0
522 571 -1000.0
522 572 -1000.0
522 573 -1000.0
523 524 -1000.0
523 532 -1000.0
523 533 -1000.0
523 534 -13000.0
523 572 -1000.0
523 573 -1000.0
523 574 -3000.0
524 525 -1000.0
524 533 -1000.0
524 534 -1000.0
524 535 -1000.0
524 573 -1000.0
524 574 -8000.0
524 575 -1000.0
525 526 -1000.0
525 534 -1000.0
525 535 -1000.0
525 536 -1000.0
525 574 -1000.0
525 576 -1000.0
526 527 -1000.0
526 535 -1000.0
526 536 -1000.0
526 537 -1000.0
526 575 -1000.0
526 576 -1000.0
526 577 -1000.0
527 528 -1000.0
527 536 -1000.0
527 537 -1000.0
527 538 -1000.0
527 576 -1000.0
527 577 -1000.0
527 578 -1000.0
528 529 -1000.0
528 537 -1000.0
528 538 -2000.0
528 539 -1000.0
528 577 -1000.0
528 578 -1000.0
528 579 -1000.0
529 530 -1000.0
529 538 -1000.0
529 539 -1000.0
529 540 -1000.0
529 578 -1000.0
529 579 -1000.0
529 580 -1000.0
530 539 -1000.0
530 540 -1000.0
530 579 -1000.0
530 580 -1000.0
531 532 -1000.0
531 541 -1000.0
531 542 -1000.0
531 581 -1000.0
531 582 -1000.0
532 533 -1000.0
532 541 -1000.0
532 542 -1000.0
532 543 -1000.0
532 581 -1000.0
532 582 -1000.0
532 583 -1000.0
533 534 -1000.0
533 542 -1000.0
533 543 -1000.0
533 544 -1000.0
533 582 -1000.0
533 583 -1000.0
533 584 -1000.0
534 535 -1000.0
534 543 -1000.0
534 544 -1000.0
534 545 -1000.0
534 583 -1000.0
534 584 -1000.0
534 585 -128000.0
535 536 -1000.0
535 544 -1000.0
535 545 -1000.0
535 546 -1000.0
535 584 -1000.0
535 585 -1000.0
535 586 -1000.0
536 537 -1000.0
536 545 -1000.0
536 546 -1000.0
536 547 -10000.0
536 585 -1000.0
536 586 -1000.0
536 587 -1000.0
537 538 -1000.0
537 546 -1000.0
537 547 -1000.0
537 548 -1000.0
537 586 -1000.0
537 587 -1000.0
537 588 -1000.0
538 539 -1000.0
538 547 -1000.0
538 548 -1000.0
538 549 -1000.0
538 587 -1000.0
538 588 -1000.0
538 589 -1000.0
539 540 -1000.0
539 548 -1000.0
539 549 -1000.0
539 550 -1000.0
539 588 -1000.0
539 589 -1000.0
539 590 -1000.0
540 549 -9000.0
540 550 -1000.0
540 589 -9000.0
540 590 -1000.0
541 542 -1000.0
541 591 -1000.0
541 592 -1000.0
542 543 -1000.0
542 591 -1000.0
542 592 -1000.0
542 593 -1000.0
543 544 -1000.0
543 592 -1000.0
543 593 -1000.0
543 594 -1000.0
544 545 -1000.0
544 593 -1000.0
544 594 -1000.0
544 595 -1000.0
545 546 -1000.0
545 594 -1000.0
545 595 -1000.0
545 596 -1000.0
546 547 -1000.0
546 595 -1000.0
546 596 -4000.0
546 597 -1000.0
547 548 -1000.0
547 596 -1000.0
547 597 -1000.0
547 598 -1000.0
548 549 -1000.0
548 597 -10000.0
548 598 -1000.0
548 599 -1000.0
549 550 -1000.0
549 598 -6000.0
549 599 -1000.0
549 600 -1000.0
550 599 -1000.0
550 600 -1000.0
551 552 -1000.0
551 561 -1000.0
551 562 -1000.0
551 601 -1000.0
551 602 -1000.0
552 553 -1000.0
552 561 -1000.0
552 562 -1000.0
552 563 -2000.0
552 601 -1000.0
552 602 -1000.0
552 603 -1000.0
553 554 -1000.0
553 562 -1000.0
553 563 -1000.0
553 564 -1000.0
553 602 -1000.0
553 603 -1000.0
553 604 -1000.0
554 555 -1000.0
554 563 -1000.0
554 564 -3000.0
554 565 -1000.0
554 603 -7000.0
554 604 -1000.0
554 605 -1000.0
555 556 -1000.0
555 564 -1000.0
555 565 -1000.0
555 566 -1000.0
555 604 -1000.0
555 605 -1000.0
555 606 -1000.0
556 557 -1000.0
556 565 -1000.0
556 566 -3000.0
556 567 -1000.0
556 605 -1000.0
556 606 -9000.0
556 607 -1000.0
557 558 -1000.0
557 566 -1000.0
557 567 -1000.0
557 568 -1000.0
557 606 -1000.0
557 607 -1000.0
557 608 -1000.0
558 559 -1000.0
558 567 -1000.0
558 568 -1000.0
558 569 -13000.0
558 607 -1000.0
558 608 -1000.0
558 609 -1000.0
559 560 -1000.0
559 568 -1000.0
559 569 -6000.0
559 570 -1000.0
559 608 -1000.0
559 609 -1000.0
559 610 -1000.0
560 569 -1000.0
560 570 -1000.0
560 609 -1000.0
560 610 -1000.0
561 562 -1000.0
561 571 -1000.0
561 572 -4000.0
561 611 -1000.0
561 612 -1000.0
562 563 -1000.0
562 571 -1000.0
562 572 -1000.0
562 573 -1000.0
562 611 -1000.0
562 612 -1000.0
562 613 -1000.0
563 564 -1000.0
563 572 -1000.0
563 573 -1000.0
563 574 -1000.0
563 612 -1000.0
563 613 -1000.0
563 614 -1000.0
564 565 -1000.0
564 573 -1000.0
564 574 -1000.0
564 575 -1000.0
564 613 -1000.0
564 614 -1000.0
564 615 -1000.0
565 566 -1000.0
565 574 -1000.0
565 575 -1000.0
565 576 -1000.0
565 614 -1000.0
565 615 -1000.0
565 616 -1000.0
566 567 -1000.0
566 575 -1000.0
566 576 -1000.0
566 577 -1000.0
566 615 -1000.0
566 616 -1000.0
566 617 -10000.0
567 568 -1000.0
567 576 -1000.0
567 577 -1000.0
567 578 -8000.0
567 616 -1000.0
567 617 -1000.0
567 618 -1000.0
568 569 -1000.0
568 577 -1000.0
568 578 -1000.0
568 579 -1000.0
568 617 -1000.0
568 618 -2000.0
568 619 -1000.0
569 570 -1000.0
569 578 -1000.0
569 579 -1000.0
569 580 -1000.0
569 618 -1000.0
569 619 -1000.0
569 620 -1000.0
570 579 -1000.0
570 580 -1000.0
570 619 -9000.0
570 620 -1000.0
571 572 -1000.0
571 581 -1000.0
571 582 -1000.0
571 621 -1000.0
571 622 -9000.0
572 573 -1000.0
572 581 -1000.0
572 582 -1000.0
572 583 -1000.0
572 621 -1000.0
572 622 -1000.0
572 623 -1000.0
573 574 -1000.0
573 582 -1000.0
573 583 -1000.0
573 584 -1000.0
573 622 -1000.0
573 623 -1000.0
573 624 -1000.0
574 575 -1000.0
574 583 -1000.0
574 584 -1000.0
574 585 -5000.0
574 623 -1000.0
574 624 -1000.0
574 625 -1000.0
575 576 -1000.0
575 584 -1000.0
575 585 -1000.0
575 586 -1000.0
575 624 -1000.0
575 625 -1000.0
575 626 -9000.0
576 577 -1000.0
576 585 -1000.0
576 586 -1000.0
576 587 -1000.0
576 625 -1000.0
576 626 -1000.0
576 627 -1000.0
577 578 -1000.0
577 586 -1000.0
577 587 -1000.0
577 588 -1000.0
577 626 -1000.0
577 628 -1000.0
578 579 -1000.0
578 587 -1000.0
578 588 -4000.0
578 589 -1000.0
578 627 -1000.0
578 628 -1000.0
578 629 -1000.0
579 580 -1000.0
579 588 -1000.0
579 589 -1000.0
579 590 -1000.0
579 628 -1000.0
579 629 -1000.0
579 630 -1000.0
580 589 -1000.0
580 590 -9000.0
580 629 -1000.0
580 630 -1000.0
581 582 -1000.0
581 591 -1000.0
581 592 -1000.0
581 631 -1000.0
581 632 -1000.0
582 583 -1000.0
582 591 -1000.0
582 592 -1000.0
582 593 -1000.0
582 631 -1000.0
582 632 -1000.0
582 633 -1000.0
583 584 -1000.0
583 592 -1000.0
583 593 -1000.0
583 594 -1000.0
583 632 -1000.0
583 633 -1000.0
583 634 -7000.0
584 585 -1000.0
584 593 -5000.0
584 594 -1000.0
584 595 -1000.0
584 633 -1000.0
584 634 -1000.0
584 635 -1000.0
585 586 -1000.0
585 594 -1000.0
585 595 -1000.0
585 596 -1000.0
585 634 -1000.0
585 635 -1000.0
585 636 -1000.0
586 587 -1000.0
586 595 -1000.0
586 596 -1000.0
586 597 -1000.0
586 635 -2000.0
586 636 -1000.0
586 637 -1000.0
587 588 -1000.0
587 596 -12000.0
587 597 -1000.0
587 598 -1000.0
587 636 -1000.0
587 637 -7000.0
587 638 -1000.0
588 589 -1000.0
588 597 -1000.0
588 598 -1000.0
588 599 -1000.0
588 637 -1000.0
588 638 -5000.0
588 639 -1000.0
589 590 -1000.0
589 598 -1000.0
589 599 -1000.0
589 600 -1000.0
589 638 -4000.0
589 639 -8000.0
589 640 -1000.0
590 599 -1000.0
590 600 -1000.0
590 639 -1000.0
590 640 -1000.0
591 592 -1000.0
591 641 -1000.0
591 642 -1000.0
592 593 -1000.0
592 641 -1000.0
592 642 -1000.0
592 643 -7000.0
593 594 -1000.0
593 642 -1000.0
593 643 -1000.0
593 644 -1000.0
594 595 -1000.0
594 643 -1000.0
594 644 -1000.0
594 645 -1000.0
595 596 -1000.0
595 644 -1000.0
595 645 -1000.0
595 646 -1000.0
596 597 -1000.0
596 645 -1000.0
596 646 -1000.0
596 647 -1000.0
597 598 -1000.0
597 646 -1000.0
597 647 -1000.0
597 648 -4000.0
598 599 -1000.0
598 647 -11000.0
598 648 -1000.0
598 649 -1000.0
599 600 -1000.0
599 648 -1000.0
599 649 -1000.0
599 650 -1000.0
600 649 -1000.0
600 650 -1000.0
601 602 -1000.0
601 611 -1000.0
601 612 -1000.0
601 651 -1000.0
601 652 -1000.0
602 603 -1000.0
602 611 -1000.0
602 612 -8000.0
602 613 -1000.0
602 651 -1000.0
602 652 -1000.0
602 653 -1000.0
603 604 -1000.0
603 612 -1000.0
603 613 -1000.0
603 614 -1000.0
603 652 -1000.0
603 653 -1000.0
603 654 -1000.0
604 605 -1000.0
604 614 -1000.0
604 615 -1000.0
604 653 -1000.0
604 654 -1000.0
604 655 -1000.0
605 606 -1000.0
605 614 -1000.0
605 615 -1000.0
605 616 -1000.0
605 654 -1000.0
605 655 -1000.0
605 656 -1000.0
606 607 -1000.0
606 615 -1000.0
606 616 -1000.0
606 617 -1000.0
606 655 -1000.0
606 656 -1000.0
606 657 -1000.0
607 608 -1000.0
607 616 -1000.0
607 617 -3000.0
607 618 -1000.0
607 656 -1000.0
607 657 -25000.0
607 658 -1000.0
608 609 -1000.0
608 617 -1000.0
608 618 -6000.0
608 619 -1000.0
608 657 -1000.0
608 658 -1000.0
608 659 -1000.0
609 610 -1000.0
609 618 -1000.0
609 619 -1000.0
609 620 -1000.0
609 658 -1000.0
609 659 -1000.0
609 660 -1000.0
610 619 -1000.0
610 620 -1000.0
610 659 -1000.0
610 660 -4000.0
611 612 -1000.0
611 621 -1000.0
611 622 -1000.0
611 661 -1000.0
611 662 -1000.0
612 613 -1000.0
612 621 -1000.0
612 622 -1000.0
612 623 -1000.0
612 661 -4000.0
612 662 -1000.0
612 663 -1000.0
613 614 -1000.0
613 622 -1000.0
613 623 -1000.0
613 624 -1000.0
613 662 -1000.0
613 663 -1000.0
613 664 -1000.0
614 615 -1000.0
614 623 -1000.0
614 624 -1000.0
614 625 -1000.0
614 663 -1000.0
614 664 -1000.0
614 665 -1000.0
615 616 -1000.0
615 624 -1000.0
615 625 -1000.0
615 626 -1000.0
615 664 -1000.0
615 665 -1000.0
615 666 -1000.0
616 617 -1000.0
616 625 -1000.0
616 626 -1000.0
616 627 -1000.0
616 665 -1000.0
616 666 -5000.0
616 667 -1000.0
617 618 -1000.0
617 626 -1000.0
617 627 -1000.0
617 628 -1000.0
617 666 -1000.0
617 667 -1000.0
617 668 -1000.0
618 619 -1000.0
618 627 -1000.0
618 628 -1000.0
618 629 -5000.0
618 667 -1000.0
618 668 -1000.0
618 669 -1000.0
619 620 -1000.0
619 628 -1000.0
619 629 -2000.0
619 630 -1000.0
619 668 -1000.0
619 669 -3000.0
619 670 -1000.0
620 629 -1000.0
620 630 -1000.0
620 669 -1000.0
620 670 -1000.0
621 622 -1000.0
621 631 -1000.0
621 632 -1000.0
621 671 -1000.0
621 672 -1000.0
622 623 -1000.0
622 631 -1000.0
622 632 -9000.0
622 633 -1000.0
622 671 -1000.0
622 672 -1000.0
622 673 -1000.0
623 624 -1000.0
623 632 -1000.0
623 633 -1000.0
623 634 -1000.0
623 672 -1000.0
623 673 -1000.0
623 674 -1000.0
624 625 -1000.0
624 633 -1000.0
624 634 -5000.0
624 635 -1000.0
624 673 -1000.0
624 674 -1000.0
624 675 -1000.0
625 626 -1000.0
625 634 -1000.0
625 635 -9000.0
625 636 -8000.0
625 674 -6000.0
625 675 -1000.0
625 676 -1000.0
626 627 -1000.0
626 635 -1000.0
626 636 -1000.0
626 637 -1000.0
626 675 -1000.0
626 676 -9000.0
626 677 -1000.0
627 628 -1000.0
627 636 -1000.0
627 637 -9000.0
627 638 -1000.0
627 676 -1000.0
627 677 -1000.0
627 678 -1000.0
628 629 -1000.0
628 637 -1000.0
628 638 -1000.0
628 639 -1000.0
628 677 -1000.0
628 678 -1000.0
628 679 -1000.0
629 630 -1000.0
629 638 -1000.0
629 639 -1000.0
629 640 -1000.0
629 678 -1000.0
629 679 -1000.0
629 680 -1000.0
630 639 -1000.0
630 640 -1000.0
630 679 -1000.0
630 680 -1000.0
631 632 -1000.0
631 641 -1000.0
631 642 -1000.0
631 681 -1000.0
631 682 -1000.0
632 633 -1000.0
632 641 -1000.0
632 642 -1000.0
632 643 -1000.0
632 681 -1000.0
632 682 -1000.0
632 683 -1000.0
633 634 -1000.0
633 642 -1000.0
633 643 -1000.0
633 644 -1000.0
633 682 -1000.0
633 683 -1000.0
633 684 -1000.0
634 635 -1000.0
634 643 -1000.0
634 644 -1000.0
634 645 -1000.0
634 683 -1000.0
634 684 -1000.0
634 685 -1000.0
635 636 -1000.0
635 644 -1000.0
635 645 -1000.0
635 646 -1000.0
635 684 -1000.0
635 685 -1000.0
635 686 -1000.0
636 637 -1000.0
636 645 -1000.0
636 646 -1000.0
636 647 -1000.0
636 685 -1000.0
636 686 -1000.0
636 687 -1000.0
637 638 -1000.0
637 646 -1000.0
637 647 -1000.0
637 648 -1000.0
637 686 -1000.0
637 687 -7000.0
637 688 -1000.0
638 639 -1000.0
638 647 -1000.0
638 648 -1000.0
638 649 -1000.0
638 687 -1000.0
638 688 -1000.0
638 689 -1000.0
639 640 -1000.0
639 648 -1000.0
639 649 -8000.0
639 650 -1000.0
639 688 -1000.0
639 689 -1000.0
639 690 -1000.0
640 649 -10000.0
640 650 -1000.0
640 689 -1000.0
640 690 -1000.0
641 642 -1000.0
641 691 -1000.0
641 692 -1000.0
642 643 -1000.0
642 691 -1000.0
642 692 -1000.0
642 693 -1000.0
643 644 -1000.0
643 692 -1000.0
643 693 -1000.0
643 694 -1000.0
644 645 -1000.0
644 693 -9000.0
644 694 -1000.0
644 695 -1000.0
645 646 -1000.0
645 694 -1000.0
645 695 -1000.0
645 696 -1000.0
646 647 -1000.0
646 695 -1000.0
646 696 -1000.0
646 697 -9000.0
647 648 -1000.0
647 696 -1000.0
647 697 -1000.0
647 698 -1000.0
648 649 -1000.0
648 697 -1000.0
648 698 -1000.0
649 650 -1000.0
649 698 -1000.0
649 699 -1000.0
649 700 -1000.0
650 699 -1000.0
650 700 -1000.0
651 652 -1000.0
651 661 -1000.0
651 662 -1000.0
651 701 -1000.0
651 702 -1000.0
652 653 -1000.0
652 661 -1000.0
652 662 -1000.0
652 663 -1000.0
652 701 -1000.0
652 702 -1000.0
652 703 -1000.0
653 654 -1000.0
653 662 -1000.0
653 663 -1000.0
653 664 -1000.0
653 702 -1000.0
653 703 -1000.0
653 704 -1000.0
654 655 -1000.0
654 663 -1000.0
654 664 -1000.0
654 665 -1000.0
654 703 -1000.0
654 704 -1000.0
654 705 -1000.0
655 656 -1000.0
655 664 -1000.0
655 665 -1000.0
655 666 -1000.0
655 704 -1000.0
655 705 -1000.0
655 706 -1000.0
656 657 -1000.0
656 665 -1000.0
656 666 -1000.0
656 667 -1000.0
656 705 -1000.0
656 706 -1000.0
656 707 -1000.0
657 658 -1000.0
657 666 -1000.0
657 667 -1000.0
657 668 -1000.0
657 706 -1000.0
657 707 -1000.0
657 708 -1000.0
658 659 -1000.0
658 667 -1000.0
658 668 -1000.0
658 669 -1000.0
658 707 -1000.0
658 708 -1000.0
658 709 -1000.0
659 660 -1000.0
659 668 -1000.0
659 669 -1000.0
659 670 -1000.0
659 708 -1000.0
659 709 -1000.0
659 710 -1000.0
660 669 -2000.0
660 670 -1000.0
660 709 -1000.0
660 710 -1000.0
661 662 -1000.0
661 671 -1000.0
661 672 -1000.0
661 711 -1000.0
661 712 -1000.0
662 663 -1000.0
662 671 -1000.0
662 672 -1000.0
662 673 -1000.0
662 711 -1000.0
662 712 -1000.0
662 713 -1000.0
663 664 -1000.0
663 672 -1000.0
663 673 -1000.0
663 674 -1000.0
663 712 -1000.0
663 713 -9000.0
663 714 -1000.0
664 665 -1000.0
664 673 -1000.0
664 674 -1000.0
664 675 -1000.0
664 713 -1000.0
664 714 -1000.0
664 715 -1000.0
665 666 -1000.0
665 674 -1000.0
665 675 -1000.0
665 676 -1000.0
665 714 -1000.0
665 715 -1000.0
665 716 -1000.0
666 667 -1000.0
666 675 -1000.0
666 676 -1000.0
666 677 -1000.0
666 715 -1000.0
666 716 -1000.0
666 717 -1000.0
667 668 -1000.0
667 676 -1000.0
667 677 -1000.0
667 678 -1000.0
667 716 -1000.0
667 717 -1000.0
667 718 -1000.0
668 669 -1000.0
668 677 -10000.0
668 678 -1000.0
668 679 -1000.0
668 717 -1000.0
668 718 -1000.0
668 719 -1000.0
669 670 -1000.0
669 678 -1000.0
669 679 -1000.0
669 680 -1000.0
669 718 -13000.0
669 719 -1000.0
669 720 -3000.0
670 679 -1000.0
670 680 -1000.0
670 719 -1000.0
670 720 -2000.0
671 672 -1000.0
671 681 -1000.0
671 682 -1000.0
671 721 -1000.0
671 722 -1000.0
672 673 -1000.0
672 681 -13000.0
672 682 -1000.0
672 721 -1000.0
672 722 -1000.0
672 723 -1000.0
673 674 -1000.0
673 682 -1000.0
673 683 -1000.0
673 684 -1000.0
673 722 -7000.0
673 723 -1000.0
673 724 -1000.0
674 675 -1000.0
674 683 -1000.0
674 684 -1000.0
674 685 -2000.0
674 723 -1000.0
674 724 -1000.0
674 725 -6000.0
675 676 -1000.0
675 684 -6000.0
675 685 -1000.0
675 686 -1000.0
675 724 -1000.0
675 725 -1000.0
675 726 -1000.0
676 677 -1000.0
676 685 -1000.0
676 686 -1000.0
676 687 -1000.0
676 725 -1000.0
676 726 -1000.0
676 727 -1000.0
677 678 -1000.0
677 686 -1000.0
677 687 -1000.0
677 688 -1000.0
677 726 -1000.0
677 727 -1000.0
677 728 -1000.0
678 679 -1000.0
678 687 -1000.0
678 688 -1000.0
678 689 -1000.0
678 727 -5000.0
678 728 -1000.0
678 729 -1000.0
679 680 -1000.0
679 688 -1000.0
679 689 -1000.0
679 690 -1000.0
679 728 -1000.0
679 729 -1000.0
679 730 -1000.0
680 689 -1000.0
680 690 -1000.0
680 729 -1000.0
680 730 -1000.0
681 682 -1000.0
681 691 -1000.0
681 692 -1000.0
681 731 -1000.0
681 732 -1000.0
682 683 -1000.0
682 691 -1000.0
682 692 -1000.0
682 693 -1000.0
682 731 -1000.0
682 732 -1000.0
682 733 -1000.0
683 684 -1000.0
683 692 -1000.0
683 693 -1000.0
683 694 -4000.0
683 732 -1000.0
683 733 -1000.0
683 734 -1000.0
684 685 -1000.0
684 693 -1000.0
684 694 -1000.0
684 695 -1000.0
684 733 -1000.0
684 734 -1000.0
684 735 -1000.0
685 686 -1000.0
685 694 -1000.0
685 695 -1000.0
685 696 -1000.0
685 734 -1000.0
685 735 -1000.0
685 736 -1000.0
686 687 -1000.0
686 695 -1000.0
686 696 -1000.0
686 697 -1000.0
686 735 -1000.0
686 737 -1000.0
687 688 -1000.0
687 696 -1000.0
687 697 -1000.0
687 698 -1000.0
687 736 -1000.0
687 737 -1000.0
687 738 -1000.0
688 689 -1000.0
688 697 -11000.0
688 698 -1000.0
688 699 -1000.0
688 737 -1000.0
688 738 -1000.0
688 739 -1000.0
689 690 -1000.0
689 698 -1000.0
689 699 -1000.0
689 700 -1000.0
689 738 -1000.0
689 739 -1000.0
689 740 -1000.0
690 699 -1000.0
690 700 -1000.0
690 739 -1000.0
690 740 -1000.0
691 692 -1000.0
691 741 -1000.0
691 742 -1000.0
692 693 -1000.0
692 741 -1000.0
692 742 -1000.0
692 743 -7000.0
693 694 -1000.0
693 742 -1000.0
693 743 -1000.0
693 744 -1000.0
694 695 -1000.0
694 743 -1000.0
694 744 -1000.0
694 745 -1000.0
695 696 -1000.0
695 744 -1000.0
695 745 -1000.0
695 746 -12000.0
696 697 -1000.0
696 745 -1000.0
696 746 -1000.0
696 747 -1000.0
697 698 -1000.0
697 746 -1000.0
697 747 -1000.0
697 748 -1000.0
698 699 -1000.0
698 747 -1000.0
698 748 -1000.0
698 749 -12000.0
699 700 -1000.0
699 748 -1000.0
699 749 -1000.0
699 750 -1000.0
700 749 -1000.0
700 750 -1000.0
701 702 -1000.0
701 711 -1000.0
701 712 -1000.0
701 751 -1000.0
701 752 -1000.0
702 703 -1000.0
702 711 -1000.0
702 712 -1000.0
702 713 -1000.0
702 752 -3000.0
702 753 -1000.0
703 704 -1000.0
703 712 -9000.0
703 713 -1000.0
703 714 -1000.0
703 752 -1000.0
703 753 -1000.0
703 754 -1000.0
704 705 -1000.0
704 713 -13000.0
704 714 -1000.0
704 715 -1000.0
704 753 -1000.0
704 754 -1000.0
704 755 -1000.0
705 706 -1000.0
705 714 -1000.0
705 715 -1000.0
705 716 -1000.0
705 754 -1000.0
705 755 -1000.0
705 756 -1000.0
706 707 -1000.0
706 715 -1000.0
706 716 -1000.0
706 717 -1000.0
706 755 -1000.0
706 756 -1000.0
706 757 -1000.0
707 708 -1000.0
707 716 -1000.0
707 717 -1000.0
707 718 -1000.0
707 756 -1000.0
707 757 -2000.0
707 758 -1000.0
708 709 -1000.0
708 717 -1000.0
708 718 -74000.0
708 719 -1000.0
708 757 -1000.0
708 758 -1000.0
708 759 -1000.0
709 710 -1000.0
709 718 -1000.0
709 719 -9000.0
709 720 -1000.0
709 758 -1000.0
709 759 -1000.0
709 760 -1000.0
710 719 -1000.0
710 720 -1000.0
710 759 -1000.0
710 760 -1000.0
711 712 -1000.0
711 721 -1000.0
711 722 -1000.0
711 761 -1000.0
711 762 -1000.0
712 713 -1000.0
712 721 -2000.0
712 722 -1000.0
712 723 -1000.0
712 761 -1000.0
712 762 -1000.0
712 763 -1000.0
713 714 -1000.0
713 722 -1000.0
713 723 -1000.0
713 724 -1000.0
713 762 -1000.0
713 763 -1000.0
713 764 -1000.0
714 715 -1000.0
714 723 -1000.0
714 724 -3000.0
714 725 -1000.0
714 763 -1000.0
714 764 -1000.0
714 765 -1000.0
715 716 -1000.0
715 724 -1000.0
715 725 -1000.0
715 726 -1000.0
715 764 -1000.0
715 765 -1000.0
715 766 -1000.0
716 717 -1000.0
716 725 -12000.0
716 726 -1000.0
716 727 -1000.0
716 765 -1000.0
716 766 -1000.0
716 767 -1000.0
717 718 -1000.0
717 726 -1000.0
717 727 -1000.0
717 728 -1000.0
717 766 -1000.0
717 767 -1000.0
717 768 -1000.0
718 719 -1000.0
718 727 -1000.0
718 728 -1000.0
718 729 -1000.0
718 767 -1000.0
718 768 -1000.0
718 769 -1000.0
719 720 -1000.0
719 728 -1000.0
719 729 -6000.0
719 730 -1000.0
719 768 -1000.0
719 769 -1000.0
719 770 -1000.0
720 729 -1000.0
720 730 -1000.0
720 769 -1000.0
720 770 -1000.0
721 722 -1000.0
721 731 -1000.0
721 732 -1000.0
721 771 -1000.0
721 772 -1000.0
722 723 -1000.0
722 731 -1000.0
722 732 -1000.0
722 733 -1000.0
722 771 -1000.0
722 772 -1000.0
722 773 -1000.0
723 724 -1000.0
723 732 -1000.0
723 733 -1000.0
723 734 -1000.0
723 772 -1000.0
723 773 -1000.0
723 774 -1000.0
724 725 -1000.0
724 733 -1000.0
724 734 -1000.0
724 735 -1000.0
724 773 -1000.0
724 774 -1000.0
725 726 -1000.0
725 734 -1000.0
725 735 -1000.0
725 736 -13000.0
725 774 -1000.0
725 775 -1000.0
725 776 -1000.0
726 727 -1000.0
726 735 -1000.0
726 736 -1000.0
726 737 -1000.0
726 775 -1000.0
726 776 -7000.0
726 777 -1000.0
727 728 -1000.0
727 736 -1000.0
727 738 -1000.0
727 776 -1000.0
727 777 -1000.0
727 778 -1000.0
728 729 -1000.0
728 737 -1000.0
728 738 -1000.0
728 739 -1000.0
728 777 -1000.0
728 778 -1000.0
728 779 -1000.0
729 730 -1000.0
729 738 -1000.0
729 739 -1000.0
729 740 -12000.0
729 778 -5000.0
729 779 -1000.0
729 780 -6000.0
730 739 -1000.0
730 740 -1000.0
730 779 -1000.0
730 780 -1000.0
731 732 -1000.0
731 741 -1000.0
731 742 -1000.0
731 781 -1000.0
731 782 -1000.0
732 733 -1000.0
732 741 -1000.0
732 742 -1000.0
732 743 -1000.0
732 781 -1000.0
732 782 -1000.0
732 783 -1000.0
733 734 -1000.0
733 742 -5000.0
733 743 -6000.0
733 744 -1000.0
733 782 -1000.0
733 783 -1000.0
733 784 -1000.0
734 735 -1000.0
734 743 -7000.0
734 744 -1000.0
734 745 -1000.0
734 783 -1000.0
734 784 -1000.0
734 785 -1000.0
735 736 -1000.0
735 744 -7000.0
735 745 -1000.0
735 746 -1000.0
735 784 -1000.0
735 785 -1000.0
735 786 -1000.0
736 737 -1000.0
736 745 -1000.0
736 746 -1000.0
736 747 -1000.0
736 785 -1000.0
736 786 -1000.0
736 787 -1000.0
737 738 -1000.0
737 746 -1000.0
737 747 -1000.0
737 748 -1000.0
737 786 -1000.0
737 787 -1000.0
737 788 -1000.0
738 739 -1000.0
738 747 -1000.0
738 748 -1000.0
738 749 -1000.0
738 787 -1000.0
738 788 -1000.0
738 789 -1000.0
739 740 -1000.0
739 748 -1000.0
739 749 -1000.0
739 750 -1000.0
739 788 -1000.0
739 789 -1000.0
739 790 -1000.0
740 749 -1000.0
740 750 -1000.0
740 789 -1000.0
740 790 -1000.0
741 742 -1000.0
741 791 -1000.0
741 792 -1000.0
742 743 -1000.0
742 791 -8000.0
742 792 -1000.0
742 793 -1000.0
743 744 -1000.0
743 792 -1000.0
743 793 -1000.0
743 794 -1000.0
744 745 -1000.0
744 793 -1000.0
744 794 -1000.0
744 795 -1000.0
745 746 -1000.0
745 794 -1000.0
745 795 -9000.0
745 796 -1000.0
746 747 -1000.0
746 795 -1000.0
746 796 -1000.0
746 797 -1000.0
747 748 -1000.0
747 796 -1000.0
747 797 -7000.0
747 798 -1000.0
748 749 -1000.0
748 797 -1000.0
748 798 -1000.0
748 799 -1000.0
749 750 -1000.0
749 798 -1000.0
749 799 -1000.0
749 800 -3000.0
750 799 -1000.0
750 800 -1000.0
751 752 -1000.0
751 761 -1000.0
751 762 -1000.0
751 801 -1000.0
751 802 -1000.0
752 753 -1000.0
752 761 -1000.0
752 762 -1000.0
752 763 -1000.0
752 801 -1000.0
752 802 -1000.0
752 803 -1000.0
753 754 -1000.0
753 762 -1000.0
753 763 -1000.0
753 764 -1000.0
753 802 -1000.0
753 803 -1000.0
753 804 -1000.0
754 755 -1000.0
754 763 -1000.0
754 764 -1000.0
754 765 -1000.0
754 803 -1000.0
754 804 -1000.0
754 805 -1000.0
755 756 -1000.0
755 764 -9000.0
755 765 -1000.0
755 766 -1000.0
755 804 -1000.0
755 805 -1000.0
755 806 -1000.0
756 757 -1000.0
756 765 -1000.0
756 766 -1000.0
756 767 -1000.0
756 805 -1000.0
756 806 -1000.0
756 807 -3000.0
757 758 -1000.0
757 766 -1000.0
757 767 -1000.0
757 768 -1000.0
757 806 -1000.0
757 807 -1000.0
757 808 -1000.0
758 759 -1000.0
758 767 -1000.0
758 768 -1000.0
758 769 -1000.0
758 807 -1000.0
758 808 -1000.0
758 809 -1000.0
759 760 -1000.0
759 768 -1000.0
759 769 -9000.0
759 770 -1000.0
759 808 -1000.0
759 809 -1000.0
759 810 -1000.0
760 769 -1000.0
760 770 -1000.0
760 809 -1000.0
760 810 -1000.0
761 762 -1000.0
761 771 -1000.0
761 772 -1000.0
761 811 -1000.0
761 812 -1000.0
762 763 -1000.0
762 771 -1000.0
762 772 -25000.0
762 773 -1000.0
762 811 -1000.0
762 812 -1000.0
762 813 -1000.0
763 764 -1000.0
763 772 -1000.0
763 773 -1000.0
763 774 -1000.0
763 812 -9000.0
763 813 -3000.0
763 814 -1000.0
764 765 -1000.0
764 773 -1000.0
764 774 -1000.0
764 775 -1000.0
764 813 -10000.0
764 814 -1000.0
764 815 -1000.0
765 766 -1000.0
765 774 -1000.0
765 775 -5000.0
765 776 -1000.0
765 814 -1000.0
765 815 -1000.0
765 816 -1000.0
766 767 -1000.0
766 775 -1000.0
766 776 -1000.0
766 777 -1000.0
766 815 -1000.0
766 816 -1000.0
766 817 -1000.0
767 768 -1000.0
767 776 -1000.0
767 777 -1000.0
767 778 -1000.0
767 816 -1000.0
767 817 -1000.0
767 818 -1000.0
768 769 -1000.0
768 777 -1000.0
768 778 -1000.0
768 779 -1000.0
768 817 -1000.0
768 818 -1000.0
768 819 -1000.0
769 770 -1000.0
769 778 -1000.0
769 779 -1000.0
769 780 -1000.0
769 818 -1000.0
769 819 -1000.0
769 820 -1000.0
770 779 -1000.0
770 780 -1000.0
770 819 -1000.0
770 820 -1000.0
771 772 -1000.0
771 781 -1000.0
771 782 -6000.0
771 821 -1000.0
771 822 -1000.0
772 773 -1000.0
772 781 -1000.0
772 782 -1000.0
772 783 -1000.0
772 821 -1000.0
772 822 -1000.0
772 823 -3000.0
773 774 -1000.0
773 782 -1000.0
773 783 -1000.0
773 784 -1000.0
773 822 -1000.0
773 823 -1000.0
773 824 -1000.0
774 775 -1000.0
774 783 -1000.0
774 784 -1000.0
774 785 -5000.0
774 823 -1000.0
774 824 -8000.0
774 825 -1000.0
775 776 -1000.0
775 784 -1000.0
775 785 -1000.0
775 786 -1000.0
775 824 -1000.0
775 825 -1000.0
775 826 -1000.0
776 777 -1000.0
776 785 -1000.0
776 786 -1000.0
776 787 -1000.0
776 825 -1000.0
776 826 -1000.0
776 827 -1000.0
777 778 -1000.0
777 786 -1000.0
777 787 -1000.0
777 788 -1000.0
777 826 -1000.0
777 827 -1000.0
777 828 -1000.0
778 779 -1000.0
778 787 -5000.0
778 788 -1000.0
778 789 -1000.0
778 827 -1000.0
778 828 -1000.0
778 829 -11000.0
779 780 -1000.0
779 788 -1000.0
779 789 -1000.0
779 790 -1000.0
779 828 -1000.0
779 829 -1000.0
779 830 -1000.0
780 789 -1000.0
780 790 -1000.0
780 829 -1000.0
780 830 -1000.0
781 782 -1000.0
781 791 -1000.0
781 792 -1000.0
781 831 -1000.0
781 832 -1000.0
782 783 -1000.0
782 791 -1000.0
782 792 -1000.0
782 793 -1000.0
782 831 -1000.0
782 832 -1000.0
782 833 -1000.0
783 784 -1000.0
783 792 -4000.0
783 793 -6000.0
783 794 -1000.0
783 832 -1000.0
783 833 -1000.0
783 834 -1000.0
784 785 -1000.0
784 793 -1000.0
784 794 -1000.0
784 795 -1000.0
784 833 -1000.0
784 834 -6000.0
784 835 -1000.0
785 786 -1000.0
785 794 -1000.0
785 795 -1000.0
785 796 -1000.0
785 834 -1000.0
785 835 -1000.0
785 836 -1000.0
786 787 -1000.0
786 795 -1000.0
786 796 -1000.0
786 797 -1000.0
786 835 -1000.0
786 836 -1000.0
786 837 -1000.0
787 788 -1000.0
787 796 -1000.0
787 797 -1000.0
787 798 -1000.0
787 836 -1000.0
787 837 -1000.0
787 838 -1000.0
788 789 -1000.0
788 797 -1000.0
788 798 -1000.0
788 799 -1000.0
788 837 -1000.0
788 838 -1000.0
788 839 -1000.0
789 790 -1000.0
789 798 -1000.0
789 799 -1000.0
789 800 -1000.0
789 838 -1000.0
789 839 -1000.0
789 840 -1000.0
790 799 -1000.0
790 800 -1000.0
790 839 -1000.0
790 840 -1000.0
791 792 -1000.0
791 841 -1000.0
791 842 -1000.0
792 793 -1000.0
792 841 -1000.0
792 842 -1000.0
792 843 -1000.0
793 794 -1000.0
793 842 -24000.0
793 843 -1000.0
793 844 -1000.0
794 795 -1000.0
794 843 -1000.0
794 844 -1000.0
794 845 -1000.0
795 796 -1000.0
795 844 -1000.0
795 845 -1000.0
795 846 -1000.0
796 797 -1000.0
796 845 -1000.0
796 846 -1000.0
796 847 -1000.0
797 798 -1000.0
797 846 -1000.0
797 847 -1000.0
797 848 -1000.0
798 799 -1000.0
798 847 -1000.0
798 848 -1000.0
798 849 -1000.0
799 800 -1000.0
799 848 -1000.0
799 849 -1000.0
799 850 -1000.0
800 849 -1000.0
800 850 -1000.0
801 802 -1000.0
801 811 -1000.0
801 812 -8000.0
801 851 -1000.0
801 852 -1000.0
802 803 -1000.0
802 811 -13000.0
802 812 -1000.0
802 813 -12000.0
802 851 -1000.0
802 852 -1000.0
802 853 -1000.0
803 804 -1000.0
803 812 -13000.0
803 813 -1000.0
803 814 -1000.0
803 852 -13000.0
803 853 -1000.0
803 854 -1000.0
804 805 -1000.0
804 813 -7000.0
804 814 -3000.0
804 815 -1000.0
804 853 -1000.0
804 854 -1000.0
804 855 -1000.0
805 806 -1000.0
805 814 -1000.0
805 815 -1000.0
805 816 -1000.0
805 854 -1000.0
805 855 -1000.0
805 856 -1000.0
806 807 -1000.0
806 815 -1000.0
806 816 -1000.0
806 817 -1000.0
806 855 -11000.0
806 856 -1000.0
806 857 -7000.0
807 808 -1000.0
807 816 -1000.0
807 817 -7000.0
807 818 -13000.0
807 856 -1000.0
807 857 -1000.0
807 858 -1000.0
808 809 -1000.0
808 817 -1000.0
808 818 -1000.0
808 819 -1000.0
808 857 -1000.0
808 858 -1000.0
808 859 -9000.0
809 810 -1000.0
809 818 -1000.0
809 819 -1000.0
809 820 -1000.0
809 858 -1000.0
809 859 -1000.0
809 860 -1000.0
810 819 -1000.0
810 820 -1000.0
810 859 -1000.0
810 860 -1000.0
811 812 -1000.0
811 821 -1000.0
811 822 -1000.0
811 861 -1000.0
811 862 -10000.0
812 813 -1000.0
812 821 -1000.0
812 822 -1000.0
812 823 -1000.0
812 861 -1000.0
812 863 -1000.0
813 814 -1000.0
813 822 -2000.0
813 823 -1000.0
813 824 -1000.0
813 862 -1000.0
813 863 -1000.0
813 864 -1000.0
814 815 -1000.0
814 823 -1000.0
814 824 -1000.0
814 825 -1000.0
814 863 -1000.0
814 864 -1000.0
814 865 -4000.0
815 816 -1000.0
815 824 -6000.0
815 826 -1000.0
815 864 -1000.0
815 865 -1000.0
815 866 -1000.0
816 817 -1000.0
816 825 -1000.0
816 826 -1000.0
816 827 -1000.0
816 865 -1000.0
816 866 -1000.0
816 867 -1000.0
817 818 -1000.0
817 826 -1000.0
817 827 -1000.0
817 828 -1000.0
817 866 -1000.0
817 868 -1000.0
818 819 -1000.0
818 827 -1000.0
818 828 -1000.0
818 829 -1000.0
818 867 -1000.0
818 868 -1000.0
818 869 -1000.0
819 820 -1000.0
819 828 -1000.0
819 829 -1000.0
819 830 -5000.0
819 868 -4000.0
819 869 -1000.0
819 870 -1000.0
820 829 -8000.0
820 830 -1000.0
820 869 -1000.0
820 870 -1000.0
821 822 -1000.0
821 831 -1000.0
821 832 -1000.0
821 871 -1000.0
821 872 -1000.0
822 823 -1000.0
822 831 -1000.0
822 832 -1000.0
822 833 -1000.0
822 871 -1000.0
822 872 -1000.0
822 873 -1000.0
823 824 -1000.0
823 832 -1000.0
823 833 -1000.0
823 834 -1000.0
823 872 -1000.0
823 873 -5000.0
823 874 -1000.0
824 825 -1000.0
824 833 -3000.0
824 834 -1000.0
824 835 -1000.0
824 873 -1000.0
824 874 -1000.0
824 875 -1000.0
825 826 -1000.0
825 834 -1000.0
825 836 -10000.0
825 874 -1000.0
825 875 -1000.0
825 876 -1000.0
826 827 -1000.0
826 835 -1000.0
826 836 -1000.0
826 837 -1000.0
826 875 -6000.0
826 876 -1000.0
826 877 -1000.0
827 828 -1000.0
827 836 -1000.0
827 837 -1000.0
827 838 -1000.0
827 876 -1000.0
827 877 -1000.0
827 878 -1000.0
828 829 -1000.0
828 837 -1000.0
828 838 -1000.0
828 839 -1000.0
828 877 -1000.0
828 878 -1000.0
828 879 -1000.0
829 830 -1000.0
829 838 -1000.0
829 839 -1000.0
829 840 -5000.0
829 878 -1000.0
829 879 -1000.0
829 880 -1000.0
830 839 -1000.0
830 840 -1000.0
830 879 -1000.0
830 880 -1000.0
831 832 -1000.0
831 841 -1000.0
831 842 -1000.0
831 881 -1000.0
831 882 -1000.0
832 833 -1000.0
832 841 -1000.0
832 842 -5000.0
832 843 -1000.0
832 881 -1000.0
832 882 -1000.0
832 883 -1000.0
833 834 -1000.0
833 842 -1000.0
833 843 -1000.0
833 844 -1000.0
833 882 -1000.0
833 883 -2000.0
833 884 -1000.0
834 835 -1000.0
834 843 -1000.0
834 844 -1000.0
834 845 -1000.0
834 883 -1000.0
834 884 -1000.0
834 885 -1000.0
835 836 -1000.0
835 844 -1000.0
835 845 -1000.0
835 846 -1000.0
835 884 -1000.0
835 885 -1000.0
835 886 -1000.0
836 837 -1000.0
836 846 -1000.0
836 847 -1000.0
836 885 -1000.0
836 886 -1000.0
836 887 -1000.0
837 838 -1000.0
837 846 -1000.0
837 847 -1000.0
837 848 -1000.0
837 886 -1000.0
837 887 -1000.0
837 888 -1000.0
838 839 -1000.0
838 847 -1000.0
838 848 -7000.0
838 849 -1000.0
838 887 -1000.0
838 888 -2000.0
838 889 -1000.0
839 840 -1000.0
839 848 -1000.0
839 849 -1000.0
839 850 -1000.0
839 888 -1000.0
839 889 -1000.0
839 890 -1000.0
840 849 -1000.0
840 850 -1000.0
840 889 -1000.0
840 890 -1000.0
841 842 -1000.0
841 891 -1000.0
841 892 -1000.0
842 843 -1000.0
842 891 -1000.0
842 892 -1000.0
842 893 -1000.0
843 844 -1000.0
843 892 -1000.0
843 893 -5000.0
843 894 -1000.0
844 845 -1000.0
844 893 -6000.0
844 894 -1000.0
844 895 -9000.0
845 846 -1000.0
845 894 -1000.0
845 895 -1000.0
845 896 -1000.0
846 847 -1000.0
846 895 -1000.0
846 896 -8000.0
846 897 -1000.0
847 848 -1000.0
847 896 -1000.0
847 897 -1000.0
847 898 -1000.0
848 849 -1000.0
848 897 -1000.0
848 898 -1000.0
848 899 -8000.0
849 850 -1000.0
849 898 -1000.0
849 899 -1000.0
849 900 -1000.0
850 899 -1000.0
850 900 -1000.0
851 852 -1000.0
851 861 -1000.0
851 862 -1000.0
851 901 -1000.0
851 902 -1000.0
852 853 -1000.0
852 861 -1000.0
852 862 -1000.0
852 863 -1000.0
852 901 -1000.0
852 902 -1000.0
852 903 -1000.0
853 854 -1000.0
853 862 -1000.0
853 863 -1000.0
853 864 -1000.0
853 902 -1000.0
853 903 -1000.0
853 904 -1000.0
854 855 -1000.0
854 863 -1000.0
854 864 -1000.0
854 865 -1000.0
854 903 -1000.0
854 904 -1000.0
854 905 -1000.0
855 856 -1000.0
855 864 -1000.0
855 865 -1000.0
855 866 -6000.0
855 904 -1000.0
855 905 -1000.0
855 906 -1000.0
856 857 -1000.0
856 865 -1000.0
856 866 -1000.0
856 867 -1000.0
856 905 -1000.0
856 906 -1000.0
856 907 -1000.0
857 858 -1000.0
857 866 -1000.0
857 867 -1000.0
857 868 -1000.0
857 906 -1000.0
857 907 -1000.0
857 908 -1000.0
858 859 -1000.0
858 867 -12000.0
858 868 -4000.0
858 869 -1000.0
858 907 -1000.0
858 908 -1000.0
858 909 -1000.0
859 860 -1000.0
859 868 -1000.0
859 869 -1000.0
859 870 -1000.0
859 908 -1000.0
859 909 -1000.0
859 910 -1000.0
860 869 -1000.0
860 870 -1000.0
860 909 -1000.0
860 910 -1000.0
861 862 -1000.0
861 871 -1000.0
861 872 -1000.0
861 911 -1000.0
861 912 -1000.0
862 863 -1000.0
862 871 -1000.0
862 872 -1000.0
862 873 -12000.0
862 911 -13000.0
862 912 -1000.0
862 913 -1000.0
863 864 -1000.0
863 872 -1000.0
863 873 -1000.0
863 874 -1000.0
863 912 -1000.0
863 913 -1000.0
863 914 -1000.0
864 865 -1000.0
864 873 -1000.0
864 874 -1000.0
864 875 -1000.0
864 913 -1000.0
864 914 -1000.0
864 915 -1000.0
865 866 -1000.0
865 874 -1000.0
865 875 -1000.0
865 876 -1000.0
865 914 -1000.0
865 915 -1000.0
865 916 -1000.0
866 867 -1000.0
866 875 -1000.0
866 876 -1000.0
866 877 -1000.0
866 915 -1000.0
866 916 -1000.0
866 917 -1000.0
867 868 -1000.0
867 876 -1000.0
867 877 -1000.0
867 878 -1000.0
867 916 -1000.0
867 917 -1000.0
867 918 -1000.0
868 869 -1000.0
868 877 -1000.0
868 878 -8000.0
868 879 -1000.0
868 917 -1000.0
868 918 -1000.0
868 919 -1000.0
869 870 -1000.0
869 878 -1000.0
869 879 -1000.0
869 880 -1000.0
869 918 -1000.0
869 919 -9000.0
869 920 -1000.0
870 879 -1000.0
870 880 -1000.0
870 919 -1000.0
870 920 -1000.0
871 872 -1000.0
871 881 -1000.0
871 882 -1000.0
871 921 -1000.0
871 922 -1000.0
872 873 -1000.0
872 881 -1000.0
872 882 -1000.0
872 883 -1000.0
872 921 -1000.0
872 922 -1000.0
872 923 -1000.0
873 874 -1000.0
873 882 -1000.0
873 883 -1000.0
873 884 -1000.0
873 922 -1000.0
873 923 -1000.0
873 924 -1000.0
874 875 -1000.0
874 883 -8000.0
874 884 -1000.0
874 923 -1000.0
874 924 -2000.0
874 925 -1000.0
875 876 -1000.0
875 884 -1000.0
875 885 -5000.0
875 886 -1000.0
875 924 -1000.0
875 925 -1000.0
875 926 -1000.0
876 877 -1000.0
876 885 -4000.0
876 887 -1000.0
876 925 -1000.0
876 926 -1000.0
876 927 -1000.0
877 878 -1000.0
877 886 -1000.0
877 888 -1000.0
877 926 -1000.0
877 927 -1000.0
877 928 -11000.0
878 879 -1000.0
878 887 -1000.0
878 888 -1000.0
878 889 -1000.0
878 927 -1000.0
878 928 -1000.0
878 929 -1000.0
879 880 -1000.0
879 888 -1000.0
879 889 -1000.0
879 890 -1000.0
879 928 -1000.0
879 929 -1000.0
879 930 -1000.0
880 889 -1000.0
880 890 -1000.0
880 929 -1000.0
880 930 -1000.0
881 882 -1000.0
881 891 -1000.0
881 892 -1000.0
881 931 -1000.0
881 932 -9000.0
882 883 -1000.0
882 891 -1000.0
882 892 -1000.0
882 893 -1000.0
882 931 -2000.0
882 932 -1000.0
882 933 -1000.0
883 884 -1000.0
883 892 -1000.0
883 893 -1000.0
883 894 -1000.0
883 932 -1000.0
883 933 -1000.0
883 934 -1000.0
884 885 -1000.0
884 893 -3000.0
884 894 -1000.0
884 895 -1000.0
884 933 -1000.0
884 934 -9000.0
884 935 -1000.0
885 886 -1000.0
885 894 -1000.0
885 895 -1000.0
885 896 -1000.0
885 934 -1000.0
885 935 -1000.0
885 936 -1000.0
886 887 -1000.0
886 895 -1000.0
886 896 -1000.0
886 897 -1000.0
886 935 -1000.0
886 936 -4000.0
886 937 -1000.0
887 888 -1000.0
887 896 -1000.0
887 897 -1000.0
887 898 -1000.0
887 936 -1000.0
887 937 -1000.0
887 938 -1000.0
888 889 -1000.0
888 897 -1000.0
888 898 -1000.0
888 899 -1000.0
888 937 -1000.0
888 938 -1000.0
888 939 -1000.0
889 890 -1000.0
889 898 -9000.0
889 899 -1000.0
889 900 -1000.0
889 938 -1000.0
889 939 -1000.0
889 940 -1000.0
890 899 -1000.0
890 900 -8000.0
890 939 -1000.0
890 940 -1000.0
891 892 -1000.0
891 941 -1000.0
891 942 -1000.0
892 893 -1000.0
892 941 -4000.0
892 942 -3000.0
892 943 -1000.0
893 894 -1000.0
893 942 -1000.0
893 943 -1000.0
893 944 -1000.0
894 895 -1000.0
894 943 -1000.0
894 944 -1000.0
894 945 -1000.0
895 896 -1000.0
895 944 -1000.0
895 945 -1000.0
895 946 -1000.0
896 897 -1000.0
896 945 -1000.0
896 946 -1000.0
896 947 -1000.0
897 898 -1000.0
897 946 -1000.0
897 947 -6000.0
897 948 -1000.0
898 899 -1000.0
898 947 -6000.0
898 948 -1000.0
898 949 -1000.0
899 900 -1000.0
899 948 -1000.0
899 949 -1000.0
899 950 -1000.0
900 949 -1000.0
900 950 -1000.0
901 902 -1000.0
901 911 -1000.0
901 912 -1000.0
901 951 -1000.0
901 952 -1000.0
902 903 -1000.0
902 911 -1000.0
902 912 -3000.0
902 913 -1000.0
902 951 -1000.0
902 952 -1000.0
902 953 -1000.0
903 904 -1000.0
903 912 -1000.0
903 913 -1000.0
903 914 -1000.0
903 952 -1000.0
903 953 -1000.0
903 954 -1000.0
904 905 -1000.0
904 913 -1000.0
904 914 -1000.0
904 915 -5000.0
904 953 -1000.0
904 954 -1000.0
904 955 -1000.0
905 906 -1000.0
905 914 -1000.0
905 915 -1000.0
905 916 -1000.0
905 954 -1000.0
905 955 -1000.0
905 956 -1000.0
906 907 -1000.0
906 915 -1000.0
906 916 -1000.0
906 917 -1000.0
906 955 -11000.0
906 956 -1000.0
906 957 -1000.0
907 908 -1000.0
907 916 -3000.0
907 917 -1000.0
907 918 -1000.0
907 956 -1000.0
907 957 -1000.0
907 958 -1000.0
908 909 -1000.0
908 917 -1000.0
908 918 -1000.0
908 919 -3000.0
908 957 -1000.0
908 958 -1000.0
908 959 -1000.0
909 910 -1000.0
909 918 -1000.0
909 919 -1000.0
909 920 -1000.0
909 958 -1000.0
909 959 -1000.0
909 960 -1000.0
910 919 -1000.0
910 920 -1000.0
910 959 -1000.0
910 960 -1000.0
911 912 -1000.0
911 921 -1000.0
911 922 -1000.0
911 961 -1000.0
912 913 -1000.0
912 921 -1000.0
912 922 -1000.0
912 923 -1000.0
912 961 -19000.0
912 962 -1000.0
912 963 -1000.0
913 914 -1000.0
913 922 -1000.0
913 923 -9000.0
913 924 -1000.0
913 962 -1000.0
913 963 -1000.0
913 964 -1000.0
914 915 -1000.0
914 923 -1000.0
914 924 -1000.0
914 925 -1000.0
914 963 -1000.0
914 964 -1000.0
914 965 -1000.0
915 916 -1000.0
915 924 -11000.0
915 925 -1000.0
915 926 -1000.0
915 964 -1000.0
915 965 -1000.0
915 966 -1000.0
916 917 -1000.0
916 925 -5000.0
916 926 -1000.0
916 927 -1000.0
916 965 -1000.0
916 966 -1000.0
916 967 -1000.0
917 918 -1000.0
917 926 -13000.0
917 927 -1000.0
917 928 -1000.0
917 966 -1000.0
917 967 -1000.0
918 919 -1000.0
918 927 -1000.0
918 928 -1000.0
918 929 -1000.0
918 967 -1000.0
918 968 -1000.0
918 969 -1000.0
919 920 -1000.0
919 928 -1000.0
919 929 -1000.0
919 930 -1000.0
919 968 -1000.0
919 969 -1000.0
919 970 -1000.0
920 929 -1000.0
920 930 -1000.0
920 969 -1000.0
920 970 -1000.0
921 922 -1000.0
921 931 -1000.0
921 932 -1000.0
921 971 -1000.0
921 972 -1000.0
922 923 -1000.0
922 931 -1000.0
922 932 -1000.0
922 933 -1000.0
922 971 -1000.0
922 972 -1000.0
922 973 -1000.0
923 924 -1000.0
923 932 -1000.0
923 933 -1000.0
923 934 -6000.0
923 972 -1000.0
923 973 -1000.0
923 974 -1000.0
924 925 -1000.0
924 933 -1000.0
924 934 -8000.0
924 935 -1000.0
924 973 -1000.0
924 974 -1000.0
924 975 -1000.0
925 926 -1000.0
925 934 -1000.0
925 935 -1000.0
925 936 -1000.0
925 974 -6000.0
925 975 -1000.0
925 976 -1000.0
926 927 -1000.0
926 935 -1000.0
926 936 -1000.0
926 937 -1000.0
926 975 -1000.0
926 976 -1000.0
926 977 -1000.0
927 928 -1000.0
927 936 -1000.0
927 937 -1000.0
927 938 -1000.0
927 976 -1000.0
927 977 -1000.0
927 978 -1000.0
928 929 -1000.0
928 937 -1000.0
928 938 -8000.0
928 939 -1000.0
928 977 -1000.0
928 978 -1000.0
928 979 -1000.0
929 930 -1000.0
929 938 -3000.0
929 939 -1000.0
929 940 -13000.0
929 978 -13000.0
929 979 -1000.0
929 980 -1000.0
930 939 -1000.0
930 940 -1000.0
930 979 -1000.0
930 980 -1000.0
931 932 -1000.0
931 941 -1000.0
931 942 -1000.0
931 981 -1000.0
931 982 -1000.0
932 933 -1000.0
932 941 -1000.0
932 942 -1000.0
932 943 -1000.0
932 981 -1000.0
932 982 -1000.0
932 983 -1000.0
933 934 -1000.0
933 942 -1000.0
933 943 -1000.0
933 944 -1000.0
933 982 -1000.0
933 983 -1000.0
933 984 -1000.0
934 935 -1000.0
934 943 -1000.0
934 944 -1000.0
934 945 -10000.0
934 983 -1000.0
934 984 -1000.0
934 985 -1000.0
935 936 -1000.0
935 944 -1000.0
935 945 -1000.0
935 946 -1000.0
935 984 -1000.0
935 985 -1000.0
935 986 -1000.0
936 937 -1000.0
936 945 -1000.0
936 946 -1000.0
936 947 -1000.0
936 985 -1000.0
936 986 -1000.0
936 987 -1000.0
937 938 -1000.0
937 946 -1000.0
937 947 -1000.0
937 948 -1000.0
937 986 -1000.0
937 987 -1000.0
937 988 -1000.0
938 939 -1000.0
938 947 -1000.0
938 948 -1000.0
938 949 -1000.0
938 987 -1000.0
938 988 -1000.0
938 989 -1000.0
939 940 -1000.0
939 948 -1000.0
939 949 -1000.0
939 950 -1000.0
939 988 -1000.0
939 989 -1000.0
939 990 -8000.0
940 949 -1000.0
940 950 -1000.0
940 989 -7000.0
940 990 -1000.0
941 942 -1000.0
941 991 -1000.0
941 992 -1000.0
942 943 -1000.0
942 991 -1000.0
942 992 -1000.0
942 993 -1000.0
943 944 -1000.0
943 992 -1000.0
943 993 -1000.0
943 994 -1000.0
944 945 -1000.0
944 993 -1000.0
944 994 -1000.0
944 995 -1000.0
945 946 -1000.0
945 994 -1000.0
945 995 -1000.0
945 996 -1000.0
946 947 -1000.0
946 995 -11000.0
946 996 -1000.0
946 997 -1000.0
947 948 -1000.0
947 996 -1000.0
947 997 -1000.0
947 998 -1000.0
948 949 -1000.0
948 997 -1000.0
948 998 -1000.0
948 999 -1000.0
949 950 -1000.0
949 998 -1000.0
949 999 -1000.0
949 1000 -1000.0
950 999 -1000.0
950 1000 -1000.0
951 952 -1000.0
951 961 -1000.0
951 962 -1000.0
952 953 -1000.0
952 961 -1000.0
952 962 -1000.0
952 963 -1000.0
953 954 -1000.0
953 962 -1000.0
953 963 -1000.0
953 964 -1000.0
954 955 -1000.0
954 963 -1000.0
954 964 -1000.0
954 965 -1000.0
955 956 -1000.0
955 964 -1000.0
955 965 -9000.0
955 966 -1000.0
956 957 -1000.0
956 965 -1000.0
956 966 -1000.0
956 967 -1000.0
957 958 -1000.0
957 966 -1000.0
957 967 -1000.0
957 968 -1000.0
958 959 -1000.0
958 967 -4000.0
958 968 -1000.0
958 969 -1000.0
959 960 -1000.0
959 968 -1000.0
959 969 -1000.0
959 970 -1000.0
960 969 -1000.0
960 970 -1000.0
961 962 -1000.0
961 971 -1000.0
961 972 -1000.0
962 963 -1000.0
962 971 -1000.0
962 972 -1000.0
962 973 -1000.0
963 964 -1000.0
963 972 -1000.0
963 973 -1000.0
963 974 -1000.0
964 965 -1000.0
964 973 -1000.0
964 974 -1000.0
964 975 -1000.0
965 966 -1000.0
965 974 -1000.0
965 975 -8000.0
965 976 -1000.0
966 967 -1000.0
966 975 -2000.0
966 976 -1000.0
966 977 -1000.0
967 968 -1000.0
967 976 -1000.0
967 977 -1000.0
967 978 -1000.0
968 969 -1000.0
968 977 -1000.0
968 978 -1000.0
968 979 -1000.0
969 970 -1000.0
969 978 -1000.0
969 979 -1000.0
969 980 -1000.0
970 979 -1000.0
970 980 -1000.0
971 972 -1000.0
971 981 -1000.0
971 982 -2000.0
972 973 -1000.0
972 981 -2000.0
972 982 -1000.0
972 983 -1000.0
973 974 -1000.0
973 982 -1000.0
973 983 -1000.0
973 984 -1000.0
974 975 -1000.0
974 983 -1000.0
974 984 -1000.0
974 985 -1000.0
975 976 -1000.0
975 984 -1000.0
975 985 -1000.0
975 986 -1000.0
976 977 -1000.0
976 985 -1000.0
976 986 -1000.0
976 987 -1000.0
977 978 -1000.0
977 986 -1000.0
977 987 -1000.0
977 988 -12000.0
978 979 -1000.0
978 987 -1000.0
978 988 -1000.0
978 989 -1000.0
979 980 -1000.0
979 988 -1000.0
979 989 -1000.0
979 990 -1000.0
980 989 -1000.0
980 990 -1000.0
981 982 -1000.0
981 991 -1000.0
981 992 -1000.0
982 983 -1000.0
982 991 -1000.0
982 992 -1000.0
982 993 -1000.0
983 984 -1000.0
983 992 -1000.0
983 993 -1000.0
983 994 -1000.0
984 985 -1000.0
984 993 -1000.0
984 994 -4000.0
984 995 -1000.0
985 986 -1000.0
985 994 -1000.0
985 995 -1000.0
985 996 -1000.0
986 987 -1000.0
986 995 -1000.0
986 996 -1000.0
986 997 -1000.0
987 988 -1000.0
987 996 -1000.0
987 997 -1000.0
987 998 -1000.0
988 989 -1000.0
988 997 -1000.0
988 998 -1000.0
988 999 -1000.0
989 990 -1000.0
989 998 -13000.0
989 999 -1000.0
989 1000 -1000.0
990 999 -1000.0
990 1000 -1000.0
991 992 -1000.0
992 993 -1000.0
993 994 -1000.0
994 995 -1000.0
995 996 -1000.0
996 997 -1000.0
997 998 -1000.0
998 999 -1000.0
999 1000 -1000.0
