MULTICUT
1 2 -11.762802
1 49 -11.762802
1 50 -11.762802
1 52 -11.762802
1 53 -11.762802
1 55 -11.762802
1 73 -11.762802
1 144 -11.762802
1 175 -11.762802
1 187 -11.762802
1 216 -11.762802
1 230 -11.762802
1 241 -11.762802
1 385 -11.762802
1 414 -11.762802
1 651 -11.762802
1 808 -11.762802
1 2741 -11.762802
2 3 -11.762802
2 2845 -11.762802
3 201 -11.762802
3 203 -11.762802
3 204 -11.762802
3 1107 -11.762802
3 2123 -11.762802
3 2124 -11.762802
3 2353 -11.762802
3 2355 -11.762802
3 2357 -11.762802
3 2359 -11.762802
3 2361 -11.762802
3 2363 -11.762802
4 5 -11.762802
5 439 -11.762802
6 7 -11.762802
7 96 -11.762802
8 9 -11.762802
8 276 -11.762802
9 20 -11.762802
10 11 -11.762802
11 2846 -11.762802
12 13 -11.762802
13 2847 -11.762802
14 15 -11.762802
15 2848 -11.762802
16 17 -11.762802
17 2849 -11.762802
18 19 -11.762802
18 101 -11.762802
18 103 -11.762802
19 2850 -11.762802
20 21 -11.762802
21 1056 -11.762802
22 23 -11.762802
22 28 -11.762802
22 81 -11.762802
22 161 -11.762802
22 171 -11.762802
22 306 -11.762802
22 603 -11.762802
22 868 -11.762802
22 966 -11.762802
22 1038 -11.762802
22 1059 -11.762802
22 1188 -11.762802
22 1317 -11.762802
22 1363 -11.762802
22 2145 -11.762802
22 2147 -11.762802
22 2148 -11.762802
22 2157 -11.762802
22 2158 -11.762802
22 2160 -11.762802
22 2161 -11.762802
22 2163 -11.762802
22 2165 -11.762802
22 2191 -11.762802
22 2193 -11.762802
22 2205 -11.762802
22 2207 -11.762802
22 2216 -11.762802
22 2218 -11.762802
22 2220 -11.762802
22 2222 -11.762802
22 2226 -11.762802
22 2235 -11.762802
22 2237 -11.762802
22 2584 -11.762802
22 2653 -11.762802
22 2655 -11.762802
22 2762 -11.762802
23 1318 -11.762802
24 25 -11.762802
24 776 -11.762802
24 2656 -11.762802
25 777 -11.762802
26 27 -11.762802
27 2851 -11.762802
28 1318 -11.762802
29 30 -11.762802
29 59 -11.762802
29 2813 -11.762802
30 453 -11.762802
31 32 -11.762802
32 2852 -11.762802
33 34 -11.762802
33 35 -11.762802
33 2033 -11.762802
34 496 -11.762802
35 496 -11.762802
36 37 -11.762802
36 39 -11.762802
36 595 -11.762802
36 1299 -11.762802
37 38 -11.762802
38 39 -11.762802
40 41 -11.762802
40 43 -11.762802
40 83 -11.762802
40 85 -11.762802
41 42 -11.762802
42 43 -11.762802
42 599 -11.762802
42 601 -11.762802
44 45 -11.762802
44 46 -11.762802
44 123 -11.762802
44 196 -11.762802
44 198 -11.762802
44 200 -11.762802
44 273 -11.762802
44 663 -11.762802
44 752 -11.762802
44 763 -11.762802
44 873 -11.762802
44 995 -11.762802
44 1100 -11.762802
44 1260 -11.762802
44 1277 -11.762802
44 1283 -11.762802
44 1305 -11.762802
44 1322 -11.762802
44 1324 -11.762802
44 1396 -11.762802
44 1444 -11.762802
44 1504 -11.762802
44 1515 -11.762802
44 1608 -11.762802
44 1610 -11.762802
44 1651 -11.762802
44 1653 -11.762802
44 1675 -11.762802
44 1677 -11.762802
44 1679 -11.762802
44 1683 -11.762802
44 1687 -11.762802
44 1748 -11.762802
44 1750 -11.762802
44 1786 -11.762802
44 2267 -11.762802
44 2391 -11.762802
44 2393 -11.762802
44 2536 -11.762802
44 2541 -11.762802
44 2550 -11.762802
44 2648 -11.762802
44 2650 -11.762802
44 2696 -11.762802
44 2698 -11.762802
44 2700 -11.762802
44 2805 -11.762802
44 2842 -11.762802
45 212 -11.762802
46 673 -11.762802
47 48 -11.762802
47 123 -11.762802
47 196 -11.762802
47 198 -11.762802
47 200 -11.762802
47 273 -11.762802
47 663 -11.762802
47 752 -11.762802
47 763 -11.762802
47 873 -11.762802
47 995 -11.762802
47 1100 -11.762802
47 1260 -11.762802
47 1277 -11.762802
47 1283 -11.762802
47 1305 -11.762802
47 1322 -11.762802
47 1324 -11.762802
47 1396 -11.762802
47 1444 -11.762802
47 1504 -11.762802
47 1515 -11.762802
47 1608 -11.762802
47 1610 -11.762802
47 1651 -11.762802
47 1653 -11.762802
47 1675 -11.762802
47 1677 -11.762802
47 1679 -11.762802
47 1683 -11.762802
47 1687 -11.762802
47 1748 -11.762802
47 1750 -11.762802
47 1786 -11.762802
47 2267 -11.762802
47 2536 -11.762802
47 2541 -11.762802
47 2550 -11.762802
47 2648 -11.762802
47 2650 -11.762802
47 2696 -11.762802
47 2698 -11.762802
47 2700 -11.762802
47 2805 -11.762802
47 2842 -11.762802
48 334 -11.762802
48 564 -11.762802
49 2853 -11.762802
50 58 -11.762802
51 52 -11.762802
51 53 -11.762802
51 106 -11.762802
51 381 -11.762802
54 55 -11.762802
54 106 -11.762802
54 108 -11.762802
54 110 -11.762802
54 111 -11.762802
54 113 -11.762802
54 114 -11.762802
54 145 -11.762802
54 243 -11.762802
56 57 -11.762802
56 248 -11.762802
56 249 -11.762802
56 574 -11.762802
56 1788 -11.762802
56 2376 -11.762802
56 2770 -11.762802
57 58 -11.762802
58 59 -11.762802
58 61 -11.762802
58 62 -11.762802
58 110 -11.762802
58 111 -11.762802
58 130 -11.762802
58 232 -11.762802
58 233 -11.762802
58 249 -11.762802
58 275 -11.762802
58 319 -11.762802
58 417 -11.762802
58 429 -11.762802
58 505 -11.762802
58 572 -11.762802
58 729 -11.762802
58 825 -11.762802
58 831 -11.762802
58 1162 -11.762802
58 1191 -11.762802
58 1275 -11.762802
58 1297 -11.762802
58 1311 -11.762802
58 1339 -11.762802
58 1499 -11.762802
58 1629 -11.762802
58 1637 -11.762802
58 1788 -11.762802
58 1816 -11.762802
58 2413 -11.762802
58 2438 -11.762802
58 2444 -11.762802
58 2450 -11.762802
58 2456 -11.762802
58 2470 -11.762802
58 2477 -11.762802
58 2481 -11.762802
58 2487 -11.762802
58 2551 -11.762802
58 2553 -11.762802
59 2854 -11.762802
60 61 -11.762802
60 105 -11.762802
60 221 -11.762802
60 239 -11.762802
60 240 -11.762802
60 451 -11.762802
60 634 -11.762802
60 731 -11.762802
60 1174 -11.762802
60 1496 -11.762802
60 1785 -11.762802
60 1892 -11.762802
60 2128 -11.762802
60 2275 -11.762802
60 2479 -11.762802
60 2665 -11.762802
60 2667 -11.762802
62 2855 -11.762802
63 64 -11.762802
63 65 -11.762802
63 66 -11.762802
63 67 -11.762802
63 69 -11.762802
63 71 -11.762802
63 73 -11.762802
63 113 -11.762802
63 188 -11.762802
63 189 -11.762802
63 191 -11.762802
63 218 -11.762802
63 219 -11.762802
63 227 -11.762802
63 235 -11.762802
63 236 -11.762802
63 247 -11.762802
63 262 -11.762802
63 301 -11.762802
63 302 -11.762802
63 303 -11.762802
63 327 -11.762802
63 376 -11.762802
63 389 -11.762802
63 444 -11.762802
63 449 -11.762802
63 580 -11.762802
63 772 -11.762802
63 782 -11.762802
63 839 -11.762802
63 912 -11.762802
63 1390 -11.762802
63 1422 -11.762802
63 1424 -11.762802
63 1498 -11.762802
63 1759 -11.762802
63 1765 -11.762802
63 1790 -11.762802
63 1831 -11.762802
63 2546 -11.762802
64 2856 -11.762802
65 74 -11.762802
66 74 -11.762802
67 68 -11.762802
68 69 -11.762802
68 71 -11.762802
68 188 -11.762802
68 189 -11.762802
68 191 -11.762802
68 262 -11.762802
68 376 -11.762802
68 449 -11.762802
68 1226 -11.762802
68 1498 -11.762802
68 2546 -11.762802
70 71 -11.762802
70 1012 -11.762802
70 1014 -11.762802
72 73 -11.762802
72 1028 -11.762802
72 1203 -11.762802
72 1371 -11.762802
72 2318 -11.762802
73 74 -11.762802
74 76 -11.762802
74 78 -11.762802
74 80 -11.762802
74 95 -11.762802
74 113 -11.762802
74 204 -11.762802
74 218 -11.762802
74 219 -11.762802
74 227 -11.762802
74 237 -11.762802
74 247 -11.762802
74 302 -11.762802
74 303 -11.762802
74 389 -11.762802
74 444 -11.762802
74 456 -11.762802
74 772 -11.762802
74 839 -11.762802
74 912 -11.762802
74 1071 -11.762802
74 1132 -11.762802
74 1190 -11.762802
74 1361 -11.762802
74 1390 -11.762802
74 1759 -11.762802
74 1765 -11.762802
74 1849 -11.762802
74 2513 -11.762802
74 2657 -11.762802
74 2821 -11.762802
75 76 -11.762802
77 78 -11.762802
77 237 -11.762802
77 483 -11.762802
77 669 -11.762802
79 80 -11.762802
81 1318 -11.762802
82 83 -11.762802
82 855 -11.762802
82 856 -11.762802
84 85 -11.762802
84 671 -11.762802
84 672 -11.762802
86 87 -11.762802
86 88 -11.762802
86 90 -11.762802
86 91 -11.762802
86 92 -11.762802
86 335 -11.762802
86 344 -11.762802
86 547 -11.762802
86 1253 -11.762802
86 1508 -11.762802
87 510 -11.762802
88 89 -11.762802
89 90 -11.762802
89 335 -11.762802
89 337 -11.762802
89 584 -11.762802
89 637 -11.762802
89 743 -11.762802
89 2008 -11.762802
89 2056 -11.762802
89 2675 -11.762802
89 2808 -11.762802
91 163 -11.762802
92 93 -11.762802
93 637 -11.762802
93 741 -11.762802
93 743 -11.762802
94 95 -11.762802
96 97 -11.762802
96 99 -11.762802
96 164 -11.762802
96 242 -11.762802
96 269 -11.762802
96 270 -11.762802
96 395 -11.762802
96 397 -11.762802
96 415 -11.762802
96 549 -11.762802
96 558 -11.762802
96 559 -11.762802
96 570 -11.762802
96 571 -11.762802
96 588 -11.762802
96 618 -11.762802
96 619 -11.762802
96 620 -11.762802
96 1659 -11.762802
96 1874 -11.762802
96 1961 -11.762802
96 1963 -11.762802
96 1965 -11.762802
96 2012 -11.762802
96 2017 -11.762802
96 2019 -11.762802
96 2020 -11.762802
96 2022 -11.762802
96 2030 -11.762802
96 2032 -11.762802
96 2045 -11.762802
96 2716 -11.762802
96 2717 -11.762802
97 98 -11.762802
98 99 -11.762802
98 242 -11.762802
98 265 -11.762802
98 279 -11.762802
98 337 -11.762802
98 415 -11.762802
98 570 -11.762802
98 618 -11.762802
98 620 -11.762802
98 940 -11.762802
98 941 -11.762802
98 942 -11.762802
98 1111 -11.762802
98 1874 -11.762802
98 2266 -11.762802
98 2675 -11.762802
98 2716 -11.762802
98 2717 -11.762802
100 101 -11.762802
100 1075 -11.762802
101 102 -11.762802
102 103 -11.762802
102 849 -11.762802
103 2857 -11.762802
103 2858 -11.762802
104 105 -11.762802
107 108 -11.762802
109 110 -11.762802
109 111 -11.762802
109 483 -11.762802
109 484 -11.762802
112 113 -11.762802
112 114 -11.762802
112 191 -11.762802
112 413 -11.762802
112 519 -11.762802
112 683 -11.762802
112 1149 -11.762802
112 1568 -11.762802
112 1829 -11.762802
115 116 -11.762802
115 117 -11.762802
115 118 -11.762802
115 119 -11.762802
115 123 -11.762802
120 121 -11.762802
121 122 -11.762802
122 124 -11.762802
123 2859 -11.762802
124 125 -11.762802
126 127 -11.762802
126 129 -11.762802
126 130 -11.762802
126 131 -11.762802
126 287 -11.762802
126 352 -11.762802
126 478 -11.762802
126 532 -11.762802
126 545 -11.762802
126 704 -11.762802
126 785 -11.762802
126 792 -11.762802
126 821 -11.762802
126 879 -11.762802
126 1164 -11.762802
126 1503 -11.762802
126 2101 -11.762802
126 2242 -11.762802
126 2770 -11.762802
127 1450 -11.762802
128 129 -11.762802
130 2860 -11.762802
131 132 -11.762802
131 910 -11.762802
131 1487 -11.762802
132 430 -11.762802
132 854 -11.762802
132 1366 -11.762802
132 1486 -11.762802
132 1488 -11.762802
132 2825 -11.762802
133 134 -11.762802
133 136 -11.762802
133 146 -11.762802
133 244 -11.762802
133 456 -11.762802
133 616 -11.762802
133 759 -11.762802
133 1071 -11.762802
133 1132 -11.762802
133 1361 -11.762802
133 1849 -11.762802
133 2821 -11.762802
134 135 -11.762802
135 136 -11.762802
135 146 -11.762802
135 244 -11.762802
135 275 -11.762802
135 276 -11.762802
135 278 -11.762802
135 616 -11.762802
135 2657 -11.762802
136 137 -11.762802
136 2855 -11.762802
137 341 -11.762802
137 503 -11.762802
137 505 -11.762802
138 139 -11.762802
138 141 -11.762802
138 142 -11.762802
138 143 -11.762802
138 346 -11.762802
138 920 -11.762802
138 958 -11.762802
138 960 -11.762802
138 1438 -11.762802
138 1510 -11.762802
138 1511 -11.762802
138 1558 -11.762802
138 1589 -11.762802
138 1593 -11.762802
138 1596 -11.762802
138 1598 -11.762802
138 1809 -11.762802
138 1944 -11.762802
138 2250 -11.762802
138 2269 -11.762802
138 2307 -11.762802
139 935 -11.762802
140 141 -11.762802
140 2512 -11.762802
142 767 -11.762802
143 2861 -11.762802
144 2853 -11.762802
145 2853 -11.762802
147 148 -11.762802
147 149 -11.762802
147 150 -11.762802
147 151 -11.762802
147 152 -11.762802
147 153 -11.762802
147 154 -11.762802
147 155 -11.762802
147 156 -11.762802
147 157 -11.762802
147 2254 -11.762802
149 2862 -11.762802
158 159 -11.762802
158 494 -11.762802
159 2863 -11.762802
160 161 -11.762802
160 301 -11.762802
160 943 -11.762802
161 162 -11.762802
162 185 -11.762802
162 276 -11.762802
162 305 -11.762802
162 331 -11.762802
162 447 -11.762802
162 1228 -11.762802
162 1383 -11.762802
162 1721 -11.762802
162 2719 -11.762802
163 164 -11.762802
163 335 -11.762802
163 441 -11.762802
163 961 -11.762802
163 1121 -11.762802
163 1133 -11.762802
163 1175 -11.762802
163 1513 -11.762802
163 1525 -11.762802
164 394 -11.762802
165 166 -11.762802
165 167 -11.762802
165 169 -11.762802
165 452 -11.762802
165 764 -11.762802
165 766 -11.762802
165 897 -11.762802
165 1193 -11.762802
165 1866 -11.762802
165 2255 -11.762802
166 172 -11.762802
166 2864 -11.762802
167 168 -11.762802
168 169 -11.762802
168 173 -11.762802
170 171 -11.762802
170 2138 -11.762802
170 2238 -11.762802
171 329 -11.762802
172 173 -11.762802
172 689 -11.762802
172 1674 -11.762802
172 2089 -11.762802
172 2397 -11.762802
172 2401 -11.762802
172 2408 -11.762802
172 2412 -11.762802
172 2420 -11.762802
172 2422 -11.762802
172 2426 -11.762802
172 2655 -11.762802
174 175 -11.762802
176 177 -11.762802
176 179 -11.762802
177 178 -11.762802
178 179 -11.762802
178 1847 -11.762802
180 181 -11.762802
180 184 -11.762802
180 185 -11.762802
180 186 -11.762802
180 312 -11.762802
180 387 -11.762802
180 592 -11.762802
180 666 -11.762802
180 698 -11.762802
180 1219 -11.762802
181 217 -11.762802
181 2865 -11.762802
182 183 -11.762802
182 913 -11.762802
182 2370 -11.762802
183 2369 -11.762802
183 2866 -11.762802
184 682 -11.762802
185 217 -11.762802
185 664 -11.762802
186 419 -11.762802
187 2853 -11.762802
189 190 -11.762802
189 518 -11.762802
190 249 -11.762802
190 652 -11.762802
190 1382 -11.762802
190 2375 -11.762802
190 2701 -11.762802
191 1221 -11.762802
192 193 -11.762802
192 1390 -11.762802
193 194 -11.762802
194 195 -11.762802
194 331 -11.762802
194 469 -11.762802
194 1244 -11.762802
194 2293 -11.762802
194 2515 -11.762802
194 2719 -11.762802
195 2867 -11.762802
196 197 -11.762802
196 2868 -11.762802
198 199 -11.762802
198 2869 -11.762802
200 2870 -11.762802
201 2871 -11.762802
202 203 -11.762802
204 1106 -11.762802
205 206 -11.762802
205 209 -11.762802
206 210 -11.762802
207 208 -11.762802
207 1195 -11.762802
208 2872 -11.762802
209 210 -11.762802
210 211 -11.762802
210 650 -11.762802
210 2039 -11.762802
211 498 -11.762802
212 213 -11.762802
212 333 -11.762802
212 1238 -11.762802
212 2364 -11.762802
212 2391 -11.762802
212 2393 -11.762802
213 2873 -11.762802
214 215 -11.762802
214 557 -11.762802
215 2853 -11.762802
216 2853 -11.762802
217 218 -11.762802
217 219 -11.762802
217 221 -11.762802
217 222 -11.762802
217 495 -11.762802
217 592 -11.762802
217 698 -11.762802
218 1104 -11.762802
219 2874 -11.762802
220 221 -11.762802
222 418 -11.762802
223 224 -11.762802
223 1249 -11.762802
224 2875 -11.762802
225 226 -11.762802
225 227 -11.762802
225 228 -11.762802
225 1240 -11.762802
226 508 -11.762802
227 508 -11.762802
228 2876 -11.762802
229 230 -11.762802
231 232 -11.762802
231 233 -11.762802
231 248 -11.762802
234 235 -11.762802
234 236 -11.762802
234 454 -11.762802
234 455 -11.762802
238 239 -11.762802
238 240 -11.762802
238 251 -11.762802
238 252 -11.762802
238 370 -11.762802
238 2814 -11.762802
241 2853 -11.762802
243 2853 -11.762802
245 246 -11.762802
245 247 -11.762802
245 991 -11.762802
245 1618 -11.762802
246 1114 -11.762802
247 1114 -11.762802
250 251 -11.762802
250 252 -11.762802
253 254 -11.762802
253 256 -11.762802
253 258 -11.762802
253 260 -11.762802
253 261 -11.762802
253 262 -11.762802
253 263 -11.762802
253 264 -11.762802
253 265 -11.762802
253 267 -11.762802
253 291 -11.762802
253 294 -11.762802
253 371 -11.762802
253 416 -11.762802
253 636 -11.762802
253 638 -11.762802
253 641 -11.762802
253 938 -11.762802
253 939 -11.762802
253 942 -11.762802
253 1111 -11.762802
253 1321 -11.762802
253 1657 -11.762802
253 2663 -11.762802
254 372 -11.762802
255 256 -11.762802
255 269 -11.762802
255 270 -11.762802
255 290 -11.762802
255 291 -11.762802
255 293 -11.762802
255 294 -11.762802
255 416 -11.762802
255 1321 -11.762802
255 2019 -11.762802
255 2020 -11.762802
257 258 -11.762802
257 938 -11.762802
257 939 -11.762802
259 260 -11.762802
259 262 -11.762802
259 687 -11.762802
259 690 -11.762802
259 691 -11.762802
259 729 -11.762802
259 731 -11.762802
261 372 -11.762802
263 372 -11.762802
264 372 -11.762802
266 267 -11.762802
266 486 -11.762802
266 487 -11.762802
266 490 -11.762802
266 635 -11.762802
266 636 -11.762802
268 269 -11.762802
268 270 -11.762802
268 399 -11.762802
271 272 -11.762802
272 274 -11.762802
273 274 -11.762802
273 2877 -11.762802
274 2267 -11.762802
275 2878 -11.762802
277 278 -11.762802
277 956 -11.762802
277 1135 -11.762802
279 715 -11.762802
280 281 -11.762802
280 283 -11.762802
280 284 -11.762802
280 285 -11.762802
280 287 -11.762802
280 289 -11.762802
280 627 -11.762802
280 911 -11.762802
280 2676 -11.762802
280 2745 -11.762802
281 348 -11.762802
282 283 -11.762802
282 359 -11.762802
282 360 -11.762802
282 401 -11.762802
282 497 -11.762802
282 500 -11.762802
282 502 -11.762802
282 2258 -11.762802
284 348 -11.762802
285 286 -11.762802
285 348 -11.762802
285 2879 -11.762802
286 656 -11.762802
286 2284 -11.762802
286 2285 -11.762802
286 2289 -11.762802
287 955 -11.762802
288 289 -11.762802
290 887 -11.762802
292 293 -11.762802
292 619 -11.762802
292 973 -11.762802
292 974 -11.762802
292 975 -11.762802
292 997 -11.762802
295 296 -11.762802
295 635 -11.762802
296 297 -11.762802
297 298 -11.762802
297 347 -11.762802
297 1519 -11.762802
297 1753 -11.762802
298 2182 -11.762802
299 300 -11.762802
299 301 -11.762802
299 302 -11.762802
299 303 -11.762802
299 305 -11.762802
299 306 -11.762802
299 943 -11.762802
299 1224 -11.762802
299 1415 -11.762802
299 1416 -11.762802
299 2287 -11.762802
299 2318 -11.762802
299 2793 -11.762802
300 842 -11.762802
302 2880 -11.762802
303 2880 -11.762802
304 305 -11.762802
306 2881 -11.762802
307 308 -11.762802
307 2715 -11.762802
308 311 -11.762802
309 310 -11.762802
309 380 -11.762802
309 1236 -11.762802
310 311 -11.762802
310 2882 -11.762802
311 312 -11.762802
311 422 -11.762802
311 424 -11.762802
311 1093 -11.762802
312 2883 -11.762802
313 314 -11.762802
313 720 -11.762802
314 315 -11.762802
315 316 -11.762802
315 318 -11.762802
315 319 -11.762802
315 321 -11.762802
315 652 -11.762802
315 1262 -11.762802
315 1486 -11.762802
315 1668 -11.762802
315 1813 -11.762802
316 2884 -11.762802
317 318 -11.762802
319 2885 -11.762802
320 321 -11.762802
320 1135 -11.762802
320 1304 -11.762802
320 1763 -11.762802
322 323 -11.762802
322 324 -11.762802
322 325 -11.762802
322 326 -11.762802
322 327 -11.762802
322 328 -11.762802
322 331 -11.762802
322 333 -11.762802
322 447 -11.762802
322 1326 -11.762802
322 1378 -11.762802
322 1424 -11.762802
322 1454 -11.762802
322 1456 -11.762802
322 1547 -11.762802
323 778 -11.762802
324 2886 -11.762802
325 778 -11.762802
326 2886 -11.762802
327 2887 -11.762802
328 329 -11.762802
328 579 -11.762802
329 339 -11.762802
329 685 -11.762802
329 812 -11.762802
329 1039 -11.762802
329 1708 -11.762802
329 1837 -11.762802
329 1838 -11.762802
329 1851 -11.762802
329 2291 -11.762802
329 2292 -11.762802
330 331 -11.762802
330 445 -11.762802
330 446 -11.762802
330 447 -11.762802
330 448 -11.762802
330 737 -11.762802
330 1378 -11.762802
330 2245 -11.762802
332 333 -11.762802
332 448 -11.762802
332 2245 -11.762802
333 334 -11.762802
335 336 -11.762802
336 391 -11.762802
338 339 -11.762802
339 2888 -11.762802
340 341 -11.762802
342 343 -11.762802
342 1410 -11.762802
342 1957 -11.762802
343 345 -11.762802
344 345 -11.762802
344 2889 -11.762802
345 346 -11.762802
345 347 -11.762802
345 356 -11.762802
345 1358 -11.762802
345 1944 -11.762802
346 1512 -11.762802
347 1357 -11.762802
348 349 -11.762802
348 351 -11.762802
348 352 -11.762802
348 354 -11.762802
348 373 -11.762802
348 374 -11.762802
348 640 -11.762802
348 888 -11.762802
348 2676 -11.762802
349 350 -11.762802
350 351 -11.762802
352 1445 -11.762802
353 354 -11.762802
353 368 -11.762802
353 370 -11.762802
353 371 -11.762802
353 373 -11.762802
353 374 -11.762802
353 578 -11.762802
353 638 -11.762802
353 641 -11.762802
353 2123 -11.762802
353 2663 -11.762802
355 356 -11.762802
357 358 -11.762802
357 472 -11.762802
357 2661 -11.762802
357 2662 -11.762802
358 667 -11.762802
359 604 -11.762802
360 604 -11.762802
361 362 -11.762802
361 364 -11.762802
361 366 -11.762802
361 367 -11.762802
361 578 -11.762802
361 2114 -11.762802
361 2124 -11.762802
362 2529 -11.762802
363 364 -11.762802
365 366 -11.762802
365 666 -11.762802
365 2370 -11.762802
367 562 -11.762802
368 553 -11.762802
369 370 -11.762802
369 951 -11.762802
371 2122 -11.762802
371 2890 -11.762802
372 373 -11.762802
372 374 -11.762802
372 1657 -11.762802
375 376 -11.762802
375 1383 -11.762802
376 2529 -11.762802
377 378 -11.762802
378 1548 -11.762802
379 380 -11.762802
380 1548 -11.762802
381 2891 -11.762802
382 383 -11.762802
382 413 -11.762802
383 2891 -11.762802
384 385 -11.762802
384 1303 -11.762802
385 2891 -11.762802
386 387 -11.762802
386 683 -11.762802
387 2891 -11.762802
388 389 -11.762802
388 1234 -11.762802
389 2356 -11.762802
390 391 -11.762802
390 392 -11.762802
390 393 -11.762802
390 395 -11.762802
390 397 -11.762802
390 399 -11.762802
390 401 -11.762802
390 403 -11.762802
390 438 -11.762802
390 489 -11.762802
390 588 -11.762802
390 997 -11.762802
390 1123 -11.762802
390 1207 -11.762802
390 1209 -11.762802
390 1215 -11.762802
390 1346 -11.762802
390 1502 -11.762802
390 1580 -11.762802
390 1770 -11.762802
390 1824 -11.762802
390 1935 -11.762802
390 1984 -11.762802
390 2001 -11.762802
390 2015 -11.762802
390 2022 -11.762802
390 2024 -11.762802
390 2026 -11.762802
390 2028 -11.762802
390 2030 -11.762802
390 2031 -11.762802
390 2032 -11.762802
390 2043 -11.762802
390 2051 -11.762802
390 2062 -11.762802
390 2399 -11.762802
392 2892 -11.762802
393 2892 -11.762802
394 395 -11.762802
394 588 -11.762802
396 397 -11.762802
396 1824 -11.762802
398 399 -11.762802
398 1215 -11.762802
400 401 -11.762802
402 403 -11.762802
404 405 -11.762802
404 630 -11.762802
404 632 -11.762802
404 634 -11.762802
404 1179 -11.762802
404 1344 -11.762802
404 1581 -11.762802
404 1588 -11.762802
404 1774 -11.762802
404 1777 -11.762802
404 1988 -11.762802
404 1989 -11.762802
404 1990 -11.762802
404 2002 -11.762802
404 2049 -11.762802
404 2068 -11.762802
404 2665 -11.762802
404 2667 -11.762802
405 1176 -11.762802
406 407 -11.762802
406 1083 -11.762802
407 411 -11.762802
408 409 -11.762802
408 412 -11.762802
408 583 -11.762802
409 410 -11.762802
409 2893 -11.762802
410 1418 -11.762802
411 412 -11.762802
411 583 -11.762802
411 707 -11.762802
411 733 -11.762802
411 1825 -11.762802
411 2727 -11.762802
414 2853 -11.762802
417 418 -11.762802
417 1347 -11.762802
418 420 -11.762802
418 674 -11.762802
418 2713 -11.762802
419 420 -11.762802
420 2865 -11.762802
421 422 -11.762802
421 424 -11.762802
421 425 -11.762802
421 700 -11.762802
421 702 -11.762802
421 1230 -11.762802
422 423 -11.762802
423 424 -11.762802
425 753 -11.762802
426 427 -11.762802
426 428 -11.762802
426 429 -11.762802
426 430 -11.762802
426 2701 -11.762802
427 1833 -11.762802
428 1833 -11.762802
429 2894 -11.762802
430 1487 -11.762802
430 1833 -11.762802
431 432 -11.762802
431 1113 -11.762802
432 629 -11.762802
433 434 -11.762802
433 1137 -11.762802
434 629 -11.762802
435 436 -11.762802
435 1472 -11.762802
435 2266 -11.762802
436 629 -11.762802
437 438 -11.762802
438 629 -11.762802
439 440 -11.762802
439 441 -11.762802
439 442 -11.762802
439 1474 -11.762802
439 2011 -11.762802
439 2041 -11.762802
439 2416 -11.762802
439 2736 -11.762802
439 2797 -11.762802
439 2799 -11.762802
440 730 -11.762802
441 1526 -11.762802
442 935 -11.762802
443 444 -11.762802
443 1251 -11.762802
444 2352 -11.762802
445 581 -11.762802
446 581 -11.762802
450 451 -11.762802
450 452 -11.762802
450 1330 -11.762802
450 2275 -11.762802
451 2274 -11.762802
452 2864 -11.762802
452 2895 -11.762802
453 454 -11.762802
453 455 -11.762802
453 456 -11.762802
453 1242 -11.762802
456 1094 -11.762802
457 458 -11.762802
457 460 -11.762802
457 495 -11.762802
457 1269 -11.762802
458 496 -11.762802
459 460 -11.762802
461 462 -11.762802
461 809 -11.762802
461 810 -11.762802
462 2529 -11.762802
462 2866 -11.762802
463 464 -11.762802
463 465 -11.762802
463 466 -11.762802
463 468 -11.762802
463 469 -11.762802
463 675 -11.762802
463 822 -11.762802
463 2376 -11.762802
463 2643 -11.762802
464 467 -11.762802
465 2896 -11.762802
466 2896 -11.762802
467 468 -11.762802
467 595 -11.762802
467 597 -11.762802
467 2669 -11.762802
469 2897 -11.762802
470 471 -11.762802
470 472 -11.762802
470 473 -11.762802
470 474 -11.762802
470 475 -11.762802
470 476 -11.762802
470 477 -11.762802
470 478 -11.762802
470 481 -11.762802
470 744 -11.762802
470 2186 -11.762802
470 2430 -11.762802
470 2431 -11.762802
470 2707 -11.762802
471 498 -11.762802
471 944 -11.762802
472 624 -11.762802
473 479 -11.762802
474 947 -11.762802
475 479 -11.762802
475 498 -11.762802
476 498 -11.762802
476 947 -11.762802
477 479 -11.762802
477 568 -11.762802
478 479 -11.762802
479 744 -11.762802
479 946 -11.762802
479 2186 -11.762802
479 2257 -11.762802
479 2430 -11.762802
480 481 -11.762802
480 668 -11.762802
480 1452 -11.762802
480 2302 -11.762802
480 2791 -11.762802
481 482 -11.762802
482 728 -11.762802
482 783 -11.762802
482 784 -11.762802
482 791 -11.762802
482 792 -11.762802
482 929 -11.762802
482 930 -11.762802
482 931 -11.762802
482 1161 -11.762802
482 2707 -11.762802
484 2843 -11.762802
485 486 -11.762802
485 487 -11.762802
485 489 -11.762802
485 490 -11.762802
485 492 -11.762802
485 1967 -11.762802
485 1971 -11.762802
485 2043 -11.762802
485 2064 -11.762802
485 2117 -11.762802
485 2671 -11.762802
485 2673 -11.762802
485 2680 -11.762802
485 2682 -11.762802
488 489 -11.762802
491 492 -11.762802
493 494 -11.762802
495 496 -11.762802
495 1104 -11.762802
496 2033 -11.762802
497 498 -11.762802
497 506 -11.762802
498 500 -11.762802
498 502 -11.762802
498 534 -11.762802
498 543 -11.762802
498 723 -11.762802
498 724 -11.762802
498 747 -11.762802
498 791 -11.762802
498 929 -11.762802
498 930 -11.762802
498 946 -11.762802
498 948 -11.762802
498 1050 -11.762802
498 1145 -11.762802
498 1147 -11.762802
498 1349 -11.762802
498 1374 -11.762802
498 1864 -11.762802
498 2103 -11.762802
498 2112 -11.762802
499 500 -11.762802
499 929 -11.762802
499 952 -11.762802
499 1792 -11.762802
499 2258 -11.762802
501 502 -11.762802
501 930 -11.762802
501 953 -11.762802
503 2855 -11.762802
504 505 -11.762802
504 735 -11.762802
504 736 -11.762802
506 507 -11.762802
506 791 -11.762802
506 792 -11.762802
506 931 -11.762802
507 1711 -11.762802
508 509 -11.762802
509 2898 -11.762802
510 511 -11.762802
510 512 -11.762802
510 820 -11.762802
510 827 -11.762802
510 847 -11.762802
510 860 -11.762802
510 988 -11.762802
510 1043 -11.762802
510 1459 -11.762802
510 1461 -11.762802
510 1463 -11.762802
510 1575 -11.762802
510 1607 -11.762802
510 1809 -11.762802
510 2231 -11.762802
510 2270 -11.762802
510 2272 -11.762802
510 2559 -11.762802
510 2562 -11.762802
510 2564 -11.762802
510 2565 -11.762802
510 2674 -11.762802
510 2778 -11.762802
510 2779 -11.762802
510 2780 -11.762802
511 537 -11.762802
512 2899 -11.762802
513 514 -11.762802
513 515 -11.762802
513 605 -11.762802
514 516 -11.762802
515 516 -11.762802
516 517 -11.762802
517 2900 -11.762802
518 519 -11.762802
518 2375 -11.762802
519 2901 -11.762802
520 521 -11.762802
520 674 -11.762802
520 976 -11.762802
520 2631 -11.762802
521 1484 -11.762802
521 2902 -11.762802
522 523 -11.762802
523 2903 -11.762802
524 525 -11.762802
524 527 -11.762802
525 2904 -11.762802
526 527 -11.762802
526 670 -11.762802
528 529 -11.762802
528 530 -11.762802
528 531 -11.762802
528 532 -11.762802
528 534 -11.762802
528 2249 -11.762802
529 2905 -11.762802
530 2905 -11.762802
531 2906 -11.762802
532 533 -11.762802
533 534 -11.762802
535 536 -11.762802
535 722 -11.762802
535 1470 -11.762802
535 2293 -11.762802
535 2297 -11.762802
535 2301 -11.762802
536 717 -11.762802
537 538 -11.762802
538 2907 -11.762802
539 540 -11.762802
540 2908 -11.762802
540 2909 -11.762802
541 542 -11.762802
541 543 -11.762802
541 544 -11.762802
541 545 -11.762802
541 547 -11.762802
541 549 -11.762802
541 878 -11.762802
541 1207 -11.762802
541 2085 -11.762802
541 2107 -11.762802
541 2707 -11.762802
542 546 -11.762802
543 546 -11.762802
544 2106 -11.762802
545 546 -11.762802
546 677 -11.762802
546 2105 -11.762802
547 548 -11.762802
548 549 -11.762802
548 1121 -11.762802
548 1123 -11.762802
550 551 -11.762802
550 552 -11.762802
550 554 -11.762802
550 556 -11.762802
550 557 -11.762802
550 584 -11.762802
551 553 -11.762802
552 2910 -11.762802
553 554 -11.762802
553 584 -11.762802
553 585 -11.762802
555 556 -11.762802
555 585 -11.762802
558 2911 -11.762802
559 2911 -11.762802
560 561 -11.762802
560 716 -11.762802
561 562 -11.762802
562 563 -11.762802
563 2122 -11.762802
564 565 -11.762802
564 1719 -11.762802
565 2902 -11.762802
566 567 -11.762802
567 2912 -11.762802
568 569 -11.762802
568 2173 -11.762802
568 2174 -11.762802
568 2175 -11.762802
568 2176 -11.762802
568 2177 -11.762802
568 2178 -11.762802
568 2511 -11.762802
569 793 -11.762802
572 573 -11.762802
572 1464 -11.762802
573 574 -11.762802
573 597 -11.762802
573 1465 -11.762802
573 1614 -11.762802
573 1723 -11.762802
573 1729 -11.762802
573 1732 -11.762802
573 1735 -11.762802
573 1741 -11.762802
573 2383 -11.762802
573 2388 -11.762802
573 2395 -11.762802
573 2745 -11.762802
573 2746 -11.762802
573 2827 -11.762802
573 2829 -11.762802
574 1466 -11.762802
575 576 -11.762802
576 2122 -11.762802
577 578 -11.762802
577 638 -11.762802
577 648 -11.762802
577 2114 -11.762802
577 2124 -11.762802
577 2663 -11.762802
578 2122 -11.762802
579 580 -11.762802
579 582 -11.762802
579 1326 -11.762802
579 1454 -11.762802
579 1547 -11.762802
580 1789 -11.762802
581 582 -11.762802
581 806 -11.762802
581 807 -11.762802
581 1456 -11.762802
583 706 -11.762802
584 2913 -11.762802
586 587 -11.762802
586 693 -11.762802
586 751 -11.762802
586 1280 -11.762802
586 2835 -11.762802
587 738 -11.762802
589 590 -11.762802
589 839 -11.762802
590 591 -11.762802
591 592 -11.762802
592 2914 -11.762802
593 594 -11.762802
594 2915 -11.762802
595 2916 -11.762802
596 597 -11.762802
596 1742 -11.762802
596 2383 -11.762802
598 599 -11.762802
598 855 -11.762802
598 856 -11.762802
600 601 -11.762802
600 671 -11.762802
600 672 -11.762802
602 603 -11.762802
602 868 -11.762802
603 2917 -11.762802
604 605 -11.762802
604 888 -11.762802
606 607 -11.762802
606 608 -11.762802
607 2918 -11.762802
608 2918 -11.762802
609 610 -11.762802
609 611 -11.762802
609 654 -11.762802
609 950 -11.762802
610 738 -11.762802
611 738 -11.762802
612 613 -11.762802
612 928 -11.762802
612 2265 -11.762802
613 2860 -11.762802
614 615 -11.762802
614 1076 -11.762802
615 2860 -11.762802
616 617 -11.762802
616 2860 -11.762802
621 622 -11.762802
621 623 -11.762802
621 1351 -11.762802
621 1620 -11.762802
622 1352 -11.762802
623 1352 -11.762802
624 625 -11.762802
624 722 -11.762802
624 783 -11.762802
624 784 -11.762802
624 785 -11.762802
624 954 -11.762802
624 1385 -11.762802
624 2116 -11.762802
624 2310 -11.762802
624 2746 -11.762802
625 626 -11.762802
626 627 -11.762802
626 628 -11.762802
627 2919 -11.762802
628 629 -11.762802
628 921 -11.762802
629 2024 -11.762802
629 2277 -11.762802
630 935 -11.762802
630 2853 -11.762802
631 632 -11.762802
631 1489 -11.762802
633 634 -11.762802
638 2890 -11.762802
639 640 -11.762802
639 648 -11.762802
640 2890 -11.762802
641 2122 -11.762802
641 2890 -11.762802
642 643 -11.762802
642 858 -11.762802
642 859 -11.762802
642 860 -11.762802
642 861 -11.762802
643 644 -11.762802
644 645 -11.762802
644 647 -11.762802
644 2839 -11.762802
645 646 -11.762802
645 813 -11.762802
645 1646 -11.762802
646 647 -11.762802
646 812 -11.762802
646 859 -11.762802
646 861 -11.762802
646 1039 -11.762802
646 1211 -11.762802
646 1259 -11.762802
646 1374 -11.762802
646 1375 -11.762802
646 1647 -11.762802
646 1649 -11.762802
646 1806 -11.762802
646 2523 -11.762802
646 2557 -11.762802
646 2566 -11.762802
646 2567 -11.762802
646 2660 -11.762802
647 813 -11.762802
647 2920 -11.762802
649 650 -11.762802
651 2853 -11.762802
652 2921 -11.762802
653 654 -11.762802
655 656 -11.762802
655 703 -11.762802
656 2879 -11.762802
656 2922 -11.762802
657 658 -11.762802
658 2529 -11.762802
658 2922 -11.762802
659 660 -11.762802
660 2923 -11.762802
661 662 -11.762802
661 663 -11.762802
662 2924 -11.762802
663 664 -11.762802
665 666 -11.762802
667 668 -11.762802
667 878 -11.762802
667 2791 -11.762802
669 2843 -11.762802
670 2925 -11.762802
673 674 -11.762802
673 976 -11.762802
673 2631 -11.762802
674 977 -11.762802
675 676 -11.762802
675 2926 -11.762802
676 1276 -11.762802
677 2099 -11.762802
678 679 -11.762802
679 852 -11.762802
680 681 -11.762802
681 1843 -11.762802
682 683 -11.762802
682 863 -11.762802
684 685 -11.762802
685 2927 -11.762802
686 687 -11.762802
686 689 -11.762802
686 690 -11.762802
686 691 -11.762802
688 689 -11.762802
692 693 -11.762802
694 695 -11.762802
694 1021 -11.762802
695 2855 -11.762802
696 697 -11.762802
696 881 -11.762802
697 699 -11.762802
698 699 -11.762802
698 2928 -11.762802
699 700 -11.762802
699 702 -11.762802
699 881 -11.762802
700 701 -11.762802
701 702 -11.762802
703 2901 -11.762802
704 705 -11.762802
704 2929 -11.762802
705 1446 -11.762802
706 707 -11.762802
707 732 -11.762802
708 709 -11.762802
708 711 -11.762802
708 712 -11.762802
708 713 -11.762802
708 714 -11.762802
708 1373 -11.762802
708 1441 -11.762802
708 2364 -11.762802
708 2365 -11.762802
708 2790 -11.762802
709 710 -11.762802
710 711 -11.762802
710 712 -11.762802
710 713 -11.762802
710 714 -11.762802
710 1373 -11.762802
710 1441 -11.762802
710 2364 -11.762802
710 2365 -11.762802
710 2790 -11.762802
715 716 -11.762802
715 940 -11.762802
717 718 -11.762802
717 841 -11.762802
717 2100 -11.762802
718 727 -11.762802
719 720 -11.762802
719 1119 -11.762802
721 722 -11.762802
721 723 -11.762802
721 724 -11.762802
721 726 -11.762802
721 728 -11.762802
721 1503 -11.762802
721 2293 -11.762802
723 1144 -11.762802
724 1146 -11.762802
725 726 -11.762802
725 1349 -11.762802
725 2293 -11.762802
727 728 -11.762802
727 2090 -11.762802
727 2296 -11.762802
729 730 -11.762802
730 731 -11.762802
730 2512 -11.762802
732 733 -11.762802
732 1825 -11.762802
732 2065 -11.762802
732 2727 -11.762802
732 2810 -11.762802
733 2930 -11.762802
734 735 -11.762802
734 786 -11.762802
736 2931 -11.762802
737 778 -11.762802
738 739 -11.762802
738 740 -11.762802
738 804 -11.762802
739 2932 -11.762802
740 2932 -11.762802
741 742 -11.762802
742 743 -11.762802
744 745 -11.762802
744 746 -11.762802
745 747 -11.762802
746 747 -11.762802
748 749 -11.762802
748 821 -11.762802
748 822 -11.762802
748 2244 -11.762802
749 2933 -11.762802
750 751 -11.762802
752 753 -11.762802
752 1602 -11.762802
754 755 -11.762802
754 757 -11.762802
754 759 -11.762802
754 1488 -11.762802
754 2676 -11.762802
755 756 -11.762802
755 758 -11.762802
755 2934 -11.762802
757 758 -11.762802
758 759 -11.762802
758 1488 -11.762802
758 2676 -11.762802
758 2700 -11.762802
759 2891 -11.762802
760 761 -11.762802
761 926 -11.762802
762 763 -11.762802
763 2935 -11.762802
764 765 -11.762802
764 2864 -11.762802
764 2936 -11.762802
765 766 -11.762802
765 1369 -11.762802
766 2864 -11.762802
766 2937 -11.762802
767 768 -11.762802
767 1178 -11.762802
767 1391 -11.762802
767 1564 -11.762802
767 1571 -11.762802
767 1768 -11.762802
767 1835 -11.762802
768 769 -11.762802
768 2938 -11.762802
770 771 -11.762802
770 772 -11.762802
770 1232 -11.762802
771 2360 -11.762802
772 2360 -11.762802
773 774 -11.762802
774 2939 -11.762802
775 776 -11.762802
775 2382 -11.762802
775 2494 -11.762802
776 777 -11.762802
776 2497 -11.762802
777 2656 -11.762802
778 779 -11.762802
778 780 -11.762802
778 782 -11.762802
779 2886 -11.762802
780 2886 -11.762802
781 782 -11.762802
785 955 -11.762802
786 1082 -11.762802
787 788 -11.762802
788 2940 -11.762802
789 790 -11.762802
790 2940 -11.762802
793 794 -11.762802
793 795 -11.762802
793 796 -11.762802
793 2790 -11.762802
794 2941 -11.762802
795 2942 -11.762802
796 2943 -11.762802
797 798 -11.762802
798 2944 -11.762802
799 800 -11.762802
799 809 -11.762802
799 810 -11.762802
799 2289 -11.762802
800 2866 -11.762802
801 802 -11.762802
801 1116 -11.762802
801 1117 -11.762802
802 2945 -11.762802
803 804 -11.762802
805 806 -11.762802
805 807 -11.762802
808 2853 -11.762802
811 812 -11.762802
811 815 -11.762802
811 816 -11.762802
811 817 -11.762802
811 818 -11.762802
811 819 -11.762802
811 820 -11.762802
812 813 -11.762802
812 2946 -11.762802
813 859 -11.762802
813 861 -11.762802
813 1039 -11.762802
813 1211 -11.762802
813 1259 -11.762802
813 1374 -11.762802
813 1375 -11.762802
813 1647 -11.762802
813 1649 -11.762802
813 1806 -11.762802
813 2523 -11.762802
813 2557 -11.762802
813 2566 -11.762802
813 2567 -11.762802
813 2660 -11.762802
814 815 -11.762802
814 816 -11.762802
814 1039 -11.762802
814 1040 -11.762802
814 1041 -11.762802
814 1042 -11.762802
814 1043 -11.762802
817 1650 -11.762802
818 1650 -11.762802
819 2947 -11.762802
820 2948 -11.762802
821 2949 -11.762802
822 2950 -11.762802
823 824 -11.762802
824 932 -11.762802
825 826 -11.762802
825 2951 -11.762802
827 828 -11.762802
827 1745 -11.762802
828 829 -11.762802
828 830 -11.762802
829 2857 -11.762802
830 2857 -11.762802
831 832 -11.762802
831 2952 -11.762802
833 834 -11.762802
833 835 -11.762802
833 836 -11.762802
833 2844 -11.762802
834 2953 -11.762802
835 2953 -11.762802
836 2953 -11.762802
837 838 -11.762802
838 2954 -11.762802
839 2955 -11.762802
840 841 -11.762802
840 1009 -11.762802
840 2104 -11.762802
841 2956 -11.762802
842 843 -11.762802
842 912 -11.762802
843 2957 -11.762802
844 845 -11.762802
845 2957 -11.762802
846 847 -11.762802
847 2958 -11.762802
848 849 -11.762802
849 2959 -11.762802
850 851 -11.762802
851 2923 -11.762802
852 853 -11.762802
852 854 -11.762802
852 2825 -11.762802
853 1833 -11.762802
854 1487 -11.762802
854 1833 -11.762802
857 858 -11.762802
859 1648 -11.762802
860 2960 -11.762802
861 2961 -11.762802
862 863 -11.762802
863 2962 -11.762802
864 865 -11.762802
865 2963 -11.762802
866 867 -11.762802
867 2963 -11.762802
868 2963 -11.762802
869 870 -11.762802
869 890 -11.762802
870 2963 -11.762802
871 872 -11.762802
871 873 -11.762802
872 1684 -11.762802
873 1697 -11.762802
874 875 -11.762802
874 876 -11.762802
874 909 -11.762802
875 2964 -11.762802
876 2964 -11.762802
877 878 -11.762802
877 879 -11.762802
877 2707 -11.762802
879 880 -11.762802
882 883 -11.762802
883 2902 -11.762802
884 885 -11.762802
884 886 -11.762802
884 2661 -11.762802
884 2662 -11.762802
885 2965 -11.762802
886 2965 -11.762802
887 888 -11.762802
889 890 -11.762802
891 892 -11.762802
891 2790 -11.762802
892 2941 -11.762802
893 894 -11.762802
893 896 -11.762802
893 897 -11.762802
894 895 -11.762802
895 896 -11.762802
897 2864 -11.762802
897 2966 -11.762802
898 899 -11.762802
899 1712 -11.762802
900 901 -11.762802
901 2967 -11.762802
902 903 -11.762802
902 957 -11.762802
903 904 -11.762802
904 905 -11.762802
905 2968 -11.762802
906 907 -11.762802
907 2969 -11.762802
908 909 -11.762802
910 911 -11.762802
910 931 -11.762802
910 954 -11.762802
911 955 -11.762802
912 2970 -11.762802
913 2971 -11.762802
914 915 -11.762802
915 2972 -11.762802
916 917 -11.762802
916 919 -11.762802
917 2973 -11.762802
918 919 -11.762802
920 921 -11.762802
920 1173 -11.762802
921 1124 -11.762802
921 1125 -11.762802
921 1127 -11.762802
921 1890 -11.762802
922 923 -11.762802
923 1412 -11.762802
924 925 -11.762802
925 2974 -11.762802
925 2975 -11.762802
926 927 -11.762802
927 2976 -11.762802
928 1450 -11.762802
932 933 -11.762802
932 934 -11.762802
933 2977 -11.762802
934 2977 -11.762802
935 936 -11.762802
935 937 -11.762802
936 2978 -11.762802
937 2861 -11.762802
943 2979 -11.762802
944 945 -11.762802
944 946 -11.762802
944 948 -11.762802
944 2257 -11.762802
945 947 -11.762802
947 948 -11.762802
947 2431 -11.762802
949 950 -11.762802
951 2980 -11.762802
952 955 -11.762802
953 2981 -11.762802
954 955 -11.762802
955 2745 -11.762802
955 2746 -11.762802
956 2921 -11.762802
957 2853 -11.762802
957 2973 -11.762802
958 959 -11.762802
958 2982 -11.762802
959 960 -11.762802
959 961 -11.762802
960 2983 -11.762802
961 2984 -11.762802
962 963 -11.762802
962 964 -11.762802
963 2985 -11.762802
964 2985 -11.762802
965 966 -11.762802
966 1318 -11.762802
966 2986 -11.762802
967 968 -11.762802
967 969 -11.762802
967 970 -11.762802
968 2987 -11.762802
969 2987 -11.762802
970 2987 -11.762802
971 972 -11.762802
972 2867 -11.762802
973 2988 -11.762802
974 2988 -11.762802
975 2988 -11.762802
976 977 -11.762802
976 2714 -11.762802
977 1310 -11.762802
977 1811 -11.762802
977 2715 -11.762802
978 979 -11.762802
978 980 -11.762802
978 2065 -11.762802
979 1068 -11.762802
980 1068 -11.762802
981 982 -11.762802
982 2989 -11.762802
983 984 -11.762802
984 2990 -11.762802
985 986 -11.762802
986 2991 -11.762802
987 988 -11.762802
987 2645 -11.762802
987 2646 -11.762802
987 2647 -11.762802
988 2992 -11.762802
989 990 -11.762802
990 1701 -11.762802
991 992 -11.762802
991 2993 -11.762802
993 994 -11.762802
993 995 -11.762802
994 1684 -11.762802
994 2994 -11.762802
995 1699 -11.762802
996 997 -11.762802
998 999 -11.762802
999 2995 -11.762802
1000 1001 -11.762802
1001 2996 -11.762802
1002 1003 -11.762802
1002 2819 -11.762802
1003 2997 -11.762802
1004 1005 -11.762802
1005 1024 -11.762802
1006 1007 -11.762802
1007 2998 -11.762802
1008 1009 -11.762802
1008 2101 -11.762802
1008 2103 -11.762802
1008 2104 -11.762802
1010 1011 -11.762802
1010 2098 -11.762802
1011 2999 -11.762802
1012 1013 -11.762802
1013 1014 -11.762802
1013 1116 -11.762802
1013 1117 -11.762802
1015 1016 -11.762802
1016 1414 -11.762802
1017 1018 -11.762802
1018 3000 -11.762802
1019 1020 -11.762802
1020 3001 -11.762802
1021 1833 -11.762802
1022 1023 -11.762802
1022 2825 -11.762802
1023 1833 -11.762802
1024 1025 -11.762802
1024 1027 -11.762802
1024 1087 -11.762802
1025 1026 -11.762802
1026 1027 -11.762802
1028 1029 -11.762802
1028 3002 -11.762802
1030 1031 -11.762802
1032 1033 -11.762802
1032 1051 -11.762802
1032 1053 -11.762802
1033 2884 -11.762802
1034 1035 -11.762802
1035 3003 -11.762802
1036 1037 -11.762802
1036 1038 -11.762802
1037 1300 -11.762802
1038 3004 -11.762802
1039 3005 -11.762802
1040 1652 -11.762802
1041 1604 -11.762802
1042 1652 -11.762802
1043 3006 -11.762802
1044 1045 -11.762802
1044 1046 -11.762802
1044 1480 -11.762802
1045 3007 -11.762802
1046 3007 -11.762802
1047 1048 -11.762802
1048 2880 -11.762802
1049 1050 -11.762802
1050 3008 -11.762802
1051 1052 -11.762802
1052 1053 -11.762802
1054 1055 -11.762802
1055 3009 -11.762802
1056 1057 -11.762802
1057 1066 -11.762802
1058 1059 -11.762802
1059 1318 -11.762802
1059 3010 -11.762802
1060 1061 -11.762802
1061 3011 -11.762802
1062 1063 -11.762802
1063 3011 -11.762802
1064 1065 -11.762802
1065 3012 -11.762802
1066 1067 -11.762802
1067 1072 -11.762802
1068 1069 -11.762802
1069 1257 -11.762802
1070 1071 -11.762802
1071 3013 -11.762802
1072 1073 -11.762802
1073 1074 -11.762802
1074 1075 -11.762802
1076 3014 -11.762802
1077 1078 -11.762802
1077 1079 -11.762802
1077 1080 -11.762802
1077 1081 -11.762802
1078 3015 -11.762802
1079 3015 -11.762802
1080 3015 -11.762802
1081 3015 -11.762802
1082 1083 -11.762802
1084 1085 -11.762802
1085 3016 -11.762802
1086 1087 -11.762802
1086 1415 -11.762802
1086 1416 -11.762802
1086 1482 -11.762802
1088 1089 -11.762802
1089 3017 -11.762802
1090 1091 -11.762802
1091 3018 -11.762802
1092 1093 -11.762802
1093 3019 -11.762802
1094 1095 -11.762802
1094 1096 -11.762802
1095 1492 -11.762802
1096 1492 -11.762802
1097 1098 -11.762802
1097 1099 -11.762802
1097 1443 -11.762802
1098 1101 -11.762802
1099 1101 -11.762802
1100 1101 -11.762802
1100 3020 -11.762802
1102 1103 -11.762802
1102 1120 -11.762802
1102 1457 -11.762802
1102 1845 -11.762802
1102 2248 -11.762802
1103 2905 -11.762802
1104 1105 -11.762802
1105 2856 -11.762802
1106 1107 -11.762802
1107 1108 -11.762802
1107 3021 -11.762802
1108 2355 -11.762802
1108 2359 -11.762802
1108 2363 -11.762802
1108 2367 -11.762802
1109 1110 -11.762802
1110 2987 -11.762802
1112 1113 -11.762802
1114 1115 -11.762802
1115 3022 -11.762802
1118 1119 -11.762802
1120 3023 -11.762802
1121 1122 -11.762802
1122 1123 -11.762802
1122 1175 -11.762802
1122 1177 -11.762802
1122 1178 -11.762802
1122 1179 -11.762802
1122 1181 -11.762802
1122 1209 -11.762802
1122 1510 -11.762802
1124 1169 -11.762802
1125 1126 -11.762802
1126 1127 -11.762802
1126 1871 -11.762802
1126 2262 -11.762802
1128 1129 -11.762802
1128 1130 -11.762802
1128 1791 -11.762802
1128 1862 -11.762802
1128 1867 -11.762802
1128 2350 -11.762802
1128 2351 -11.762802
1128 2718 -11.762802
1129 3024 -11.762802
1130 3025 -11.762802
1131 1132 -11.762802
1131 1305 -11.762802
1131 1306 -11.762802
1131 2821 -11.762802
1132 1134 -11.762802
1133 1134 -11.762802
1133 1509 -11.762802
1136 1137 -11.762802
1136 1139 -11.762802
1138 1139 -11.762802
1138 1158 -11.762802
1138 1159 -11.762802
1138 1161 -11.762802
1138 1868 -11.762802
1138 2824 -11.762802
1140 1141 -11.762802
1141 3026 -11.762802
1142 1143 -11.762802
1143 3027 -11.762802
1144 1145 -11.762802
1144 1503 -11.762802
1145 3028 -11.762802
1146 1147 -11.762802
1147 3028 -11.762802
1148 1149 -11.762802
1149 3029 -11.762802
1150 1151 -11.762802
1151 3030 -11.762802
1152 1153 -11.762802
1152 1154 -11.762802
1152 1155 -11.762802
1152 1157 -11.762802
1153 1471 -11.762802
1154 1156 -11.762802
1155 3031 -11.762802
1156 1157 -11.762802
1156 1158 -11.762802
1156 1159 -11.762802
1160 1161 -11.762802
1160 1170 -11.762802
1160 1483 -11.762802
1160 1524 -11.762802
1160 1539 -11.762802
1160 1873 -11.762802
1160 2709 -11.762802
1162 1163 -11.762802
1162 1495 -11.762802
1163 1164 -11.762802
1163 1496 -11.762802
1163 2299 -11.762802
1164 2298 -11.762802
1165 1166 -11.762802
1165 1168 -11.762802
1166 1167 -11.762802
1167 1168 -11.762802
1169 1170 -11.762802
1169 1483 -11.762802
1169 1865 -11.762802
1169 2126 -11.762802
1171 1172 -11.762802
1172 3032 -11.762802
1173 1174 -11.762802
1174 2309 -11.762802
1175 1208 -11.762802
1176 1177 -11.762802
1176 1527 -11.762802
1176 1553 -11.762802
1176 1562 -11.762802
1176 1567 -11.762802
1176 1569 -11.762802
1176 1577 -11.762802
1176 1578 -11.762802
1176 1582 -11.762802
1176 1584 -11.762802
1176 1586 -11.762802
1176 1587 -11.762802
1176 1591 -11.762802
1176 1594 -11.762802
1176 1771 -11.762802
1176 1775 -11.762802
1176 1832 -11.762802
1177 1563 -11.762802
1178 1180 -11.762802
1179 1563 -11.762802
1180 1181 -11.762802
1180 1577 -11.762802
1180 1581 -11.762802
1180 1770 -11.762802
1181 1394 -11.762802
1182 1183 -11.762802
1182 1287 -11.762802
1183 1184 -11.762802
1183 1780 -11.762802
1183 2820 -11.762802
1184 1218 -11.762802
1184 2819 -11.762802
1185 1186 -11.762802
1186 3033 -11.762802
1187 1188 -11.762802
1188 3034 -11.762802
1188 3035 -11.762802
1189 1190 -11.762802
1189 2513 -11.762802
1191 1192 -11.762802
1191 3036 -11.762802
1192 1324 -11.762802
1193 1194 -11.762802
1193 2864 -11.762802
1195 2872 -11.762802
1196 1197 -11.762802
1196 1198 -11.762802
1196 1259 -11.762802
1196 2564 -11.762802
1196 2565 -11.762802
1196 2567 -11.762802
1197 3037 -11.762802
1198 3037 -11.762802
1199 1200 -11.762802
1199 1201 -11.762802
1199 1203 -11.762802
1200 2521 -11.762802
1201 3038 -11.762802
1202 1203 -11.762802
1204 1205 -11.762802
1205 3039 -11.762802
1206 1207 -11.762802
1206 1344 -11.762802
1206 1346 -11.762802
1206 1674 -11.762802
1208 1209 -11.762802
1208 1395 -11.762802
1208 1835 -11.762802
1210 1211 -11.762802
1211 3040 -11.762802
1212 1213 -11.762802
1213 3041 -11.762802
1214 1215 -11.762802
1216 1217 -11.762802
1216 1218 -11.762802
1217 3042 -11.762802
1218 2820 -11.762802
1218 3043 -11.762802
1219 1220 -11.762802
1219 1298 -11.762802
1220 1299 -11.762802
1221 1222 -11.762802
1222 1223 -11.762802
1222 3044 -11.762802
1224 1225 -11.762802
1224 3045 -11.762802
1226 1227 -11.762802
1226 3046 -11.762802
1228 1229 -11.762802
1228 3047 -11.762802
1230 1231 -11.762802
1230 3048 -11.762802
1232 1233 -11.762802
1232 3049 -11.762802
1234 1235 -11.762802
1234 3050 -11.762802
1236 1237 -11.762802
1236 3051 -11.762802
1238 1239 -11.762802
1238 1325 -11.762802
1239 1656 -11.762802
1240 1241 -11.762802
1240 3052 -11.762802
1242 1243 -11.762802
1242 3053 -11.762802
1244 1245 -11.762802
1244 3054 -11.762802
1246 1247 -11.762802
1247 1248 -11.762802
1247 3055 -11.762802
1249 1250 -11.762802
1249 3056 -11.762802
1251 1252 -11.762802
1251 3057 -11.762802
1253 1254 -11.762802
1253 3058 -11.762802
1255 1256 -11.762802
1256 2850 -11.762802
1256 2857 -11.762802
1256 2858 -11.762802
1256 3059 -11.762802
1257 1258 -11.762802
1257 1838 -11.762802
1258 3060 -11.762802
1259 2563 -11.762802
1260 1261 -11.762802
1260 2538 -11.762802
1262 1263 -11.762802
1262 3061 -11.762802
1263 2259 -11.762802
1264 1265 -11.762802
1265 3062 -11.762802
1265 3063 -11.762802
1266 1267 -11.762802
1267 3064 -11.762802
1268 1269 -11.762802
1269 2979 -11.762802
1270 1271 -11.762802
1271 3065 -11.762802
1272 1273 -11.762802
1272 1274 -11.762802
1272 1275 -11.762802
1272 1276 -11.762802
1273 3066 -11.762802
1274 3066 -11.762802
1275 3067 -11.762802
1276 3068 -11.762802
1277 1278 -11.762802
1277 3069 -11.762802
1279 1280 -11.762802
1281 1282 -11.762802
1282 3070 -11.762802
1283 1284 -11.762802
1283 1323 -11.762802
1284 1291 -11.762802
1285 1286 -11.762802
1285 1378 -11.762802
1286 3071 -11.762802
1287 3072 -11.762802
1288 1289 -11.762802
1289 3073 -11.762802
1290 1291 -11.762802
1292 1293 -11.762802
1293 3074 -11.762802
1294 1295 -11.762802
1294 1296 -11.762802
1294 1297 -11.762802
1295 3075 -11.762802
1296 3075 -11.762802
1297 3076 -11.762802
1298 1299 -11.762802
1299 3077 -11.762802
1300 1301 -11.762802
1301 3078 -11.762802
1302 1303 -11.762802
1304 3079 -11.762802
1305 1678 -11.762802
1306 3080 -11.762802
1307 1308 -11.762802
1308 3081 -11.762802
1309 1310 -11.762802
1310 3082 -11.762802
1311 1312 -11.762802
1311 3083 -11.762802
1313 1314 -11.762802
1314 1315 -11.762802
1314 3084 -11.762802
1314 3085 -11.762802
1316 1317 -11.762802
1317 1318 -11.762802
1317 3086 -11.762802
1318 2163 -11.762802
1318 2165 -11.762802
1319 1320 -11.762802
1320 3087 -11.762802
1322 1323 -11.762802
1322 3088 -11.762802
1324 3089 -11.762802
1325 1326 -11.762802
1326 3090 -11.762802
1327 1328 -11.762802
1328 1669 -11.762802
1329 1330 -11.762802
1330 3091 -11.762802
1331 1332 -11.762802
1332 1333 -11.762802
1332 3092 -11.762802
1334 1335 -11.762802
1335 3093 -11.762802
1336 1337 -11.762802
1336 1338 -11.762802
1336 1339 -11.762802
1336 1340 -11.762802
1337 3094 -11.762802
1338 3094 -11.762802
1339 3095 -11.762802
1340 1341 -11.762802
1340 3096 -11.762802
1342 1343 -11.762802
1343 3097 -11.762802
1344 3098 -11.762802
1345 1346 -11.762802
1347 1348 -11.762802
1348 1755 -11.762802
1349 3099 -11.762802
1350 1351 -11.762802
1351 1352 -11.762802
1351 3100 -11.762802
1352 2514 -11.762802
1353 1354 -11.762802
1354 3101 -11.762802
1355 1356 -11.762802
1356 3102 -11.762802
1357 1358 -11.762802
1358 1359 -11.762802
1358 3103 -11.762802
1359 1881 -11.762802
1359 1894 -11.762802
1359 2368 -11.762802
1359 2728 -11.762802
1360 1361 -11.762802
1360 2678 -11.762802
1361 3104 -11.762802
1362 1363 -11.762802
1363 3105 -11.762802
1364 1365 -11.762802
1364 1366 -11.762802
1365 1381 -11.762802
1366 1381 -11.762802
1366 1487 -11.762802
1367 1368 -11.762802
1368 3075 -11.762802
1369 2256 -11.762802
1370 1371 -11.762802
1371 3106 -11.762802
1372 1373 -11.762802
1372 2365 -11.762802
1373 3107 -11.762802
1374 3108 -11.762802
1375 1376 -11.762802
1377 1378 -11.762802
1379 1380 -11.762802
1380 1381 -11.762802
1381 1382 -11.762802
1381 2487 -11.762802
1382 2931 -11.762802
1383 1455 -11.762802
1384 1385 -11.762802
1385 3109 -11.762802
1386 1387 -11.762802
1387 2091 -11.762802
1388 1389 -11.762802
1388 1627 -11.762802
1389 3075 -11.762802
1390 2910 -11.762802
1391 1392 -11.762802
1391 3110 -11.762802
1392 1393 -11.762802
1392 1395 -11.762802
1392 1835 -11.762802
1393 1394 -11.762802
1393 3110 -11.762802
1394 1395 -11.762802
1394 1566 -11.762802
1394 1938 -11.762802
1394 1941 -11.762802
1394 1994 -11.762802
1394 1997 -11.762802
1394 2403 -11.762802
1394 2404 -11.762802
1396 1397 -11.762802
1396 3111 -11.762802
1398 1399 -11.762802
1398 1400 -11.762802
1399 2885 -11.762802
1400 3011 -11.762802
1401 1402 -11.762802
1402 3112 -11.762802
1403 1404 -11.762802
1403 1498 -11.762802
1404 3113 -11.762802
1405 1406 -11.762802
1405 1568 -11.762802
1406 3113 -11.762802
1407 1408 -11.762802
1408 3114 -11.762802
1409 1410 -11.762802
1410 1411 -11.762802
1410 3115 -11.762802
1411 1957 -11.762802
1412 1413 -11.762802
1413 1760 -11.762802
1414 1415 -11.762802
1414 1416 -11.762802
1417 1418 -11.762802
1418 3116 -11.762802
1419 1420 -11.762802
1420 3117 -11.762802
1421 1422 -11.762802
1423 1424 -11.762802
1425 1426 -11.762802
1426 1709 -11.762802
1427 1428 -11.762802
1427 1429 -11.762802
1428 3118 -11.762802
1429 3118 -11.762802
1430 1431 -11.762802
1431 3119 -11.762802
1432 1433 -11.762802
1433 3120 -11.762802
1434 1435 -11.762802
1435 3121 -11.762802
1436 1437 -11.762802
1436 2814 -11.762802
1437 2908 -11.762802
1437 3121 -11.762802
1438 1439 -11.762802
1438 3122 -11.762802
1440 1441 -11.762802
1440 2637 -11.762802
1440 2639 -11.762802
1441 3123 -11.762802
1442 1443 -11.762802
1442 1444 -11.762802
1444 1692 -11.762802
1445 1446 -11.762802
1446 3124 -11.762802
1446 3125 -11.762802
1447 1448 -11.762802
1448 1449 -11.762802
1448 3126 -11.762802
1448 3127 -11.762802
1449 2669 -11.762802
1450 1451 -11.762802
1450 2242 -11.762802
1450 2786 -11.762802
1451 3128 -11.762802
1452 1453 -11.762802
1452 1495 -11.762802
1454 1455 -11.762802
1454 1497 -11.762802
1455 1456 -11.762802
1456 1497 -11.762802
1457 3129 -11.762802
1458 1459 -11.762802
1459 3130 -11.762802
1460 1461 -11.762802
1460 1651 -11.762802
1461 3131 -11.762802
1462 1463 -11.762802
1462 1653 -11.762802
1463 3132 -11.762802
1464 1465 -11.762802
1465 1466 -11.762802
1465 3133 -11.762802
1466 1614 -11.762802
1466 1723 -11.762802
1466 1729 -11.762802
1466 1732 -11.762802
1466 1735 -11.762802
1466 1741 -11.762802
1466 2383 -11.762802
1466 2827 -11.762802
1466 2829 -11.762802
1467 1468 -11.762802
1468 3134 -11.762802
1469 1470 -11.762802
1470 3135 -11.762802
1471 1472 -11.762802
1473 1474 -11.762802
1474 3136 -11.762802
1475 1476 -11.762802
1475 1546 -11.762802
1475 1547 -11.762802
1476 2529 -11.762802
1476 3137 -11.762802
1477 1478 -11.762802
1478 3138 -11.762802
1479 1480 -11.762802
1480 3139 -11.762802
1481 1482 -11.762802
1484 1485 -11.762802
1485 2303 -11.762802
1486 1487 -11.762802
1486 2884 -11.762802
1487 1488 -11.762802
1487 2825 -11.762802
1489 2853 -11.762802
1489 2978 -11.762802
1490 1491 -11.762802
1490 1811 -11.762802
1491 3140 -11.762802
1492 1493 -11.762802
1492 1494 -11.762802
1493 1757 -11.762802
1494 1757 -11.762802
1495 1496 -11.762802
1497 1498 -11.762802
1499 1500 -11.762802
1499 3141 -11.762802
1500 1866 -11.762802
1501 1502 -11.762802
1502 3142 -11.762802
1504 1505 -11.762802
1504 2649 -11.762802
1505 2842 -11.762802
1506 1507 -11.762802
1506 1855 -11.762802
1506 1858 -11.762802
1506 2241 -11.762802
1506 2822 -11.762802
1506 2823 -11.762802
1507 3143 -11.762802
1508 1509 -11.762802
1508 3144 -11.762802
1510 3145 -11.762802
1511 1512 -11.762802
1511 1520 -11.762802
1513 1514 -11.762802
1513 3146 -11.762802
1515 1516 -11.762802
1515 3147 -11.762802
1516 2813 -11.762802
1517 1518 -11.762802
1517 1856 -11.762802
1517 2822 -11.762802
1517 2823 -11.762802
1518 1852 -11.762802
1519 1520 -11.762802
1519 1754 -11.762802
1521 1522 -11.762802
1521 1663 -11.762802
1522 3148 -11.762802
1523 1524 -11.762802
1523 1539 -11.762802
1523 2809 -11.762802
1525 1526 -11.762802
1525 3149 -11.762802
1526 1527 -11.762802
1527 3150 -11.762802
1528 1529 -11.762802
1529 3133 -11.762802
1530 1531 -11.762802
1530 1532 -11.762802
1531 3151 -11.762802
1532 3152 -11.762802
1533 1534 -11.762802
1533 1535 -11.762802
1534 3153 -11.762802
1535 3154 -11.762802
1536 1537 -11.762802
1536 1538 -11.762802
1537 3155 -11.762802
1538 3156 -11.762802
1540 1541 -11.762802
1541 3157 -11.762802
1542 1543 -11.762802
1542 1544 -11.762802
1543 3158 -11.762802
1544 3158 -11.762802
1545 1546 -11.762802
1545 1568 -11.762802
1546 2891 -11.762802
1547 3159 -11.762802
1548 1549 -11.762802
1548 1551 -11.762802
1548 1560 -11.762802
1548 1573 -11.762802
1549 1550 -11.762802
1549 3160 -11.762802
1551 1552 -11.762802
1551 3161 -11.762802
1553 1554 -11.762802
1553 3162 -11.762802
1555 1556 -11.762802
1555 1557 -11.762802
1556 3163 -11.762802
1557 3164 -11.762802
1558 1559 -11.762802
1558 3165 -11.762802
1559 1567 -11.762802
1560 1561 -11.762802
1560 3166 -11.762802
1562 1563 -11.762802
1562 1769 -11.762802
1563 1564 -11.762802
1563 1566 -11.762802
1564 1565 -11.762802
1565 1566 -11.762802
1565 1577 -11.762802
1565 1578 -11.762802
1565 1580 -11.762802
1565 1581 -11.762802
1567 3167 -11.762802
1569 1570 -11.762802
1569 3168 -11.762802
1570 1832 -11.762802
1571 1572 -11.762802
1571 3169 -11.762802
1573 1574 -11.762802
1573 3170 -11.762802
1575 1576 -11.762802
1575 2308 -11.762802
1578 3171 -11.762802
1579 1580 -11.762802
1579 1584 -11.762802
1579 1586 -11.762802
1579 1587 -11.762802
1579 1588 -11.762802
1582 1583 -11.762802
1582 3172 -11.762802
1584 1585 -11.762802
1585 1770 -11.762802
1586 1595 -11.762802
1587 1776 -11.762802
1588 1595 -11.762802
1589 1590 -11.762802
1589 3173 -11.762802
1591 1592 -11.762802
1591 3174 -11.762802
1592 1593 -11.762802
1593 3175 -11.762802
1594 1595 -11.762802
1594 1773 -11.762802
1596 1597 -11.762802
1596 3176 -11.762802
1598 1599 -11.762802
1598 3177 -11.762802
1599 2250 -11.762802
1600 1601 -11.762802
1601 3129 -11.762802
1602 1603 -11.762802
1603 1751 -11.762802
1604 1605 -11.762802
1604 1606 -11.762802
1604 1607 -11.762802
1605 2947 -11.762802
1606 2947 -11.762802
1607 3178 -11.762802
1608 1609 -11.762802
1608 3179 -11.762802
1610 1611 -11.762802
1610 3180 -11.762802
1612 1613 -11.762802
1612 1614 -11.762802
1613 3181 -11.762802
1614 3163 -11.762802
1615 1616 -11.762802
1616 3182 -11.762802
1617 1618 -11.762802
1618 3183 -11.762802
1619 1620 -11.762802
1621 1622 -11.762802
1621 1623 -11.762802
1622 3095 -11.762802
1623 2896 -11.762802
1624 1625 -11.762802
1624 1626 -11.762802
1625 3076 -11.762802
1626 3094 -11.762802
1627 3184 -11.762802
1628 1629 -11.762802
1628 1642 -11.762802
1628 1643 -11.762802
1629 3184 -11.762802
1630 1631 -11.762802
1630 1632 -11.762802
1631 3067 -11.762802
1632 3185 -11.762802
1633 1634 -11.762802
1633 1635 -11.762802
1634 3186 -11.762802
1635 3066 -11.762802
1636 1637 -11.762802
1636 1641 -11.762802
1636 2140 -11.762802
1637 3186 -11.762802
1638 1639 -11.762802
1638 1640 -11.762802
1639 2894 -11.762802
1640 2139 -11.762802
1641 2139 -11.762802
1642 3185 -11.762802
1643 3185 -11.762802
1644 1645 -11.762802
1645 3187 -11.762802
1646 1647 -11.762802
1647 2946 -11.762802
1648 1649 -11.762802
1649 3005 -11.762802
1650 1651 -11.762802
1652 1653 -11.762802
1654 1655 -11.762802
1654 1656 -11.762802
1654 2738 -11.762802
1655 3188 -11.762802
1656 3189 -11.762802
1658 1659 -11.762802
1659 3190 -11.762802
1660 1661 -11.762802
1660 2343 -11.762802
1661 3191 -11.762802
1662 1663 -11.762802
1664 1665 -11.762802
1665 1666 -11.762802
1666 1667 -11.762802
1667 3192 -11.762802
1668 1669 -11.762802
1668 3192 -11.762802
1670 1671 -11.762802
1670 1672 -11.762802
1671 3061 -11.762802
1672 3193 -11.762802
1673 1674 -11.762802
1675 1676 -11.762802
1675 2859 -11.762802
1677 1678 -11.762802
1677 1680 -11.762802
1679 1680 -11.762802
1679 3194 -11.762802
1680 2821 -11.762802
1681 1682 -11.762802
1681 1683 -11.762802
1682 1684 -11.762802
1683 3195 -11.762802
1684 1685 -11.762802
1684 1686 -11.762802
1685 1688 -11.762802
1686 1688 -11.762802
1687 1688 -11.762802
1687 3196 -11.762802
1689 1690 -11.762802
1689 1691 -11.762802
1689 1693 -11.762802
1690 3020 -11.762802
1691 3020 -11.762802
1692 1693 -11.762802
1694 1695 -11.762802
1694 1696 -11.762802
1694 1698 -11.762802
1694 1700 -11.762802
1695 3196 -11.762802
1696 3196 -11.762802
1697 1698 -11.762802
1699 1700 -11.762802
1700 2994 -11.762802
1701 1702 -11.762802
1702 3197 -11.762802
1703 1704 -11.762802
1704 3198 -11.762802
1705 1706 -11.762802
1706 3199 -11.762802
1707 1708 -11.762802
1708 3200 -11.762802
1709 1710 -11.762802
1710 1711 -11.762802
1710 3201 -11.762802
1711 1713 -11.762802
1711 1792 -11.762802
1712 1713 -11.762802
1713 3202 -11.762802
1714 1715 -11.762802
1714 1717 -11.762802
1715 3203 -11.762802
1716 1717 -11.762802
1718 1719 -11.762802
1719 2737 -11.762802
1720 1721 -11.762802
1721 3204 -11.762802
1722 1723 -11.762802
1723 3205 -11.762802
1724 1725 -11.762802
1724 1726 -11.762802
1725 3205 -11.762802
1726 3206 -11.762802
1727 1728 -11.762802
1727 1729 -11.762802
1728 3206 -11.762802
1729 3153 -11.762802
1730 1731 -11.762802
1730 1732 -11.762802
1730 2388 -11.762802
1730 2393 -11.762802
1731 3154 -11.762802
1732 3151 -11.762802
1733 1734 -11.762802
1733 1735 -11.762802
1734 3152 -11.762802
1735 3207 -11.762802
1736 1737 -11.762802
1736 1738 -11.762802
1737 3207 -11.762802
1738 3181 -11.762802
1739 1740 -11.762802
1739 1741 -11.762802
1740 3164 -11.762802
1741 3155 -11.762802
1742 3156 -11.762802
1743 1744 -11.762802
1744 3208 -11.762802
1745 1746 -11.762802
1746 2907 -11.762802
1746 3209 -11.762802
1747 1748 -11.762802
1748 3210 -11.762802
1749 1750 -11.762802
1750 3211 -11.762802
1751 1752 -11.762802
1752 3212 -11.762802
1753 1754 -11.762802
1753 3213 -11.762802
1755 1756 -11.762802
1756 3214 -11.762802
1757 1758 -11.762802
1757 1759 -11.762802
1758 3215 -11.762802
1759 3216 -11.762802
1760 1761 -11.762802
1761 1762 -11.762802
1762 1763 -11.762802
1764 1765 -11.762802
1765 3217 -11.762802
1766 1767 -11.762802
1767 3218 -11.762802
1768 1769 -11.762802
1768 3171 -11.762802
1771 1772 -11.762802
1771 3219 -11.762802
1773 1774 -11.762802
1773 1775 -11.762802
1773 1777 -11.762802
1774 3219 -11.762802
1775 1776 -11.762802
1776 1777 -11.762802
1778 1779 -11.762802
1778 2818 -11.762802
1779 1780 -11.762802
1779 3072 -11.762802
1779 3220 -11.762802
1781 1782 -11.762802
1782 1783 -11.762802
1782 3221 -11.762802
1784 1785 -11.762802
1785 3222 -11.762802
1786 1787 -11.762802
1786 3223 -11.762802
1788 3224 -11.762802
1789 1790 -11.762802
1790 3225 -11.762802
1791 3032 -11.762802
1793 1794 -11.762802
1794 2908 -11.762802
1794 3226 -11.762802
1795 1796 -11.762802
1796 3227 -11.762802
1797 1798 -11.762802
1798 1801 -11.762802
1799 1800 -11.762802
1800 1803 -11.762802
1801 1802 -11.762802
1802 3228 -11.762802
1803 1804 -11.762802
1804 3229 -11.762802
1805 1806 -11.762802
1805 1814 -11.762802
1806 1821 -11.762802
1806 3230 -11.762802
1807 1808 -11.762802
1807 2580 -11.762802
1807 2590 -11.762802
1807 2591 -11.762802
1808 3231 -11.762802
1809 3232 -11.762802
1810 1811 -11.762802
1811 3233 -11.762802
1812 1813 -11.762802
1814 3001 -11.762802
1814 3234 -11.762802
1815 1816 -11.762802
1816 3235 -11.762802
1817 1818 -11.762802
1818 3236 -11.762802
1819 1820 -11.762802
1820 3237 -11.762802
1821 1822 -11.762802
1822 3001 -11.762802
1822 3238 -11.762802
1823 1824 -11.762802
1825 3239 -11.762802
1826 1827 -11.762802
1827 3240 -11.762802
1828 1829 -11.762802
1829 3241 -11.762802
1830 1831 -11.762802
1831 3242 -11.762802
1832 3243 -11.762802
1833 1834 -11.762802
1834 3244 -11.762802
1836 1837 -11.762802
1837 3245 -11.762802
1838 3246 -11.762802
1839 1840 -11.762802
1840 3247 -11.762802
1841 1842 -11.762802
1842 3143 -11.762802
1843 1844 -11.762802
1843 2185 -11.762802
1844 2182 -11.762802
1845 3191 -11.762802
1846 1847 -11.762802
1848 1849 -11.762802
1849 3248 -11.762802
1850 1851 -11.762802
1851 3249 -11.762802
1852 1853 -11.762802
1852 1856 -11.762802
1852 1857 -11.762802
1853 1854 -11.762802
1854 1855 -11.762802
1854 1857 -11.762802
1854 1858 -11.762802
1859 1860 -11.762802
1860 3250 -11.762802
1861 1862 -11.762802
1861 2706 -11.762802
1861 2718 -11.762802
1863 1864 -11.762802
1864 3251 -11.762802
1865 2125 -11.762802
1866 2864 -11.762802
1866 3252 -11.762802
1867 3253 -11.762802
1868 1869 -11.762802
1869 1870 -11.762802
1870 3032 -11.762802
1871 3254 -11.762802
1872 1873 -11.762802
1872 2709 -11.762802
1875 1876 -11.762802
1875 1878 -11.762802
1875 1889 -11.762802
1875 1917 -11.762802
1875 1922 -11.762802
1875 1923 -11.762802
1875 1927 -11.762802
1875 1931 -11.762802
1875 1942 -11.762802
1875 1980 -11.762802
1875 1985 -11.762802
1875 1991 -11.762802
1875 1995 -11.762802
1875 1998 -11.762802
1875 1999 -11.762802
1875 2000 -11.762802
1875 2003 -11.762802
1875 2004 -11.762802
1875 2006 -11.762802
1875 2052 -11.762802
1875 2059 -11.762802
1875 2731 -11.762802
1875 2733 -11.762802
1876 1877 -11.762802
1876 3255 -11.762802
1878 1879 -11.762802
1878 3255 -11.762802
1880 1881 -11.762802
1880 1902 -11.762802
1880 1907 -11.762802
1880 1911 -11.762802
1880 1919 -11.762802
1880 1920 -11.762802
1880 1925 -11.762802
1880 1929 -11.762802
1880 1936 -11.762802
1880 1939 -11.762802
1881 1884 -11.762802
1882 1883 -11.762802
1882 1895 -11.762802
1882 1897 -11.762802
1882 1933 -11.762802
1882 1959 -11.762802
1882 1978 -11.762802
1882 2011 -11.762802
1882 2012 -11.762802
1882 2047 -11.762802
1882 2054 -11.762802
1882 2087 -11.762802
1883 1884 -11.762802
1883 1888 -11.762802
1884 1886 -11.762802
1885 1886 -11.762802
1885 1887 -11.762802
1885 1890 -11.762802
1885 1904 -11.762802
1885 1915 -11.762802
1885 1945 -11.762802
1885 1947 -11.762802
1885 1953 -11.762802
1885 1955 -11.762802
1885 1968 -11.762802
1885 1972 -11.762802
1885 1974 -11.762802
1885 1982 -11.762802
1885 2013 -11.762802
1885 2060 -11.762802
1885 2729 -11.762802
1885 2833 -11.762802
1886 3256 -11.762802
1887 1888 -11.762802
1887 3257 -11.762802
1888 1889 -11.762802
1889 3258 -11.762802
1890 1891 -11.762802
1891 1892 -11.762802
1892 2115 -11.762802
1893 1894 -11.762802
1894 1896 -11.762802
1895 1896 -11.762802
1895 1898 -11.762802
1897 1898 -11.762802
1897 1901 -11.762802
1899 1900 -11.762802
1899 1905 -11.762802
1899 1909 -11.762802
1899 1913 -11.762802
1899 2013 -11.762802
1899 2831 -11.762802
1900 1901 -11.762802
1900 1903 -11.762802
1902 1903 -11.762802
1902 1906 -11.762802
1903 1904 -11.762802
1904 1914 -11.762802
1905 1906 -11.762802
1905 1908 -11.762802
1907 1908 -11.762802
1907 1910 -11.762802
1909 1910 -11.762802
1909 1912 -11.762802
1911 1912 -11.762802
1911 3259 -11.762802
1913 1914 -11.762802
1913 1916 -11.762802
1915 1916 -11.762802
1915 2830 -11.762802
1917 1918 -11.762802
1917 1921 -11.762802
1918 1919 -11.762802
1918 1933 -11.762802
1918 1935 -11.762802
1918 1947 -11.762802
1918 1990 -11.762802
1918 1994 -11.762802
1918 2031 -11.762802
1918 2087 -11.762802
1919 1993 -11.762802
1920 1921 -11.762802
1920 1996 -11.762802
1921 1922 -11.762802
1921 1990 -11.762802
1921 1997 -11.762802
1922 1926 -11.762802
1923 1924 -11.762802
1923 1992 -11.762802
1924 1995 -11.762802
1924 1998 -11.762802
1924 2001 -11.762802
1924 2068 -11.762802
1925 1926 -11.762802
1925 3260 -11.762802
1927 1928 -11.762802
1927 1987 -11.762802
1928 1989 -11.762802
1928 1998 -11.762802
1929 1930 -11.762802
1929 3261 -11.762802
1931 1932 -11.762802
1931 3262 -11.762802
1932 1984 -11.762802
1932 1995 -11.762802
1933 1934 -11.762802
1934 1935 -11.762802
1934 1936 -11.762802
1934 1938 -11.762802
1936 1937 -11.762802
1937 1938 -11.762802
1937 1939 -11.762802
1937 1941 -11.762802
1939 1940 -11.762802
1940 1941 -11.762802
1942 1943 -11.762802
1942 3263 -11.762802
1944 1946 -11.762802
1945 1946 -11.762802
1945 1950 -11.762802
1947 3264 -11.762802
1948 1949 -11.762802
1948 1951 -11.762802
1948 2035 -11.762802
1948 2037 -11.762802
1948 2066 -11.762802
1949 1950 -11.762802
1949 1952 -11.762802
1951 1952 -11.762802
1951 2067 -11.762802
1953 1954 -11.762802
1953 3265 -11.762802
1954 2006 -11.762802
1954 2060 -11.762802
1955 1956 -11.762802
1955 3266 -11.762802
1956 1959 -11.762802
1956 2003 -11.762802
1957 1958 -11.762802
1957 1960 -11.762802
1958 2083 -11.762802
1959 3267 -11.762802
1960 1961 -11.762802
1961 1962 -11.762802
1962 1963 -11.762802
1963 1964 -11.762802
1964 1965 -11.762802
1965 1966 -11.762802
1966 1967 -11.762802
1966 2117 -11.762802
1967 1969 -11.762802
1968 1969 -11.762802
1968 1970 -11.762802
1970 1971 -11.762802
1971 1973 -11.762802
1972 1973 -11.762802
1972 1975 -11.762802
1973 2734 -11.762802
1974 1975 -11.762802
1974 1983 -11.762802
1975 1977 -11.762802
1976 1977 -11.762802
1976 2728 -11.762802
1976 2734 -11.762802
1977 1979 -11.762802
1978 1979 -11.762802
1978 1981 -11.762802
1980 1981 -11.762802
1980 3268 -11.762802
1982 1983 -11.762802
1982 3269 -11.762802
1984 1993 -11.762802
1985 1986 -11.762802
1985 3270 -11.762802
1987 1988 -11.762802
1987 1989 -11.762802
1987 1991 -11.762802
1988 3270 -11.762802
1991 1992 -11.762802
1992 2068 -11.762802
1993 1994 -11.762802
1993 1999 -11.762802
1993 2002 -11.762802
1996 1997 -11.762802
1996 1999 -11.762802
1996 2000 -11.762802
1996 2001 -11.762802
1996 2002 -11.762802
2000 3260 -11.762802
2003 2005 -11.762802
2004 2005 -11.762802
2004 3271 -11.762802
2006 3272 -11.762802
2007 2008 -11.762802
2007 2009 -11.762802
2009 2010 -11.762802
2010 2085 -11.762802
2011 2046 -11.762802
2012 2029 -11.762802
2013 3273 -11.762802
2014 2015 -11.762802
2014 2051 -11.762802
2015 2018 -11.762802
2016 2017 -11.762802
2018 2019 -11.762802
2018 2020 -11.762802
2021 2022 -11.762802
2021 2028 -11.762802
2023 2024 -11.762802
2025 2026 -11.762802
2026 2048 -11.762802
2027 2028 -11.762802
2029 2030 -11.762802
2029 2032 -11.762802
2031 2086 -11.762802
2034 2035 -11.762802
2034 2066 -11.762802
2035 2036 -11.762802
2036 2037 -11.762802
2037 2071 -11.762802
2038 2039 -11.762802
2040 2041 -11.762802
2042 2043 -11.762802
2044 2045 -11.762802
2045 3190 -11.762802
2046 2047 -11.762802
2046 2059 -11.762802
2047 3274 -11.762802
2048 2049 -11.762802
2048 2089 -11.762802
2049 3275 -11.762802
2050 2051 -11.762802
2052 2053 -11.762802
2052 3276 -11.762802
2053 2054 -11.762802
2054 3277 -11.762802
2055 2056 -11.762802
2055 2058 -11.762802
2056 2057 -11.762802
2057 2058 -11.762802
2059 3278 -11.762802
2060 3279 -11.762802
2061 2062 -11.762802
2063 2064 -11.762802
2066 2067 -11.762802
2069 2070 -11.762802
2069 2072 -11.762802
2069 2074 -11.762802
2069 2076 -11.762802
2069 2368 -11.762802
2070 2071 -11.762802
2070 2073 -11.762802
2070 3280 -11.762802
2072 2073 -11.762802
2072 2075 -11.762802
2072 3280 -11.762802
2074 2075 -11.762802
2074 2077 -11.762802
2074 3280 -11.762802
2076 2077 -11.762802
2076 2080 -11.762802
2076 3280 -11.762802
2078 2079 -11.762802
2078 2081 -11.762802
2078 2083 -11.762802
2079 2080 -11.762802
2079 2082 -11.762802
2079 3280 -11.762802
2081 2082 -11.762802
2081 2084 -11.762802
2081 3280 -11.762802
2083 2084 -11.762802
2083 3280 -11.762802
2085 2086 -11.762802
2086 2087 -11.762802
2088 2089 -11.762802
2090 2091 -11.762802
2090 3281 -11.762802
2091 2302 -11.762802
2092 2093 -11.762802
2093 3282 -11.762802
2094 2095 -11.762802
2095 3283 -11.762802
2096 2097 -11.762802
2097 3283 -11.762802
2098 3284 -11.762802
2099 2100 -11.762802
2099 2105 -11.762802
2100 3285 -11.762802
2101 2102 -11.762802
2102 2103 -11.762802
2106 2107 -11.762802
2108 2109 -11.762802
2109 2110 -11.762802
2109 2111 -11.762802
2110 2112 -11.762802
2111 2112 -11.762802
2113 2114 -11.762802
2114 3286 -11.762802
2115 2116 -11.762802
2116 3287 -11.762802
2117 3288 -11.762802
2118 2119 -11.762802
2119 3289 -11.762802
2120 2121 -11.762802
2121 3081 -11.762802
2122 2123 -11.762802
2123 3290 -11.762802
2124 3290 -11.762802
2125 2126 -11.762802
2125 2262 -11.762802
2125 2809 -11.762802
2127 2128 -11.762802
2128 3291 -11.762802
2129 2130 -11.762802
2130 3292 -11.762802
2131 2132 -11.762802
2132 3293 -11.762802
2133 2134 -11.762802
2133 2136 -11.762802
2134 2878 -11.762802
2135 2136 -11.762802
2137 2138 -11.762802
2137 2238 -11.762802
2139 2140 -11.762802
2141 2142 -11.762802
2141 2143 -11.762802
2142 2144 -11.762802
2143 2146 -11.762802
2144 2145 -11.762802
2144 2149 -11.762802
2145 3294 -11.762802
2146 2147 -11.762802
2146 2148 -11.762802
2146 2150 -11.762802
2147 3295 -11.762802
2148 3296 -11.762802
2149 2151 -11.762802
2150 2151 -11.762802
2151 2152 -11.762802
2152 3297 -11.762802
2153 2154 -11.762802
2153 2155 -11.762802
2154 2156 -11.762802
2155 2159 -11.762802
2156 2157 -11.762802
2156 2158 -11.762802
2157 3298 -11.762802
2158 3299 -11.762802
2159 2160 -11.762802
2159 2161 -11.762802
2159 2162 -11.762802
2160 3300 -11.762802
2161 3301 -11.762802
2162 3302 -11.762802
2163 2164 -11.762802
2163 3303 -11.762802
2165 2166 -11.762802
2165 3304 -11.762802
2166 2167 -11.762802
2166 2168 -11.762802
2167 2169 -11.762802
2168 2171 -11.762802
2169 2170 -11.762802
2170 3305 -11.762802
2171 2172 -11.762802
2172 3306 -11.762802
2173 3307 -11.762802
2174 3308 -11.762802
2175 3309 -11.762802
2176 3310 -11.762802
2177 3311 -11.762802
2178 3312 -11.762802
2179 2180 -11.762802
2179 2181 -11.762802
2179 2186 -11.762802
2179 2500 -11.762802
2180 3313 -11.762802
2181 3314 -11.762802
2182 2183 -11.762802
2183 2184 -11.762802
2184 2185 -11.762802
2187 2188 -11.762802
2187 2189 -11.762802
2188 2190 -11.762802
2189 2192 -11.762802
2190 2191 -11.762802
2190 2194 -11.762802
2191 3315 -11.762802
2192 2193 -11.762802
2192 2195 -11.762802
2193 3316 -11.762802
2194 3317 -11.762802
2195 3318 -11.762802
2196 2197 -11.762802
2197 3319 -11.762802
2198 2199 -11.762802
2198 2200 -11.762802
2198 2201 -11.762802
2199 3320 -11.762802
2200 2202 -11.762802
2201 2204 -11.762802
2202 2203 -11.762802
2203 2206 -11.762802
2204 2205 -11.762802
2205 3321 -11.762802
2206 2207 -11.762802
2206 2208 -11.762802
2207 3322 -11.762802
2208 3323 -11.762802
2209 2210 -11.762802
2210 3324 -11.762802
2211 2212 -11.762802
2211 2213 -11.762802
2211 2214 -11.762802
2212 2215 -11.762802
2213 2217 -11.762802
2214 2219 -11.762802
2215 2216 -11.762802
2216 3325 -11.762802
2217 2218 -11.762802
2218 2221 -11.762802
2218 3326 -11.762802
2219 2220 -11.762802
2220 3326 -11.762802
2220 3327 -11.762802
2221 2222 -11.762802
2222 3326 -11.762802
2222 3328 -11.762802
2223 2224 -11.762802
2223 2225 -11.762802
2223 2226 -11.762802
2224 3329 -11.762802
2225 3330 -11.762802
2226 3326 -11.762802
2226 3331 -11.762802
2227 2228 -11.762802
2227 2229 -11.762802
2228 3332 -11.762802
2229 2230 -11.762802
2230 2231 -11.762802
2230 2232 -11.762802
2231 3333 -11.762802
2232 3332 -11.762802
2233 2234 -11.762802
2233 2235 -11.762802
2234 2236 -11.762802
2234 3334 -11.762802
2235 3334 -11.762802
2235 3335 -11.762802
2236 2237 -11.762802
2237 3334 -11.762802
2237 3336 -11.762802
2239 2240 -11.762802
2240 3337 -11.762802
2241 3143 -11.762802
2243 2244 -11.762802
2246 2247 -11.762802
2247 3338 -11.762802
2248 2905 -11.762802
2249 3339 -11.762802
2250 2251 -11.762802
2252 2253 -11.762802
2253 2908 -11.762802
2253 3340 -11.762802
2255 2256 -11.762802
2255 2864 -11.762802
2255 3341 -11.762802
2259 3342 -11.762802
2260 2261 -11.762802
2261 3343 -11.762802
2263 2264 -11.762802
2264 3344 -11.762802
2265 3345 -11.762802
2267 2877 -11.762802
2268 2269 -11.762802
2269 3346 -11.762802
2270 2271 -11.762802
2270 3347 -11.762802
2272 2273 -11.762802
2272 3348 -11.762802
2274 2275 -11.762802
2276 2277 -11.762802
2278 2279 -11.762802
2278 2280 -11.762802
2279 3349 -11.762802
2280 3349 -11.762802
2281 2282 -11.762802
2281 2283 -11.762802
2282 3350 -11.762802
2283 3350 -11.762802
2284 2879 -11.762802
2285 2879 -11.762802
2286 2287 -11.762802
2287 3351 -11.762802
2288 2289 -11.762802
2289 2879 -11.762802
2290 2291 -11.762802
2290 2292 -11.762802
2290 2306 -11.762802
2291 2858 -11.762802
2291 3352 -11.762802
2292 2873 -11.762802
2294 2295 -11.762802
2294 2296 -11.762802
2294 2297 -11.762802
2295 2300 -11.762802
2296 3353 -11.762802
2297 3354 -11.762802
2298 2299 -11.762802
2298 2302 -11.762802
2300 2301 -11.762802
2301 3355 -11.762802
2303 2304 -11.762802
2304 2305 -11.762802
2305 2306 -11.762802
2307 2308 -11.762802
2307 3356 -11.762802
2309 2310 -11.762802
2310 3357 -11.762802
2311 2312 -11.762802
2312 3358 -11.762802
2313 2314 -11.762802
2314 3359 -11.762802
2315 2316 -11.762802
2316 3360 -11.762802
2317 2318 -11.762802
2318 3361 -11.762802
2319 2320 -11.762802
2320 3362 -11.762802
2321 2322 -11.762802
2322 2331 -11.762802
2323 2324 -11.762802
2324 2325 -11.762802
2325 2326 -11.762802
2326 2327 -11.762802
2327 2328 -11.762802
2328 2329 -11.762802
2329 2330 -11.762802
2330 3363 -11.762802
2331 2332 -11.762802
2332 2333 -11.762802
2333 2334 -11.762802
2333 2346 -11.762802
2334 2335 -11.762802
2335 2336 -11.762802
2336 2337 -11.762802
2337 2338 -11.762802
2338 3364 -11.762802
2339 2340 -11.762802
2339 2349 -11.762802
2340 2341 -11.762802
2341 2342 -11.762802
2342 3365 -11.762802
2343 3023 -11.762802
2344 2345 -11.762802
2344 2349 -11.762802
2345 3366 -11.762802
2346 3367 -11.762802
2347 2348 -11.762802
2348 2905 -11.762802
2350 3368 -11.762802
2351 3369 -11.762802
2352 2353 -11.762802
2353 2354 -11.762802
2354 2355 -11.762802
2355 3370 -11.762802
2356 2357 -11.762802
2357 2358 -11.762802
2358 2359 -11.762802
2359 3371 -11.762802
2360 2361 -11.762802
2361 2362 -11.762802
2362 2363 -11.762802
2363 3372 -11.762802
2364 3373 -11.762802
2365 3374 -11.762802
2366 2367 -11.762802
2368 3280 -11.762802
2368 3375 -11.762802
2369 2370 -11.762802
2371 2372 -11.762802
2372 3376 -11.762802
2373 2374 -11.762802
2376 2377 -11.762802
2377 2378 -11.762802
2378 2379 -11.762802
2379 2380 -11.762802
2380 2381 -11.762802
2381 2382 -11.762802
2383 3377 -11.762802
2384 2385 -11.762802
2385 2386 -11.762802
2386 2387 -11.762802
2387 3378 -11.762802
2388 2389 -11.762802
2388 2390 -11.762802
2389 2395 -11.762802
2390 2391 -11.762802
2391 2392 -11.762802
2391 3379 -11.762802
2391 3380 -11.762802
2392 2393 -11.762802
2393 2394 -11.762802
2393 3380 -11.762802
2394 2395 -11.762802
2395 3379 -11.762802
2396 2397 -11.762802
2397 2398 -11.762802
2398 2399 -11.762802
2399 2400 -11.762802
2400 2401 -11.762802
2400 2404 -11.762802
2401 2402 -11.762802
2402 2403 -11.762802
2403 3381 -11.762802
2404 3381 -11.762802
2405 2406 -11.762802
2406 2407 -11.762802
2407 2408 -11.762802
2408 2409 -11.762802
2409 2410 -11.762802
2410 2411 -11.762802
2410 3382 -11.762802
2411 2412 -11.762802
2412 2414 -11.762802
2413 2414 -11.762802
2413 2415 -11.762802
2415 2416 -11.762802
2416 3383 -11.762802
2417 2418 -11.762802
2418 2419 -11.762802
2418 2907 -11.762802
2419 2420 -11.762802
2420 3384 -11.762802
2421 2422 -11.762802
2422 2423 -11.762802
2423 2424 -11.762802
2424 2425 -11.762802
2424 3382 -11.762802
2425 2426 -11.762802
2425 2429 -11.762802
2426 2427 -11.762802
2427 2428 -11.762802
2428 3385 -11.762802
2428 3386 -11.762802
2429 3385 -11.762802
2429 3387 -11.762802
2430 3388 -11.762802
2431 3388 -11.762802
2432 2433 -11.762802
2433 3389 -11.762802
2434 2435 -11.762802
2434 2436 -11.762802
2435 3389 -11.762802
2436 3390 -11.762802
2437 2438 -11.762802
2437 2439 -11.762802
2438 3390 -11.762802
2439 3391 -11.762802
2440 2441 -11.762802
2440 2442 -11.762802
2441 3391 -11.762802
2442 3392 -11.762802
2443 2444 -11.762802
2443 2445 -11.762802
2444 3392 -11.762802
2445 3393 -11.762802
2446 2447 -11.762802
2446 2448 -11.762802
2447 3393 -11.762802
2448 3394 -11.762802
2449 2450 -11.762802
2450 3394 -11.762802
2451 2452 -11.762802
2452 3395 -11.762802
2453 2454 -11.762802
2454 3396 -11.762802
2455 2456 -11.762802
2455 2505 -11.762802
2456 3396 -11.762802
2457 2458 -11.762802
2458 2459 -11.762802
2459 2460 -11.762802
2459 2463 -11.762802
2459 2464 -11.762802
2459 2471 -11.762802
2460 3397 -11.762802
2461 2462 -11.762802
2461 2463 -11.762802
2462 3398 -11.762802
2464 3399 -11.762802
2465 2466 -11.762802
2466 3400 -11.762802
2467 2468 -11.762802
2468 3401 -11.762802
2469 2470 -11.762802
2470 3401 -11.762802
2471 3399 -11.762802
2472 2473 -11.762802
2473 3402 -11.762802
2474 2475 -11.762802
2475 3403 -11.762802
2476 2477 -11.762802
2477 3404 -11.762802
2478 2479 -11.762802
2479 2480 -11.762802
2480 2481 -11.762802
2481 3405 -11.762802
2482 2483 -11.762802
2483 2484 -11.762802
2484 2485 -11.762802
2485 2486 -11.762802
2486 2487 -11.762802
2488 2489 -11.762802
2489 3081 -11.762802
2489 3406 -11.762802
2490 2491 -11.762802
2491 3081 -11.762802
2491 3406 -11.762802
2492 2493 -11.762802
2493 2907 -11.762802
2493 3407 -11.762802
2494 3408 -11.762802
2495 2496 -11.762802
2496 3409 -11.762802
2497 2498 -11.762802
2498 3410 -11.762802
2499 2500 -11.762802
2501 2502 -11.762802
2502 3388 -11.762802
2503 2504 -11.762802
2504 3411 -11.762802
2505 3412 -11.762802
2506 2507 -11.762802
2507 3413 -11.762802
2508 2509 -11.762802
2509 3414 -11.762802
2510 2511 -11.762802
2514 3121 -11.762802
2515 2516 -11.762802
2515 2517 -11.762802
2517 2518 -11.762802
2518 2519 -11.762802
2519 2520 -11.762802
2520 2521 -11.762802
2520 3415 -11.762802
2522 2523 -11.762802
2523 2526 -11.762802
2523 3416 -11.762802
2524 2525 -11.762802
2525 3417 -11.762802
2526 2527 -11.762802
2526 2528 -11.762802
2527 2530 -11.762802
2528 2529 -11.762802
2528 3418 -11.762802
2529 2537 -11.762802
2529 2539 -11.762802
2529 2548 -11.762802
2530 2531 -11.762802
2531 3418 -11.762802
2532 2533 -11.762802
2533 3419 -11.762802
2534 2535 -11.762802
2534 2536 -11.762802
2534 2537 -11.762802
2535 3420 -11.762802
2536 2538 -11.762802
2537 2540 -11.762802
2538 2539 -11.762802
2539 3421 -11.762802
2540 2541 -11.762802
2540 2542 -11.762802
2540 2544 -11.762802
2541 3421 -11.762802
2542 2545 -11.762802
2543 2544 -11.762802
2545 2546 -11.762802
2546 2549 -11.762802
2547 2548 -11.762802
2548 2549 -11.762802
2549 2550 -11.762802
2550 3422 -11.762802
2551 2552 -11.762802
2551 3423 -11.762802
2553 2554 -11.762802
2553 3424 -11.762802
2555 2556 -11.762802
2555 2557 -11.762802
2556 3425 -11.762802
2557 3426 -11.762802
2557 3427 -11.762802
2558 2559 -11.762802
2558 2561 -11.762802
2559 2560 -11.762802
2560 2561 -11.762802
2561 2907 -11.762802
2562 2563 -11.762802
2562 3428 -11.762802
2563 2566 -11.762802
2564 3429 -11.762802
2565 3430 -11.762802
2566 3431 -11.762802
2567 3432 -11.762802
2568 2569 -11.762802
2568 2570 -11.762802
2568 2575 -11.762802
2569 2571 -11.762802
2570 2573 -11.762802
2571 2572 -11.762802
2571 2575 -11.762802
2572 3433 -11.762802
2573 2574 -11.762802
2573 2576 -11.762802
2573 2577 -11.762802
2574 3433 -11.762802
2576 3434 -11.762802
2577 3435 -11.762802
2578 2579 -11.762802
2578 2580 -11.762802
2579 2581 -11.762802
2580 3436 -11.762802
2581 2582 -11.762802
2582 3437 -11.762802
2583 2584 -11.762802
2583 2585 -11.762802
2583 2586 -11.762802
2583 2587 -11.762802
2584 3438 -11.762802
2585 3439 -11.762802
2586 3440 -11.762802
2587 3440 -11.762802
2588 2589 -11.762802
2588 2590 -11.762802
2588 2591 -11.762802
2589 3441 -11.762802
2590 3436 -11.762802
2591 3442 -11.762802
2592 2593 -11.762802
2592 2594 -11.762802
2593 3443 -11.762802
2594 3444 -11.762802
2595 2596 -11.762802
2595 2597 -11.762802
2596 3445 -11.762802
2597 3446 -11.762802
2598 2599 -11.762802
2599 2600 -11.762802
2600 2601 -11.762802
2601 3447 -11.762802
2602 2603 -11.762802
2603 3448 -11.762802
2604 2605 -11.762802
2604 2606 -11.762802
2605 3449 -11.762802
2606 3450 -11.762802
2607 2608 -11.762802
2608 3451 -11.762802
2609 2610 -11.762802
2609 2611 -11.762802
2609 2612 -11.762802
2609 2613 -11.762802
2610 3452 -11.762802
2611 3453 -11.762802
2612 3454 -11.762802
2613 3455 -11.762802
2614 2615 -11.762802
2615 2616 -11.762802
2616 2617 -11.762802
2617 3456 -11.762802
2618 2619 -11.762802
2619 2620 -11.762802
2620 2621 -11.762802
2621 3457 -11.762802
2622 2623 -11.762802
2622 2624 -11.762802
2622 2627 -11.762802
2623 2625 -11.762802
2624 3458 -11.762802
2625 2626 -11.762802
2625 2628 -11.762802
2626 2629 -11.762802
2627 2962 -11.762802
2627 3459 -11.762802
2628 2994 -11.762802
2628 3459 -11.762802
2629 2630 -11.762802
2630 3459 -11.762802
2631 2632 -11.762802
2631 3460 -11.762802
2633 2634 -11.762802
2633 2637 -11.762802
2634 2638 -11.762802
2635 2636 -11.762802
2635 2639 -11.762802
2636 2640 -11.762802
2637 2638 -11.762802
2637 3123 -11.762802
2639 2640 -11.762802
2639 3123 -11.762802
2641 2642 -11.762802
2642 3461 -11.762802
2643 2644 -11.762802
2643 3462 -11.762802
2645 3463 -11.762802
2646 3464 -11.762802
2647 3465 -11.762802
2648 2649 -11.762802
2648 2651 -11.762802
2650 2651 -11.762802
2650 3466 -11.762802
2652 2653 -11.762802
2653 3035 -11.762802
2653 3467 -11.762802
2654 2655 -11.762802
2655 3035 -11.762802
2658 2659 -11.762802
2659 3379 -11.762802
2663 2890 -11.762802
2664 2665 -11.762802
2666 2667 -11.762802
2668 2669 -11.762802
2670 2671 -11.762802
2672 2673 -11.762802
2674 2907 -11.762802
2677 2678 -11.762802
2678 3029 -11.762802
2679 2680 -11.762802
2680 3468 -11.762802
2681 2682 -11.762802
2682 3469 -11.762802
2683 2684 -11.762802
2684 3470 -11.762802
2685 2686 -11.762802
2686 3471 -11.762802
2687 2688 -11.762802
2688 3472 -11.762802
2689 2690 -11.762802
2690 3473 -11.762802
2691 2692 -11.762802
2692 3474 -11.762802
2693 2694 -11.762802
2694 3475 -11.762802
2695 2696 -11.762802
2696 3476 -11.762802
2697 2698 -11.762802
2698 3477 -11.762802
2699 2700 -11.762802
2701 2815 -11.762802
2702 2703 -11.762802
2702 2708 -11.762802
2703 3478 -11.762802
2704 2705 -11.762802
2705 3479 -11.762802
2706 3480 -11.762802
2708 3478 -11.762802
2710 2711 -11.762802
2711 3481 -11.762802
2712 2713 -11.762802
2713 3082 -11.762802
2714 2715 -11.762802
2719 2720 -11.762802
2719 3482 -11.762802
2721 2722 -11.762802
2722 3483 -11.762802
2723 2724 -11.762802
2724 3484 -11.762802
2725 2726 -11.762802
2726 3485 -11.762802
2727 3486 -11.762802
2728 2730 -11.762802
2729 2730 -11.762802
2729 3487 -11.762802
2731 2732 -11.762802
2731 3488 -11.762802
2732 2733 -11.762802
2733 3489 -11.762802
2734 3490 -11.762802
2735 2736 -11.762802
2736 3491 -11.762802
2737 2738 -11.762802
2738 2739 -11.762802
2738 3492 -11.762802
2740 2741 -11.762802
2741 3493 -11.762802
2742 2743 -11.762802
2743 3493 -11.762802
2744 2745 -11.762802
2744 2746 -11.762802
2747 2748 -11.762802
2747 2749 -11.762802
2748 3494 -11.762802
2749 2750 -11.762802
2750 2751 -11.762802
2751 2752 -11.762802
2752 2753 -11.762802
2753 3494 -11.762802
2754 2755 -11.762802
2754 2756 -11.762802
2754 2759 -11.762802
2754 2760 -11.762802
2755 3495 -11.762802
2756 2757 -11.762802
2757 2758 -11.762802
2758 3496 -11.762802
2759 3497 -11.762802
2760 2761 -11.762802
2761 2762 -11.762802
2761 2763 -11.762802
2762 3498 -11.762802
2763 3499 -11.762802
2764 2765 -11.762802
2764 2782 -11.762802
2764 2783 -11.762802
2765 2766 -11.762802
2766 2767 -11.762802
2767 2768 -11.762802
2768 2769 -11.762802
2769 3500 -11.762802
2770 2860 -11.762802
2771 2772 -11.762802
2771 2773 -11.762802
2771 2774 -11.762802
2772 2775 -11.762802
2773 3501 -11.762802
2774 3502 -11.762802
2775 2776 -11.762802
2775 2777 -11.762802
2775 2778 -11.762802
2775 2779 -11.762802
2776 3503 -11.762802
2777 3504 -11.762802
2778 3505 -11.762802
2779 3506 -11.762802
2780 2781 -11.762802
2780 3507 -11.762802
2782 3508 -11.762802
2783 2784 -11.762802
2784 2785 -11.762802
2785 3509 -11.762802
2786 2787 -11.762802
2787 2788 -11.762802
2787 2789 -11.762802
2788 3224 -11.762802
2789 3510 -11.762802
2792 2793 -11.762802
2793 3511 -11.762802
2794 2795 -11.762802
2795 3512 -11.762802
2796 2797 -11.762802
2797 3513 -11.762802
2798 2799 -11.762802
2799 3514 -11.762802
2800 2801 -11.762802
2801 2802 -11.762802
2802 2803 -11.762802
2803 2804 -11.762802
2803 3515 -11.762802
2805 2806 -11.762802
2805 3516 -11.762802
2807 2808 -11.762802
2810 2811 -11.762802
2810 2812 -11.762802
2812 2813 -11.762802
2814 2908 -11.762802
2814 3517 -11.762802
2815 2816 -11.762802
2816 3518 -11.762802
2817 2818 -11.762802
2817 2819 -11.762802
2818 2997 -11.762802
2818 3220 -11.762802
2819 2820 -11.762802
2824 3032 -11.762802
2826 2827 -11.762802
2827 3519 -11.762802
2828 2829 -11.762802
2829 3520 -11.762802
2830 2831 -11.762802
2831 2832 -11.762802
2832 2833 -11.762802
2833 3521 -11.762802
2834 2835 -11.762802
2835 3522 -11.762802
2836 2837 -11.762802
2837 3523 -11.762802
2838 2839 -11.762802
2840 2841 -11.762802
2841 3461 -11.762802
2842 3466 -11.762802
2843 2844 -11.762802
